"","station_id","station_name","lat","long","start_n","end_n","e_start_n","e_end_n","c_start_n","c_end_n","total","classic","electric"
"1",2,"Buckingham Fountain",41.8763738333333,-87.6203228333333,850,773,167,176,683,597,1623,1280,343
"2",3,"Shedd Aquarium",41.8672176666667,-87.6152961666667,1736,1363,437,296,1299,1067,3099,2366,733
"3",4,"Burnham Harbor",41.8562698333333,-87.6132343333333,1085,1053,173,152,912,901,2138,1813,325
"4",5,"State St & Harrison St",41.8739988333333,-87.6276988333333,623,650,230,228,393,422,1273,815,458
"5",6,"Dusable Harbor",41.8869428333333,-87.6128353333333,1237,1193,309,285,928,908,2430,1836,594
"6",7,"Field Blvd & South Water St",41.8861223333333,-87.617728,956,968,369,379,587,589,1924,1176,748
"7",9,"Leavitt St & Archer Ave",41.8287346666667,-87.6806326666667,59,64,12,11,47,53,123,100,23
"8",11,"Jeffery Blvd & 71st St",41.766618,-87.5765323333333,38,43,26,26,12,17,81,29,52
"9",12,"South Shore Dr & 71st St",41.7664478333333,-87.5656763333333,191,182,86,78,105,104,373,209,164
"10",13,"Wilton Ave & Diversey Pkwy",41.9324753333333,-87.6527216666667,1440,1477,518,513,922,964,2917,1886,1031
"11",14,"Morgan St & 18th St",41.85807,-87.6510286666667,338,328,123,125,215,203,666,418,248
"12",15,"Racine Ave & 18th St",41.8582841666667,-87.656478,436,436,176,159,260,277,872,537,335
"13",16,"Paulina Ave & North Ave",41.9102771666667,-87.6701211666667,756,761,263,259,493,502,1517,995,522
"14",17,"Honore St & Division St",41.9031375,-87.6739445,941,912,357,346,584,566,1853,1150,703
"15",18,"Wacker Dr & Washington St",41.8833921666667,-87.6374375,680,654,309,312,371,342,1334,713,621
"16",19,"Throop St & Taylor St",41.8688203333333,-87.6591195,631,641,185,186,446,455,1272,901,371
"17",20,"Sheffield Ave & Kingsbury St",41.9106613333333,-87.653213,1237,1326,413,421,824,905,2563,1729,834
"18",21,"Aberdeen St & Jackson Blvd",41.8777535,-87.6548258333333,974,967,325,329,649,638,1941,1287,654
"19",22,"May St & Taylor St",41.8695391666667,-87.6555378333333,768,763,220,213,548,550,1531,1098,433
"20",23,"Orleans St & Elm St",41.9028866666667,-87.6378103333333,429,440,128,133,301,307,869,608,261
"21",24,"Fairbanks Ct & Grand Ave",41.8922846666667,-87.6212106666667,1996,2001,698,687,1298,1314,3997,2612,1385
"22",25,"Michigan Ave & Pearson St",41.8970248333333,-87.6235001666667,1153,1181,333,318,820,863,2334,1683,651
"23",26,"McClurg Ct & Illinois St",41.8902358333333,-87.6175273333333,1607,1613,568,543,1039,1070,3220,2109,1111
"24",27,"Larrabee St & North Ave",41.910145,-87.6434898333333,574,558,199,185,375,373,1132,748,384
"25",28,"Larrabee St & Menomonee St",41.9146985,-87.6433978333333,522,502,155,142,367,360,1024,727,297
"26",29,"Noble St & Milwaukee Ave",41.9007003333333,-87.6625715,736,701,243,237,493,464,1437,957,480
"27",30,"Ashland Ave & Augusta Blvd",41.8996391666667,-87.6684341666667,579,535,151,149,428,386,1114,814,300
"28",31,"Franklin St & Chicago Ave",41.8968153333333,-87.6356963333333,1283,1203,509,499,774,704,2486,1478,1008
"29",32,"Racine Ave & Congress Pkwy",41.8746785,-87.6570448333333,335,306,83,87,252,219,641,471,170
"30",33,"State St & Van Buren St",41.8770546666667,-87.6275815,673,654,175,160,498,494,1327,992,335
"31",34,"Cannon Dr & Fullerton Ave",41.9267058333333,-87.6344825,478,453,104,90,374,363,931,737,194
"32",35,"Streeter Dr & Grand Ave",41.8921786666667,-87.6120421666667,2504,2557,522,517,1982,2040,5061,4022,1039
"33",36,"Franklin St & Jackson Blvd",41.8780821666667,-87.6350603333333,1359,1135,477,405,882,730,2494,1612,882
"34",37,"Dearborn St & Adams St",41.8788875,-87.6291341666667,711,676,183,174,528,502,1387,1030,357
"35",38,"Clark St & Lake St",41.8859015,-87.6311956666667,1561,1484,501,487,1060,997,3045,2057,988
"36",39,"Wabash Ave & Adams St",41.8795263333333,-87.6256711666667,774,762,245,232,529,530,1536,1059,477
"37",40,"LaSalle St & Adams St",41.879812,-87.6319096666667,377,350,118,105,259,245,727,504,223
"38",41,"Federal St & Polk St",41.8720155,-87.630302,1487,1456,471,455,1016,1001,2943,2017,926
"39",42,"Wabash Ave & Cermak Rd",41.8525165,-87.6265323333333,214,231,97,98,117,133,445,250,195
"40",43,"Michigan Ave & Washington St",41.8840046666667,-87.6247195,1780,1848,510,519,1270,1329,3628,2599,1029
"41",44,"State St & Randolph St",41.8846938333333,-87.6279526666667,1464,1465,474,467,990,998,2929,1988,941
"42",45,"Michigan Ave & Ida B Wells Dr",41.8761875,-87.6246336666667,498,443,163,140,335,303,941,638,303
"43",46,"Wells St & Walton St",41.89997,-87.6344576666667,912,690,225,174,687,516,1602,1203,399
"44",47,"State St & Kinzie St",41.889207,-87.6279153333333,1584,1728,605,610,979,1118,3312,2097,1215
"45",48,"Larrabee St & Kingsbury St",41.8975933333333,-87.643276,1259,1116,507,449,752,667,2375,1419,956
"46",49,"Dearborn St & Monroe St",41.8810636666667,-87.6288896666667,1547,1469,504,441,1043,1028,3016,2071,945
"47",50,"Clark St & Ida B Wells Dr",41.8758986666667,-87.6308346666667,451,423,123,112,328,311,874,639,235
"48",51,"Clark St & Randolph St",41.8844773333333,-87.631176,1002,1076,320,291,682,785,2078,1467,611
"49",52,"Michigan Ave & Lake St",41.885921,-87.6245481666667,2141,2163,616,588,1525,1575,4304,3100,1204
"50",53,"Wells St & Huron St",41.8949798333333,-87.634483,2691,2500,1100,1022,1591,1478,5191,3069,2122
"51",54,"Ogden Ave & Chicago Ave",41.8963465,-87.6541441666667,815,809,324,318,491,491,1624,982,642
"52",55,"Halsted St & Roosevelt Rd",41.8673561666667,-87.6486651666667,403,405,95,89,308,316,808,624,184
"53",56,"Desplaines St & Kinzie St",41.8884556666667,-87.6442516666667,2411,2174,897,842,1514,1332,4585,2846,1739
"54",57,"Clinton St & Roosevelt Rd",41.8673153333333,-87.6410251666667,609,697,254,249,355,448,1306,803,503
"55",58,"Marshfield Ave & Cortland St",41.9160628333333,-87.6688558333333,766,739,252,243,514,496,1505,1010,495
"56",59,"Wabash Ave & Roosevelt Rd",41.8671488333333,-87.625991,2080,2203,641,625,1439,1578,4283,3017,1266
"57",60,"Dayton St & North Ave",41.9106321666667,-87.64945,893,1014,317,317,576,697,1907,1273,634
"58",61,"Wood St & Milwaukee Ave",41.90756,-87.6725218333333,1136,1181,395,397,741,784,2317,1525,792
"59",62,"McCormick Place",41.8513816666667,-87.6188563333333,124,91,35,31,89,60,215,149,66
"60",66,"Clinton St & Lake St",41.8855071666667,-87.6419476666667,1140,1128,383,390,757,738,2268,1495,773
"61",67,"Sheffield Ave & Fullerton Ave",41.9255106666667,-87.6537461666667,989,930,293,292,696,638,1919,1334,585
"62",68,"Clinton St & Tilden St",41.875888,-87.6407315,266,222,86,84,180,138,488,318,170
"63",69,"Damen Ave & Pierce Ave",41.9093965,-87.6777471666667,1389,1543,530,527,859,1016,2932,1875,1057
"64",71,"Morgan St & Lake St",41.885509,-87.6524495,1240,1536,534,571,706,965,2776,1671,1105
"65",72,"Wabash Ave & 16th St",41.8603026666667,-87.6259061666667,799,789,210,198,589,591,1588,1180,408
"66",73,"Jefferson St & Monroe St",41.8804096666667,-87.6427173333333,790,739,280,275,510,464,1529,974,555
"67",74,"Kingsbury St & Erie St",41.8941678333333,-87.6416713333333,1747,1662,619,593,1128,1069,3409,2197,1212
"68",75,"Canal St & Jackson Blvd",41.8772528333333,-87.6396315,324,303,102,104,222,199,627,421,206
"69",76,"Lake Shore Dr & Monroe St",41.880965,-87.616753,2987,2935,596,567,2391,2368,5922,4759,1163
"70",77,"Clinton St & Madison St",41.8817623333333,-87.6410155,1574,1548,489,470,1085,1078,3122,2163,959
"71",80,"Aberdeen St & Monroe St",41.8803625,-87.6555238333333,712,766,268,276,444,490,1478,934,544
"72",81,"Daley Center Plaza",41.8836968333333,-87.6293306666667,1786,1802,513,527,1273,1275,3588,2548,1040
"73",84,"Milwaukee Ave & Grand Ave",41.891585,-87.648419,1328,1334,533,523,795,811,2662,1606,1056
"74",85,"Michigan Ave & Oak St",41.9009595,-87.623718,2229,2287,629,598,1600,1689,4516,3289,1227
"75",86,"Eckhart Park",41.896349,-87.661001,830,794,266,258,564,536,1624,1100,524
"76",87,"Racine Ave & Fullerton Ave",41.9257013333333,-87.6586441666667,849,847,255,258,594,589,1696,1183,513
"77",88,"Racine Ave & Randolph St",41.8840965,-87.6569526666667,328,394,138,138,190,256,722,446,276
"78",89,"Financial Pl & Ida B Wells Dr",41.8749888333333,-87.6330968333333,547,528,152,145,395,383,1075,778,297
"79",90,"Millennium Park",41.8810905,-87.6240866666667,2493,2775,702,700,1791,2075,5268,3866,1402
"80",91,"Clinton St & Washington Blvd",41.8833521666667,-87.64121,1105,1093,319,316,786,777,2198,1563,635
"81",92,"Carpenter St & Huron St",41.8945058333333,-87.6534145,839,811,367,342,472,469,1650,941,709
"82",93,"Sheffield Ave & Willow St",41.9137868333333,-87.6528488333333,1205,1280,367,364,838,916,2485,1754,731
"83",94,"Clark St & Armitage Ave",41.9183378333333,-87.6363003333333,2655,2463,878,825,1777,1638,5118,3415,1703
"84",95,"Stony Island Ave & 64th St",41.778831,-87.5866546666667,36,30,22,16,14,14,66,28,38
"85",96,"Desplaines St & Randolph St",41.8846453333333,-87.6444963333333,909,868,268,265,641,603,1777,1244,533
"86",97,"Field Museum",41.8652808333333,-87.6181016666667,444,354,96,77,348,277,798,625,173
"87",98,"LaSalle St & Washington St",41.8825916666667,-87.6322935,843,857,305,297,538,560,1700,1098,602
"88",99,"Lake Shore Dr & Ohio St",41.8924923333333,-87.6142385,1382,1261,470,428,912,833,2643,1745,898
"89",100,"Orleans St & Merchandise Mart Plaza",41.8879541666667,-87.637404,1381,1058,409,314,972,744,2439,1716,723
"90",101,"63rd St Beach",41.7811675,-87.576039,197,178,57,49,140,129,375,269,106
"91",102,"Stony Island Ave & 67th St",41.7734621666667,-87.5853716666667,58,45,24,19,34,26,103,60,43
"92",103,"Clinton St & Polk St",41.8714698333333,-87.6409506666667,85,114,26,31,59,83,199,142,57
"93",106,"State St & Pearson St",41.8975385,-87.6286266666667,951,924,334,332,617,592,1875,1209,666
"94",107,"Desplaines St & Jackson Blvd",41.8782883333333,-87.6442603333333,1064,1084,357,360,707,724,2148,1431,717
"95",108,"Halsted St & Polk St",41.871811,-87.6466406666667,751,791,180,185,571,606,1542,1177,365
"96",109,"900 W Harrison St",41.8747433333333,-87.6497686666667,523,522,161,156,362,366,1045,728,317
"97",110,"Dearborn St & Erie St",41.8941791666667,-87.6292641666667,2569,2610,1010,1010,1559,1600,5179,3159,2020
"98",111,"Sedgwick St & Huron St",41.8946793333333,-87.638265,1219,1175,462,445,757,730,2394,1487,907
"99",112,"Green St & Randolph St",41.8835198333333,-87.648573,1379,1522,568,579,811,943,2901,1754,1147
"100",113,"Bissell St & Armitage Ave",41.918513,-87.6522533333333,1587,1619,523,526,1064,1093,3206,2157,1049
"101",114,"Sheffield Ave & Waveland Ave",41.949219,-87.6545298333333,1297,1365,400,405,897,960,2662,1857,805
"102",115,"Sheffield Ave & Wellington Ave",41.936253,-87.6525951666667,1552,1567,469,466,1083,1101,3119,2184,935
"103",116,"Western Ave & Winnebago Ave",41.9154176666667,-87.6870441666667,615,601,202,199,413,402,1216,815,401
"104",117,"Wilton Ave & Belmont Ave",41.9401971666667,-87.6529301666667,1857,1933,589,605,1268,1328,3790,2596,1194
"105",118,"Sedgwick St & North Ave",41.9114123333333,-87.638655,1256,1198,323,314,933,884,2454,1817,637
"106",119,"Ashland Ave & Lake St",41.8858641666667,-87.6671528333333,250,253,82,83,168,170,503,338,165
"107",120,"Wentworth Ave & Cermak Rd",41.853177,-87.6318415,565,660,175,174,390,486,1225,876,349
"108",121,"Blackstone Ave & Hyde Park Blvd",41.8025783333333,-87.5903261666667,629,592,209,199,420,393,1221,813,408
"109",122,"Ogden Ave & Congress Pkwy",41.8750281666667,-87.6731086666667,228,207,75,75,153,132,435,285,150
"110",123,"California Ave & Milwaukee Ave",41.9226585,-87.6970651666667,887,867,495,486,392,381,1754,773,981
"111",124,"Damen Ave & Cullerton St",41.8549098333333,-87.6762281666667,186,184,102,96,84,88,370,172,198
"112",125,"Rush St & Hubbard St",41.8903096666667,-87.6262593333333,880,858,298,281,582,577,1738,1159,579
"113",126,"Clark St & North Ave",41.9119601666667,-87.6319978333333,1259,1295,374,367,885,928,2554,1813,741
"114",127,"Lincoln Ave & Fullerton Ave",41.925989,-87.6494013333333,1862,1868,697,697,1165,1171,3730,2336,1394
"115",128,"Damen Ave & Chicago Ave",41.8956035,-87.6770931666667,667,738,300,290,367,448,1405,815,590
"116",129,"Blue Island Ave & 18th St",41.8575016666667,-87.6617026666667,420,438,143,142,277,296,858,573,285
"117",130,"Damen Ave & Division St",41.9032981666667,-87.678603,753,708,282,258,471,450,1461,921,540
"118",131,"Lincoln Ave & Belmont Ave",41.9392573333333,-87.6683453333333,871,879,291,288,580,591,1750,1171,579
"119",132,"Wentworth Ave & 24th St (Temp)",41.85008,-87.6322096666667,184,220,45,48,139,172,404,311,93
"120",133,"Kingsbury St & Kinzie St",41.8891621666667,-87.6384005,2582,2482,940,897,1642,1585,5064,3227,1837
"121",134,"Peoria St & Jackson Blvd",41.8777336666667,-87.6495488333333,1054,1069,415,417,639,652,2123,1291,832
"122",135,"Halsted St & 21st St",41.8535401666667,-87.6463161666667,89,85,27,33,62,52,174,114,60
"123",136,"Racine Ave & 13th St",41.8650448333333,-87.6570475,115,113,48,39,67,74,228,141,87
"124",137,"Morgan Ave & 14th Pl",41.8624011666667,-87.6511213333333,346,329,92,87,254,242,675,496,179
"125",138,"Clybourn Ave & Division St",41.90457,-87.640703,603,617,164,166,439,451,1220,890,330
"126",140,"Dearborn Pkwy & Delaware Pl",41.8989088333333,-87.6299661666667,2148,2145,772,773,1376,1372,4293,2748,1545
"127",141,"Clark St & Lincoln Ave",41.9157645,-87.634635,2461,2528,748,745,1713,1783,4989,3496,1493
"128",142,"McClurg Ct & Erie St",41.8950236666667,-87.6188165,1785,1698,621,570,1164,1128,3483,2292,1191
"129",143,"Sedgwick St & Webster Ave",41.9221443333333,-87.6388905,1202,1179,352,347,850,832,2381,1682,699
"130",144,"Larrabee St & Webster Ave",41.9218166666667,-87.6440693333333,2017,2071,611,604,1406,1467,4088,2873,1215
"131",145,"Mies van der Rohe Way & Chestnut St",41.89873,-87.6223881666667,1694,1597,537,476,1157,1121,3291,2278,1013
"132",146,"Loomis St & Jackson Blvd",41.8779151666667,-87.6620353333333,440,457,119,118,321,339,897,660,237
"133",147,"Indiana Ave & 26th St",41.845688,-87.6225916666667,348,345,172,175,176,170,693,346,347
"134",148,"State St & 33rd St",41.8347621666667,-87.6258386666667,724,730,241,241,483,489,1454,972,482
"135",149,"Calumet Ave & 33rd St",41.8347845,-87.6178561666667,371,383,129,135,242,248,754,490,264
"136",150,"Fort Dearborn Dr & 31st St",41.8384748333333,-87.608146,679,651,120,114,559,537,1330,1096,234
"137",152,"Lincoln Ave & Diversey Pkwy",41.9321278333333,-87.6586243333333,1220,1218,404,404,816,814,2438,1630,808
"138",153,"Southport Ave & Wellington Ave",41.9357671666667,-87.6638266666667,979,972,363,361,616,611,1951,1227,724
"139",154,"Southport Ave & Belmont Ave",41.9389618333333,-87.6638473333333,878,871,307,305,571,566,1749,1137,612
"140",156,"Clark St & Wellington Ave",41.9365183333333,-87.6476826666667,1636,1653,436,436,1200,1217,3289,2417,872
"141",157,"Lake Shore Dr & Wellington Ave",41.9367743333333,-87.6368246666667,1771,1779,403,394,1368,1385,3550,2753,797
"142",158,"Milwaukee Ave & Wabansia Ave",41.9126541666667,-87.6814718333333,1026,1061,364,353,662,708,2087,1370,717
"143",159,"Claremont Ave & Hirsch St",41.9077353333333,-87.6858415,187,176,64,60,123,116,363,239,124
"144",160,"Campbell Ave & North Ave",41.9104598333333,-87.6895541666667,444,430,208,205,236,225,874,461,413
"145",161,"Rush St & Superior St",41.8952898333333,-87.6263143333333,1508,1552,457,445,1051,1107,3060,2158,902
"146",162,"Damen Ave & Wellington Ave",41.9358921666667,-87.6784536666667,409,408,177,179,232,229,817,461,356
"147",163,"Damen Ave & Clybourn Ave",41.9318931666667,-87.677814,454,460,146,147,308,313,914,621,293
"148",164,"Franklin St & Lake St",41.8859263333333,-87.6355168333333,1165,1065,497,437,668,628,2230,1296,934
"149",165,"Clark St & Grace St",41.9508548333333,-87.6592443333333,1110,1109,371,364,739,745,2219,1484,735
"150",166,"Ashland Ave & Wrightwood Ave",41.9288165,-87.6686123333333,428,486,138,141,290,345,914,635,279
"151",167,"Damen Ave & Coulter St",41.8492163333333,-87.6756553333333,73,66,37,32,36,34,139,70,69
"152",168,"Michigan Ave & 14th St",41.8642931666667,-87.6237476666667,1095,1061,415,405,680,656,2156,1336,820
"153",169,"Canal St & Harrison St",41.8740818333333,-87.6397606666667,209,202,59,61,150,141,411,291,120
"154",170,"Clinton St & 18th St",41.857878,-87.6408555,226,203,75,71,151,132,429,283,146
"155",171,"May St & Cullerton St",41.8551866666667,-87.6541876666667,194,203,72,71,122,132,397,254,143
"156",172,"Rush St & Cedar St",41.902434,-87.627749,1500,1487,530,522,970,965,2987,1935,1052
"157",173,"Mies van der Rohe Way & Chicago Ave",41.8977946666667,-87.62186,1525,1461,565,544,960,917,2986,1877,1109
"158",174,"Canal St & Madison St",41.8823716666667,-87.6395511666667,709,699,257,250,452,449,1408,901,507
"159",175,"Wells St & Polk St",41.872856,-87.6343303333333,990,861,394,343,596,518,1851,1114,737
"160",176,"Clark St & Elm St",41.9027335,-87.631722,3677,3615,1255,1221,2422,2394,7292,4816,2476
"161",177,"Theater on the Lake",41.9262695,-87.6309418333333,2508,2588,494,462,2014,2126,5096,4140,956
"162",178,"State St & 19th St",41.8565433333333,-87.6275716666667,219,230,97,101,122,129,449,251,198
"163",179,"MLK Jr Dr & Pershing Rd",41.8245861666667,-87.6167733333333,133,153,57,56,76,97,286,173,113
"164",180,"Ritchie Ct & Banks St",41.906778,-87.6259136666667,1121,1033,452,425,669,608,2154,1277,877
"165",181,"LaSalle St & Illinois St",41.8909015,-87.6316576666667,1619,1616,587,565,1032,1051,3235,2083,1152
"166",182,"Wells St & Elm St",41.9029778333333,-87.6346753333333,2864,2711,1068,1025,1796,1686,5575,3482,2093
"167",183,"Damen Ave & Thomas St (Augusta Blvd)",41.901283,-87.6774628333333,684,609,230,215,454,394,1293,848,445
"168",184,"State St & 35th St",41.831028,-87.6268746666667,237,271,65,68,172,203,508,375,133
"169",185,"Stave St & Armitage Ave",41.9177131666667,-87.6914701666667,388,390,192,196,196,194,778,390,388
"170",186,"Ogden Ave & Race Ave",41.8917693333333,-87.6587728333333,866,872,367,370,499,502,1738,1001,737
"171",188,"Greenview Ave & Fullerton Ave",41.9253625,-87.66579,893,966,307,308,586,658,1859,1244,615
"172",190,"Southport Ave & Wrightwood Ave",41.9288568333333,-87.663962,772,793,233,227,539,566,1565,1105,460
"173",191,"Canal St & Monroe St",41.8815585,-87.6395781666667,451,372,168,128,283,244,823,527,296
"174",192,"Canal St & Adams St",41.879733,-87.639727,1044,1057,345,340,699,717,2101,1416,685
"175",193,"State St & 29th St",41.8417231666667,-87.6269786666667,62,62,35,27,27,35,124,62,62
"176",194,"Wabash Ave & Wacker Pl",41.8867451666667,-87.6260063333333,1122,1112,350,345,772,767,2234,1539,695
"177",195,"Columbus Dr & Randolph St",41.8846628333333,-87.6196561666667,2511,1782,851,627,1660,1155,4293,2815,1478
"178",196,"Cityfront Plaza Dr & Pioneer Ct",41.8904935,-87.6219621666667,1298,1157,462,415,836,742,2455,1578,877
"179",197,"Michigan Ave & Madison St",41.8819396666667,-87.6252541666667,910,917,298,298,612,619,1827,1231,596
"180",198,"Green St & Madison St",41.8819711666667,-87.6487471666667,1548,1822,619,631,929,1191,3370,2120,1250
"181",199,"Wabash Ave & Grand Ave",41.8915146666667,-87.6269536666667,2365,2546,830,832,1535,1714,4911,3249,1662
"182",200,"MLK Jr Dr & 47th St",41.8098965,-87.6162573333333,87,74,22,17,65,57,161,122,39
"183",201,"Indiana Ave & 40th St",41.8216275,-87.6213871666667,44,43,22,21,22,22,87,44,43
"184",202,"Halsted St & 18th St",41.8574846666667,-87.646002,241,210,86,73,155,137,451,292,159
"185",203,"Western Ave & 21st St",41.8540851666667,-87.6858876666667,166,176,81,74,85,102,342,187,155
"186",204,"Prairie Ave & Garfield Blvd",41.7948583333333,-87.6188141666667,51,45,20,15,31,30,96,61,35
"187",205,"Paulina St & 18th St",41.8579685,-87.668737,367,379,124,125,243,254,746,497,249
"188",206,"Halsted St & Archer Ave",41.8472011666667,-87.6468178333333,109,162,41,57,68,105,271,173,98
"189",207,"Emerald Ave & 28th St",41.8435231666667,-87.6455213333333,218,194,66,47,152,147,412,299,113
"190",208,"Laflin St & Cullerton St",41.854925,-87.6636831666667,185,203,54,49,131,154,388,285,103
"191",209,"Normal Ave & Archer Ave",41.8495148333333,-87.6405591666667,166,174,65,70,101,104,340,205,135
"192",210,"Ashland Ave & Division St",41.9033483333333,-87.6679811666667,1599,1677,554,551,1045,1126,3276,2171,1105
"193",211,"St. Clair St & Erie St",41.8940656666667,-87.6224095,2318,2905,560,862,1758,2043,5223,3801,1422
"194",212,"Wells St & Hubbard St",41.8898343333333,-87.6342828333333,1971,1948,707,693,1264,1255,3919,2519,1400
"195",213,"Leavitt St & North Ave",41.910146,-87.6823336666667,465,457,160,140,305,317,922,622,300
"196",214,"Damen Ave & Grand Ave",41.8916341666667,-87.6770298333333,335,398,128,161,207,237,733,444,289
"197",215,"Damen Ave & Madison St",41.8814063333333,-87.6748816666667,158,143,48,51,110,92,301,202,99
"198",216,"California Ave & Division St",41.9030083333333,-87.6975428333333,356,383,175,171,181,212,739,393,346
"199",217,"Elizabeth (May) St & Fulton St",41.8865675,-87.6584503333333,446,451,184,185,262,266,897,528,369
"200",218,"Wells St & 19th St",41.8568113333333,-87.633778,156,184,59,63,97,121,340,218,122
"201",219,"Damen Ave & Cortland St",41.91596,-87.6773005,760,789,226,226,534,563,1549,1097,452
"202",220,"Clark St & Drummond Pl",41.9312728333333,-87.6441896666667,1960,1926,541,531,1419,1395,3886,2814,1072
"203",222,"Milwaukee Ave & Rockwell St",41.920235,-87.6926485,367,375,150,161,217,214,742,431,311
"204",223,"Clifton Ave & Armitage Ave",41.9182701666667,-87.6571093333333,875,892,319,319,556,573,1767,1129,638
"205",224,"Halsted St & Willow St",41.9138461666667,-87.6489425,900,882,304,297,596,585,1782,1181,601
"206",225,"Halsted St & Dickens Ave",41.9199666666667,-87.6488756666667,1263,1366,382,382,881,984,2629,1865,764
"207",226,"Racine Ave & Belmont Ave",41.9396471666667,-87.6588846666667,1039,1030,381,372,658,658,2069,1316,753
"208",227,"Southport Ave & Waveland Ave",41.9481723333333,-87.663911,1356,1367,441,436,915,931,2723,1846,877
"209",228,"Damen Ave & Melrose Ave",41.9405745,-87.6785665,242,254,100,100,142,154,496,296,200
"210",229,"Southport Ave & Roscoe St",41.9437528333333,-87.6640573333333,1419,1495,447,445,972,1050,2914,2022,892
"211",230,"Lincoln Ave & Roscoe St",41.9434245,-87.6709226666667,981,984,326,323,655,661,1965,1316,649
"212",231,"Sheridan Rd & Montrose Ave",41.9616395,-87.6546531666667,1183,1171,455,450,728,721,2354,1449,905
"213",232,"Pine Grove Ave & Waveland Ave",41.9493405,-87.6462468333333,1698,1692,438,435,1260,1257,3390,2517,873
"214",233,"Sangamon St & Washington Blvd",41.8829491666667,-87.6510323333333,706,767,250,249,456,518,1473,974,499
"215",234,"Clark St & Montrose Ave",41.9615901666667,-87.6663081666667,434,415,122,117,312,298,849,610,239
"216",236,"Sedgwick St & Schiller St",41.9075571666667,-87.6383038333333,390,373,155,144,235,229,763,464,299
"217",237,"MLK Jr Dr & 29th St",41.8419988333333,-87.6169363333333,767,695,267,244,500,451,1462,951,511
"218",238,"Wolcott (Ravenswood) Ave & Montrose Ave",41.9614388333333,-87.6762311666667,436,430,131,127,305,303,866,608,258
"219",239,"Western Ave & Leland Ave",41.9664811666667,-87.6884545,616,648,228,233,388,415,1264,803,461
"220",240,"Sheridan Rd & Irving Park Rd",41.9541696666667,-87.6544265,1041,1026,267,258,774,768,2067,1542,525
"221",241,"Morgan St & Polk St",41.8720166666667,-87.651018,840,786,206,200,634,586,1626,1220,406
"222",242,"Damen Ave & Leland Ave",41.9671258333333,-87.6790515,468,447,151,145,317,302,915,619,296
"223",243,"Lincoln Ave & Sunnyside Ave",41.9629893333333,-87.6847685,508,517,180,189,328,328,1025,656,369
"224",244,"Ravenswood Ave & Irving Park Rd",41.954599,-87.6739033333333,496,494,154,156,342,338,990,680,310
"225",245,"Clarendon Ave & Junior Ter",41.9610385,-87.6495328333333,1030,980,274,269,756,711,2010,1467,543
"226",246,"Ashland Ave & Belle Plaine Ave",41.9560351666667,-87.6688481666667,290,276,89,86,201,190,566,391,175
"227",247,"Shore Dr & 55th St",41.7951666666667,-87.5809353333333,1109,1116,372,334,737,782,2225,1519,706
"228",248,"Woodlawn Ave & 55th St",41.7953288333333,-87.596462,718,677,232,212,486,465,1395,951,444
"229",249,"Montrose Harbor",41.963902,-87.6382181666667,952,882,202,180,750,702,1834,1452,382
"230",250,"Ashland Ave & Wellington Ave",41.9360836666667,-87.6698823333333,523,527,168,168,355,359,1050,714,336
"231",251,"Clarendon Ave & Leland Ave",41.9679495,-87.650137,627,615,207,205,420,410,1242,830,412
"232",252,"Greenwood Ave & 47th St",41.8098798333333,-87.5992088333333,186,173,77,63,109,110,359,219,140
"233",253,"Winthrop Ave & Lawrence Ave",41.9688096666667,-87.657629,411,408,121,127,290,281,819,571,248
"234",254,"Pine Grove Ave & Irving Park Rd",41.9543698333333,-87.648099,1390,1296,384,363,1006,933,2686,1939,747
"235",255,"Indiana Ave & Roosevelt Rd",41.8679823333333,-87.6230238333333,2241,2171,690,636,1551,1535,4412,3086,1326
"236",256,"Broadway & Sheridan Rd",41.9525661666667,-87.6499608333333,1001,968,328,322,673,646,1969,1319,650
"237",257,"Lincoln Ave & Waveland Ave",41.9488311666667,-87.675262,459,473,185,189,274,284,932,558,374
"238",258,"Logan Blvd & Elston Ave",41.9294543333333,-87.684148,519,555,227,218,292,337,1074,629,445
"239",259,"California Ave & Francis Pl (Temp)",41.9185958333333,-87.6974398333333,405,398,224,212,181,186,803,367,436
"240",260,"Kedzie Ave & Milwaukee Ave",41.92955,-87.7077878333333,945,1005,466,451,479,554,1950,1033,917
"241",261,"Hermitage Ave & Polk St",41.8715215,-87.6698098333333,602,592,160,146,442,446,1194,888,306
"242",262,"Halsted St & 37th St",41.8271278333333,-87.645677,87,82,40,37,47,45,169,92,77
"243",263,"Rhodes Ave & 32nd St",41.836744,-87.6134153333333,250,249,90,90,160,159,499,319,180
"244",264,"Stetson Ave & South Water St",41.8867928333333,-87.6218338333333,1000,835,379,343,621,492,1835,1113,722
"245",265,"Cottage Grove Ave & Oakwood Blvd",41.8229468333333,-87.6070766666667,198,179,114,105,84,74,377,158,219
"246",267,"Lake Park Ave & 47th St",41.8094203333333,-87.591873,250,245,98,79,152,166,495,318,177
"247",268,"Lake Shore Dr & North Blvd",41.9116883333333,-87.6267811666667,2249,2401,564,571,1685,1830,4650,3515,1135
"248",270,"Stony Island Ave & 75th St",41.7586591666667,-87.586878,61,63,44,42,17,21,124,38,86
"249",271,"Cottage Grove Ave & 43rd St",41.8164913333333,-87.6065641666667,110,112,70,63,40,49,222,89,133
"250",272,"Indiana Ave & 31st St",41.8387706666667,-87.6218881666667,302,289,101,95,201,194,591,395,196
"251",273,"Michigan Ave & 18th St",41.8578811666667,-87.6245555,962,879,286,258,676,621,1841,1297,544
"252",274,"Racine Ave & 15th St",41.8612505,-87.6565086666667,149,125,31,30,118,95,274,213,61
"253",275,"Ashland Ave & 13th St",41.865181,-87.666505,346,363,128,122,218,241,709,459,250
"254",276,"California Ave & North Ave",41.9103618333333,-87.6972046666667,351,329,126,120,225,209,680,434,246
"255",277,"Ashland Ave & Grand Ave",41.8910963333333,-87.6666773333333,422,414,160,152,262,262,836,524,312
"256",278,"Wallace St & 35th St",41.830624,-87.641253,165,172,51,49,114,123,337,237,100
"257",279,"Halsted St & 35th St",41.8306945,-87.6471091666667,134,153,39,43,95,110,287,205,82
"258",280,"Morgan St & 31st St",41.837772,-87.6512693333333,236,229,95,89,141,140,465,281,184
"259",281,"Western Ave & 24th St",41.8485018333333,-87.6851361666667,75,81,39,42,36,39,156,75,81
"260",282,"Halsted St & Maxwell St",41.8649065,-87.6470756666667,480,467,167,166,313,301,947,614,333
"261",283,"LaSalle St & Jackson Blvd",41.8779936666667,-87.6320401666667,1037,889,454,361,583,528,1926,1111,815
"262",284,"Michigan Ave & Jackson Blvd",41.8777908333333,-87.6240761666667,847,760,215,194,632,566,1607,1198,409
"263",285,"Wood St & Hubbard St",41.88987,-87.6715041666667,322,329,117,114,205,215,651,420,231
"264",286,"Franklin St & Adams St (Temp)",41.8794981666667,-87.6349998333333,464,511,194,208,270,303,975,573,402
"265",287,"Franklin St & Monroe St",41.8801586666667,-87.6352068333333,1131,1049,433,382,698,667,2180,1365,815
"266",288,"Larrabee St & Armitage Ave",41.9181326666667,-87.6437713333333,902,882,298,294,604,588,1784,1192,592
"267",289,"Wells St & Concord Ln",41.9118603333333,-87.6348468333333,2841,2855,957,950,1884,1905,5696,3789,1907
"268",290,"Kedzie Ave & Palmer Ct",41.9215085,-87.7073661666667,453,418,224,213,229,205,871,434,437
"269",291,"Wells St & Evergreen Ave",41.9066905,-87.6352215,2074,1955,761,749,1313,1206,4029,2519,1510
"270",292,"Southport Ave & Clark St",41.9570988333333,-87.6641855,304,287,92,92,212,195,591,407,184
"271",293,"Broadway & Wilson Ave",41.9652131666667,-87.6584021666667,788,803,274,274,514,529,1591,1043,548
"272",294,"Broadway & Berwyn Ave",41.9783283333333,-87.6597721666667,753,764,211,202,542,562,1517,1104,413
"273",295,"Broadway & Argyle St",41.9738633333333,-87.6597581666667,771,755,232,231,539,524,1526,1063,463
"274",296,"Broadway & Belmont Ave",41.9401298333333,-87.6453955,1448,1482,418,414,1030,1068,2930,2098,832
"275",297,"Paulina St & Montrose Ave",41.9614981666667,-87.6714651666667,317,297,116,113,201,184,614,385,229
"276",298,"Lincoln Ave & Belle Plaine Ave",41.9559825,-87.6801975,547,553,192,196,355,357,1100,712,388
"277",299,"Halsted St & Roscoe St",41.9437263333333,-87.6488158333333,1677,1666,587,576,1090,1090,3343,2180,1163
"278",300,"Broadway & Barry Ave",41.93765,-87.644172,2682,2648,683,664,1999,1984,5330,3983,1347
"279",301,"Clark St & Schiller St",41.9080806666667,-87.631652,1897,1641,630,566,1267,1075,3538,2342,1196
"280",302,"Sheffield Ave & Wrightwood Ave",41.9287496666667,-87.6538181666667,1257,1233,373,376,884,857,2490,1741,749
"281",303,"Broadway & Cornelia Ave",41.9455833333333,-87.6463943333333,2024,1939,595,598,1429,1341,3963,2770,1193
"282",304,"Broadway & Waveland Ave",41.9490463333333,-87.6486491666667,1733,1758,501,496,1232,1262,3491,2494,997
"283",305,"Western Ave & Division St",41.9029046666667,-87.6872681666667,475,445,260,261,215,184,920,399,521
"284",306,"Sheridan Rd & Buena Ave",41.958492,-87.6550376666667,777,784,272,267,505,517,1561,1022,539
"285",307,"Southport Ave & Clybourn Ave",41.9207745,-87.6636978333333,618,614,214,208,404,406,1232,810,422
"286",308,"Seeley Ave & Roscoe St",41.9433173333333,-87.6796933333333,383,403,148,147,235,256,786,491,295
"287",309,"Leavitt St & Armitage Ave",41.9178321666667,-87.6823653333333,444,417,164,153,280,264,861,544,317
"288",310,"Damen Ave & Charleston St",41.9202106666667,-87.6780086666667,501,499,170,169,331,330,1000,661,339
"289",311,"Leavitt St & Lawrence Ave",41.9689621666667,-87.6840253333333,215,222,81,82,134,140,437,274,163
"290",312,"Clarendon Ave & Gordon Ter",41.957806,-87.6494391666667,1063,1005,339,325,724,680,2068,1404,664
"291",313,"Lakeview Ave & Fullerton Pkwy",41.9261008333333,-87.6389773333333,1899,1865,600,606,1299,1259,3764,2558,1206
"292",314,"Ravenswood Ave & Berteau Ave",41.9578986666667,-87.673518,336,335,103,97,233,238,671,471,200
"293",315,"Elston Ave & Wabansia Ave",41.9129033333333,-87.6642658333333,237,260,99,97,138,163,497,301,196
"294",316,"Damen Ave & Sunnyside Ave",41.9633206666667,-87.6793091666667,319,313,109,106,210,207,632,417,215
"295",317,"Wood St & Taylor St (Temp)",41.8692995,-87.6735335,578,542,184,166,394,376,1120,770,350
"296",318,"Southport Ave & Irving Park Rd",41.9541783333333,-87.6642851666667,528,519,169,165,359,354,1047,713,334
"297",319,"Greenview Ave & Diversey Pkwy",41.9326015,-87.6659331666667,580,543,200,197,380,346,1123,726,397
"298",320,"Loomis St & Lexington St",41.8721746666667,-87.6614,1306,1264,389,380,917,884,2570,1801,769
"299",321,"Wabash Ave & 9th St",41.870823,-87.6257475,1409,1389,482,468,927,921,2798,1848,950
"300",322,"Kimbark Ave & 53rd St",41.7995786666667,-87.5947505,1089,1112,326,321,763,791,2201,1554,647
"301",323,"Sheridan Rd & Lawrence Ave",41.9694178333333,-87.6547203333333,534,545,186,186,348,359,1079,707,372
"302",324,"Stockton Dr & Wrightwood Ave",41.9313311666667,-87.638686,1630,1607,492,487,1138,1120,3237,2258,979
"303",325,"Clark St & Winnemac Ave",41.973267,-87.6697213333333,611,624,225,228,386,396,1235,782,453
"304",326,"Clark St & Leland Ave",41.9671526666667,-87.6674928333333,877,831,273,266,604,565,1708,1169,539
"305",327,"Sheffield Ave & Webster Ave",41.9217358333333,-87.653787,1382,1370,422,418,960,952,2752,1912,840
"306",328,"Ellis Ave & 58th St",41.788693,-87.6011308333333,701,666,192,191,509,475,1367,984,383
"307",329,"Lake Shore Dr & Diversey Pkwy",41.9325993333333,-87.6363756666667,1438,1410,444,439,994,971,2848,1965,883
"308",330,"Lincoln Ave & Addison St",41.9461356666667,-87.6732275,227,254,70,81,157,173,481,330,151
"309",331,"Halsted St & Clybourn Ave",41.9097126666667,-87.648148,1368,1550,473,480,895,1070,2918,1965,953
"310",332,"Burling St & Diversey Pkwy",41.9331258333333,-87.6477805,1197,1273,318,317,879,956,2470,1835,635
"311",333,"Ashland Ave & Blackhawk St",41.907046,-87.667243,889,886,265,262,624,624,1775,1248,527
"312",334,"Lake Shore Dr & Belmont Ave",41.94077,-87.6391805,1783,1732,519,495,1264,1237,3515,2501,1014
"313",335,"Calumet Ave & 35th St",41.83135,-87.6180196666667,124,126,47,46,77,80,250,157,93
"314",336,"Cottage Grove Ave & 47th St",41.8098461666667,-87.6067583333333,114,110,48,46,66,64,224,130,94
"315",337,"Clark St & Chicago Ave",41.8966315,-87.6307403333333,1363,1178,450,432,913,746,2541,1659,882
"316",338,"Calumet Ave & 18th St",41.8576898333333,-87.6194946666667,649,647,217,214,432,433,1296,865,431
"317",339,"Emerald Ave & 31st St",41.8382355,-87.6451563333333,346,367,91,92,255,275,713,530,183
"318",340,"Clark St & Wrightwood Ave",41.9296758333333,-87.6430991666667,2047,2022,620,608,1427,1414,4069,2841,1228
"319",341,"Adler Planetarium",41.8661211666667,-87.607275,1014,937,250,220,764,717,1951,1481,470
"320",342,"Wolcott Ave & Polk St",41.8712761666667,-87.6737108333333,946,892,318,239,628,653,1838,1281,557
"321",343,"Racine Ave & Wrightwood Ave",41.9288573333333,-87.658984,620,642,194,188,426,454,1262,880,382
"322",344,"Ravenswood Ave & Lawrence Ave",41.9691073333333,-87.6742151666667,973,1002,354,350,619,652,1975,1271,704
"323",345,"Lake Park Ave & 56th St",41.7934011666667,-87.5879828333333,618,606,164,141,454,465,1224,919,305
"324",346,"Ada St & Washington Blvd",41.8828903333333,-87.6611701666667,643,642,207,210,436,432,1285,868,417
"325",347,"Ashland Ave & Grace St",41.9506383333333,-87.6687811666667,440,422,160,150,280,272,862,552,310
"326",348,"California Ave & 21st St",41.8537913333333,-87.6958456666667,67,70,32,28,35,42,137,77,60
"327",349,"Halsted St & Wrightwood Ave",41.9291771666667,-87.649171,1348,1330,410,408,938,922,2678,1860,818
"328",350,"Ashland Ave & Chicago Ave",41.8959585,-87.6677676666667,700,729,299,299,401,430,1429,831,598
"329",351,"Cottage Grove Ave & 51st St",41.8030026666667,-87.6066321666667,124,118,39,31,85,87,242,172,70
"330",352,"Jeffery Blvd & 67th St",41.7735488333333,-87.5774056666667,61,49,41,32,20,17,110,37,73
"331",353,"Clark St & Touhy Ave",42.0125935,-87.6742093333333,66,53,26,24,40,29,119,69,50
"332",354,"Sheridan Rd & Greenleaf Ave",42.0106635,-87.6624375,238,213,65,62,173,151,451,324,127
"333",355,"South Shore Dr & 67th St",41.7736291666667,-87.5673218333333,93,81,27,18,66,63,174,129,45
"334",356,"Stony Island Ave & 71st St",41.766478,-87.5864963333333,28,32,16,14,12,18,60,30,30
"335",359,"Larrabee St & Division St",41.9035323333333,-87.6433453333333,912,883,288,286,624,597,1795,1221,574
"336",364,"Larrabee St & Oak St",41.9003126666667,-87.643005,556,555,211,213,345,342,1111,687,424
"337",365,"Halsted St & North Branch St",41.8992948333333,-87.6484876666667,153,138,55,51,98,87,291,185,106
"338",366,"Loomis St & Archer Ave",41.8416733333333,-87.6573435,86,98,35,39,51,59,184,110,74
"339",367,"Racine Ave & 35th St",41.8305851666667,-87.656189,85,82,28,30,57,52,167,109,58
"340",368,"Ashland Ave & Archer Ave",41.8390608333333,-87.6657055,82,89,42,44,40,45,171,85,86
"341",369,"Wood St & 35th St",41.830117,-87.6703165,73,83,36,38,37,45,156,82,74
"342",370,"Calumet Ave & 21st St",41.8540001666667,-87.6191518333333,185,178,56,54,129,124,363,253,110
"343",373,"Kedzie Ave & Chicago Ave",41.8954868333333,-87.706189,86,98,43,44,43,54,184,97,87
"344",374,"Western Ave & Walton St",41.8984451666667,-87.6864901666667,575,509,173,149,402,360,1084,762,322
"345",375,"Sacramento Blvd & Franklin Blvd",41.8906115,-87.7026771666667,28,33,14,14,14,19,61,33,28
"346",376,"Artesian Ave & Hubbard St",41.8895078333333,-87.6881816666667,332,330,277,279,55,51,662,106,556
"347",377,"Kedzie Ave & Lake St",41.8846453333333,-87.7063435,72,80,47,47,25,33,152,58,94
"348",378,"California Ave & Lake St",41.8844808333333,-87.6963601666667,67,64,37,38,30,26,131,56,75
"349",381,"Western Ave & Monroe St",41.8798053333333,-87.6859703333333,156,175,92,97,64,78,331,142,189
"350",382,"Western Ave & Congress Pkwy",41.8746321666667,-87.6865311666667,278,278,202,196,76,82,556,158,398
"351",383,"Paulina St & Flournoy St",41.873156,-87.669076,961,744,386,246,575,498,1705,1073,632
"352",384,"Halsted St & 51st St",41.8017146666667,-87.6452173333333,7,8,2,3,5,5,15,10,5
"353",385,"Princeton Ave & Garfield Blvd",41.794974,-87.6331053333333,23,14,14,12,9,2,37,11,26
"354",386,"Halsted St & 56th St",41.7930861666667,-87.645067,8,11,3,4,5,7,19,12,7
"355",388,"Halsted St & 63rd St",41.7793868333333,-87.6446713333333,31,25,20,16,11,9,56,20,36
"356",390,"Wentworth Ave & 63rd St",41.7800781666667,-87.6298278333333,16,8,3,3,13,5,24,18,6
"357",391,"Halsted St & 69th St",41.769062,-87.644614,2,1,0,0,2,1,3,3,0
"358",392,"Perry Ave & 69th St",41.7692828333333,-87.6282438333333,20,18,7,5,13,13,38,26,12
"359",393,"Calumet Ave & 71st St",41.7655485,-87.6169841666667,13,12,5,5,8,7,25,15,10
"360",394,"Clark St & 9th St (AMLI)",41.8707318333333,-87.6311071666667,586,463,164,145,422,318,1049,740,309
"361",395,"Jeffery Blvd & 76th St",41.7571441666667,-87.5758458333333,31,27,10,9,21,18,58,39,19
"362",396,"Yates Blvd & 75th St",41.758649,-87.5664178333333,17,10,11,4,6,6,27,12,15
"363",398,"Rainbow Beach",41.7578893333333,-87.5493508333333,46,41,19,16,27,25,87,52,35
"364",399,"South Shore Dr & 74th St",41.7622981666667,-87.559168,76,78,48,48,28,30,154,58,96
"365",400,"Cottage Grove Ave & 71st St",41.765738,-87.6050361666667,2,6,1,0,1,6,8,7,0
"366",401,"Shields Ave & 28th Pl",41.8428028333333,-87.6354588333333,149,137,46,39,103,98,286,201,85
"367",402,"Shields Ave & 31st St",41.838431,-87.6353886666667,259,224,73,67,186,157,483,343,140
"368",403,"Wentworth Ave & 33rd St",41.8345208333333,-87.6318758333333,82,74,14,15,68,59,156,127,29
"369",405,"Wentworth Ave & 35th St",41.8308655,-87.6324248333333,54,46,11,10,43,36,100,79,21
"370",406,"Lake Park Ave & 35th St",41.831271,-87.608855,206,219,45,51,161,168,425,329,96
"371",407,"State St & Pershing Rd",41.823055,-87.626592,53,47,35,27,18,20,100,38,62
"372",408,"Union Ave & Root St",41.8191305,-87.6432941666667,83,72,52,52,31,20,155,51,104
"373",409,"Shields Ave & 43rd St",41.8161501666667,-87.634742,1,3,1,1,0,0,4,0,2
"374",410,"Prairie Ave & 43rd St",41.8166083333333,-87.6193668333333,96,80,26,18,70,62,176,132,44
"375",411,"Halsted St & 47th Pl",41.8081281666667,-87.645642,60,60,34,36,26,24,120,50,70
"376",412,"Princeton Ave & 47th St",41.8093495,-87.6334875,31,23,15,11,16,12,54,28,26
"377",413,"Woodlawn Ave & Lake Park Ave",41.8140625,-87.5969985,135,118,51,48,84,70,253,154,99
"378",414,"Canal St & Taylor St",41.8702063333333,-87.639485,435,456,113,118,322,338,891,660,231
"379",415,"Calumet Ave & 51st St",41.8022498333333,-87.6180798333333,88,86,31,37,57,49,174,106,68
"380",416,"Dorchester Ave & 49th St",41.8057805,-87.5924688333333,128,125,57,57,71,68,253,139,114
"381",417,"Cornell Ave & Hyde Park Blvd",41.8024666666667,-87.586885,762,703,248,227,514,476,1465,990,475
"382",418,"Ellis Ave & 53rd St",41.7993646666667,-87.6009738333333,605,546,208,179,397,367,1151,764,387
"383",419,"Lake Park Ave & 53rd St",41.7997383333333,-87.586265,522,531,179,171,343,360,1053,703,350
"384",420,"Ellis Ave & 55th St",41.7941213333333,-87.6014931666667,1074,1044,287,278,787,766,2118,1553,565
"385",421,"MLK Jr Dr & 56th St",41.7935036666667,-87.6158841666667,37,36,22,22,15,14,73,29,44
"386",422,"DuSable Museum",41.7915645,-87.607864,55,57,18,13,37,44,112,81,31
"387",423,"University Ave & 57th St",41.7914816666667,-87.600056,1139,1131,264,260,875,871,2270,1746,524
"388",424,"Museum of Science and Industry",41.7917706666667,-87.583972,407,390,104,99,303,291,797,594,203
"389",425,"Harper Ave & 59th St",41.7879291666667,-87.5882501666667,331,318,80,72,251,246,649,497,152
"390",426,"Ellis Ave & 60th St",41.7851,-87.6009898333333,1432,1412,383,377,1049,1035,2844,2084,760
"391",427,"Cottage Grove Ave & 63rd St",41.7807758333333,-87.6061348333333,49,52,15,17,34,35,101,69,32
"392",428,"Dorchester Ave & 63rd St",41.7804228333333,-87.5913875,60,66,35,35,25,31,126,56,70
"393",429,"Cottage Grove Ave & 67th St",41.773763,-87.6056125,33,31,22,20,11,11,64,22,42
"394",430,"MLK Jr Dr & 63rd St",41.7800741666667,-87.6159718333333,16,19,7,6,9,13,35,22,13
"395",431,"Eberhart Ave & 61st St",41.7841008333333,-87.6132945,33,34,7,6,26,28,67,54,13
"396",432,"Clark St & Lunt Ave",42.0090793333333,-87.6741995,212,219,116,118,96,101,431,197,234
"397",433,"Kedzie Ave & Harrison St",41.8736588333333,-87.7049045,11,7,3,3,8,4,18,12,6
"398",434,"Ogden Ave & Roosevelt Rd",41.8665013333333,-87.6845158333333,176,156,50,44,126,112,332,238,94
"399",435,"Kedzie Ave & Roosevelt Rd",41.8665116666667,-87.7065013333333,15,21,8,10,7,11,36,18,18
"400",436,"Fairfield Ave & Roosevelt Rd",41.8666305,-87.6945108333333,49,46,34,30,15,16,95,31,64
"401",437,"Washtenaw Ave & Ogden Ave",41.8619391666667,-87.6934871666667,108,94,49,46,59,48,202,107,95
"402",438,"Central Park Ave & Ogden Ave",41.8539023333333,-87.7150141666667,46,46,28,28,18,18,92,36,56
"403",439,"Kedzie Ave & 21st St",41.8535825,-87.7050621666667,56,51,35,35,21,16,107,37,70
"404",440,"Central Park Ave & 24th St",41.8481581666667,-87.715079,15,15,5,6,10,9,30,19,11
"405",441,"Kedzie Ave & 24th St",41.8482195,-87.7054125,19,17,10,6,9,11,36,20,16
"406",442,"California Ave & 23rd Pl",41.8491498333333,-87.6951515,81,60,35,27,46,33,141,79,62
"407",443,"Millard Ave & 26th St",41.8445751666667,-87.7160668333333,43,45,27,26,16,19,88,35,53
"408",444,"Albany Ave & 26th St",41.8445101666667,-87.70206,36,35,10,12,26,23,71,49,22
"409",445,"California Ave & 26th St",41.8440353333333,-87.695283,21,19,10,11,11,8,40,19,21
"410",446,"Western Ave & 28th St",41.841489,-87.6851728333333,8,6,2,2,6,4,14,10,4
"411",447,"Glenwood Ave & Morse Ave",42.0079513333333,-87.6654513333333,326,322,134,127,192,195,648,387,261
"412",448,"Warren Park East",42.0045586666667,-87.6806435,110,110,57,56,53,54,220,107,113
"413",449,"Clark St & Columbia Ave",42.004466,-87.6724378333333,199,204,110,115,89,89,403,178,225
"414",450,"Warren Park West",42.0018015,-87.6887665,85,84,20,23,65,61,169,126,43
"415",451,"Sheridan Rd & Loyola Ave",42.001066,-87.6612328333333,422,428,177,163,245,265,850,510,340
"416",452,"Western Ave & Granville Ave",41.9941865,-87.6893948333333,103,102,45,46,58,56,205,114,91
"417",453,"Clark St & Schreiber Ave",41.9992616666667,-87.671439,248,244,91,85,157,159,492,316,176
"418",454,"Broadway & Granville Ave",41.9947855,-87.6602558333333,714,691,222,221,492,470,1405,962,443
"419",455,"Maplewood Ave & Peterson Ave",41.9902531666667,-87.6935083333333,70,89,42,45,28,44,159,72,87
"420",456,"2112 W Peterson Ave",41.9911681666667,-87.6836256666667,100,102,50,52,50,50,202,100,102
"421",457,"Clark St & Elmdale Ave",41.9904278333333,-87.6697851666667,290,312,112,119,178,193,602,371,231
"422",458,"Broadway & Thorndale Ave",41.989767,-87.6601103333333,546,554,159,157,387,397,1100,784,316
"423",459,"Lakefront Trail & Bryn Mawr Ave",41.9840155,-87.652336,1374,1326,334,322,1040,1004,2700,2044,656
"424",460,"Clark St & Bryn Mawr Ave",41.9835428333333,-87.6692103333333,462,488,157,159,305,329,950,634,316
"425",461,"Broadway & Ridge Ave",41.9841215,-87.6602695,551,539,185,167,366,372,1090,738,352
"426",462,"Winchester (Ravenswood) Ave & Balmoral Ave",41.9797546666667,-87.677648,118,128,43,44,75,84,246,159,87
"427",463,"Clark St & Berwyn Ave",41.9780663333333,-87.6680766666667,865,914,317,318,548,596,1779,1144,635
"428",464,"Damen Ave & Foster Ave",41.9756848333333,-87.6794268333333,381,371,138,132,243,239,752,482,270
"429",465,"Marine Dr & Ainslie St",41.9716375,-87.650237,701,696,216,221,485,475,1397,960,437
"430",466,"Ridge Blvd & Touhy Ave",42.0121508333333,-87.6829198333333,61,57,32,33,29,24,118,53,65
"431",467,"Western Ave & Lunt Ave",42.0085783333333,-87.6903396666667,212,208,109,109,103,99,420,202,218
"432",468,"Budlong Woods Library",41.9837073333333,-87.696439,117,113,43,47,74,66,230,140,90
"433",469,"St. Louis Ave & Balmoral Ave",41.9803675,-87.7160828333333,77,56,9,9,68,47,133,115,18
"434",470,"Kedzie Ave & Foster Ave",41.9756838333333,-87.7092988333333,119,103,52,48,67,55,222,122,100
"435",471,"Francisco Ave & Foster Ave",41.9756551666667,-87.7014128333333,222,216,103,97,119,119,438,238,200
"436",472,"Lincoln Ave & Winona St",41.9749161666667,-87.6927415,278,269,169,166,109,103,547,212,335
"437",474,"Christiana Ave & Lawrence Ave",41.9683153333333,-87.7117778333333,171,174,84,79,87,95,345,182,163
"438",475,"Washtenaw Ave & Lawrence Ave",41.9687971666667,-87.6961851666667,398,400,226,226,172,174,798,346,452
"439",476,"Kedzie Ave & Leland Ave",41.9666958333333,-87.7081068333333,154,166,68,70,86,96,320,182,138
"440",477,"Manor Ave & Leland Ave",41.9659211666667,-87.70083,198,185,100,97,98,88,383,186,197
"441",478,"Rockwell St & Eastwood Ave",41.9658541666667,-87.693669,298,296,139,140,159,156,594,315,279
"442",479,"Drake Ave & Montrose Ave",41.9611668333333,-87.7165685,112,102,35,33,77,69,214,146,68
"443",480,"Albany Ave & Montrose Ave",41.9610565,-87.7058386666667,192,172,86,83,106,89,364,195,169
"444",481,"California Ave & Montrose Ave",41.9610986666667,-87.6954335,299,297,100,97,199,200,596,399,197
"445",482,"Campbell Ave & Montrose Ave",41.961546,-87.691139,367,366,146,146,221,220,733,441,292
"446",483,"Avondale Ave & Irving Park Rd",41.9533466666667,-87.7319823333333,128,145,69,66,59,79,273,138,135
"447",484,"Monticello Ave & Irving Park Rd",41.9539121666667,-87.7191018333333,137,144,90,94,47,50,281,97,184
"448",485,"Sawyer Ave & Irving Park Rd",41.9536925,-87.7092333333333,132,144,80,82,52,62,276,114,162
"449",486,"Oakley Ave & Irving Park Rd",41.954205,-87.6859963333333,183,196,76,62,107,134,379,241,138
"450",487,"California Ave & Byron St",41.9521701666667,-87.6980681666667,230,247,89,84,141,163,477,304,173
"451",488,"Pulaski Rd & Eddy St (Temp)",41.9462393333333,-87.731119,70,66,36,33,34,33,136,67,69
"452",489,"Drake Ave & Addison St",41.9473741666667,-87.71761,55,46,28,26,27,20,101,47,54
"453",490,"Troy St & Elston Ave",41.94518,-87.706632,174,207,85,83,89,124,381,213,168
"454",491,"Talman Ave & Addison St",41.9466321666667,-87.6946555,188,185,71,57,117,128,373,245,128
"455",492,"Leavitt St & Addison St",41.9465436666667,-87.6834621666667,199,184,55,58,144,126,383,270,113
"456",493,"Western Ave & Roscoe St",41.943092,-87.6873958333333,252,250,92,89,160,161,502,321,181
"457",494,"Kedzie Ave & Bryn Mawr Ave",41.98226,-87.708902,110,111,50,43,60,68,221,128,93
"458",495,"Keystone Ave & Montrose Ave",41.9610606666667,-87.7289686666667,73,68,34,32,39,36,141,75,66
"459",496,"Avers Ave & Belmont Ave",41.939433,-87.7235908333333,111,120,59,65,52,55,231,107,124
"460",497,"Kimball Ave & Belmont Ave",41.9394298333333,-87.7115675,190,170,66,65,124,105,360,229,131
"461",498,"California Ave & Fletcher St",41.9384588333333,-87.6979613333333,203,242,87,88,116,154,445,270,175
"462",499,"Kosciuszko Park",41.9305331666667,-87.7237613333333,239,246,130,133,109,113,485,222,263
"463",500,"Central Park Ave & Elbridge Ave",41.9353305,-87.7168675,205,196,100,98,105,98,401,203,198
"464",501,"Richmond St & Diversey Ave",41.9318711666667,-87.7011345,174,160,61,58,113,102,334,215,119
"465",502,"California Ave & Altgeld St",41.9266761666667,-87.6976968333333,355,357,214,212,141,145,712,286,426
"466",503,"St. Louis Ave & Fullerton Ave",41.9248351666667,-87.7145396666667,253,252,126,122,127,130,505,257,248
"467",504,"Campbell Ave & Fullerton Ave",41.9246026666667,-87.6892921666667,376,367,189,189,187,178,743,365,378
"468",505,"Winchester Ave & Elston Ave",41.9240581666667,-87.6764366666667,229,225,52,51,177,174,454,351,103
"469",506,"Spaulding Ave & Armitage Ave",41.9171093333333,-87.710248,242,256,132,133,110,123,498,233,265
"470",507,"Humboldt Blvd & Armitage Ave",41.9175325,-87.7017251666667,504,503,258,250,246,253,1007,499,508
"471",508,"Central Park Ave & North Ave",41.909622,-87.7166606666667,118,107,80,69,38,38,225,76,149
"472",509,"Troy St & North Ave",41.9098433333333,-87.7053461666667,207,225,94,97,113,128,432,241,191
"473",510,"Spaulding Ave & Division St",41.9027166666667,-87.7092188333333,207,187,118,115,89,72,394,161,233
"474",511,"Albany Ave & Bloomingdale Ave",41.9140083333333,-87.7051785,321,288,151,143,170,145,609,315,294
"475",514,"Ridge Blvd & Howard St",42.019268,-87.684568,61,49,30,22,31,27,110,58,52
"476",515,"Paulina St & Howard St",42.0191803333333,-87.6735206666667,182,189,75,76,107,113,371,220,151
"477",517,"Clark St & Jarvis Ave",42.0159988333333,-87.6749853333333,95,91,32,36,63,55,186,118,68
"478",518,"Conservatory Dr & Lake St",41.8855186666667,-87.7168686666667,96,86,52,46,44,40,182,84,98
"479",519,"Wolcott Ave & Fargo Ave",42.016909,-87.6776886666667,28,34,19,22,9,12,62,21,41
"480",520,"Greenview Ave & Jarvis Ave",42.0160035,-87.668611,275,264,119,115,156,149,539,305,234
"481",522,"Bosworth Ave & Howard St",42.019484,-87.669561,81,71,32,34,49,37,152,86,66
"482",523,"Eastlake Ter & Rogers Ave",42.0208695,-87.6650661666667,306,286,108,100,198,186,592,384,208
"483",524,"Austin Blvd & Chicago Ave",41.8948856666667,-87.7742735,21,19,14,12,7,7,40,14,26
"484",525,"Glenwood Ave & Touhy Ave",42.0127783333333,-87.6661003333333,128,118,38,35,90,83,246,173,73
"485",526,"Oakley Ave & Touhy Ave",42.0123811666667,-87.6882306666667,92,76,30,27,62,49,168,111,57
"486",527,"Western Ave & Howard St",42.0189233333333,-87.6900353333333,71,76,41,39,30,37,147,67,80
"487",528,"Pulaski Rd & Lake St",41.8853593333333,-87.7266361666667,34,29,29,25,5,4,63,9,54
"488",529,"Cicero Ave & Lake St",41.8868971666667,-87.7454658333333,4,8,3,4,1,4,12,5,7
"489",530,"Laramie Ave & Kinzie St",41.887832,-87.755527,6,5,1,2,5,3,11,8,3
"490",531,"Central Ave & Lake St",41.8876436666667,-87.7654366666667,15,15,8,7,7,8,30,15,15
"491",532,"Austin Blvd & Lake St",41.8879211666667,-87.7745193333333,45,53,29,35,16,18,98,34,64
"492",533,"Central Park Blvd & 5th Ave",41.8756525,-87.7155481666667,23,15,14,9,9,6,38,15,23
"493",534,"Karlov Ave & Madison St",41.8808526666667,-87.7279408333333,5,6,3,5,2,1,11,3,8
"494",535,"Pulaski Rd & Congress Pkwy",41.8743228333333,-87.7259206666667,12,15,8,11,4,4,27,8,19
"495",536,"Kostner Ave & Lake St",41.885932,-87.7353866666667,8,8,8,8,0,0,16,0,16
"496",537,"Kenton Ave & Madison St",41.8806961666667,-87.7410366666667,2,2,2,0,0,0,4,0,0
"497",538,"Cicero Ave & Flournoy St",41.8721456666667,-87.7466531666667,4,3,2,3,2,0,7,0,5
"498",539,"Cicero Ave & Quincy St",41.8776171666667,-87.745374,18,21,9,12,9,9,39,18,21
"499",540,"Laramie Ave & Madison St",41.8802338333333,-87.7553726666667,20,14,8,3,12,11,34,23,11
"500",541,"Central Ave & Harrison St",41.8730121666667,-87.764495,15,11,7,7,8,4,26,12,14
"501",542,"Central Ave & Madison St",41.8801648333333,-87.7631858333333,64,60,39,35,25,25,124,50,74
"502",543,"Laramie Ave & Gladys Ave",41.8757435,-87.7554328333333,13,14,6,6,7,8,27,15,12
"503",544,"Austin Blvd & Madison St",41.8802926666667,-87.7745128333333,25,19,15,7,10,12,44,22,22
"504",545,"Kostner Ave & Adams St",41.8779095,-87.7360521666667,3,3,1,1,2,2,6,4,2
"505",546,"Damen Ave & Pershing Rd",41.8231996666667,-87.6766093333333,71,65,26,21,45,44,136,89,47
"506",547,"Ashland Ave & Pershing Rd",41.8234721666667,-87.665565,12,11,2,1,10,10,23,20,3
"507",548,"Morgan St & Pershing Rd",41.8236621666667,-87.6509128333333,13,19,5,6,8,13,32,21,11
"508",549,"Marshfield Ave & 44th St",41.8140246666667,-87.6666535,24,25,16,16,8,9,49,17,32
"509",550,"Central Ave & Chicago Ave",41.894948,-87.7649531666667,39,41,21,23,18,18,80,36,44
"510",551,"Hoyne Ave & 47th St",41.8081808333333,-87.6772155,39,46,24,29,15,17,85,32,53
"511",552,"Ashland Ave & McDowell Ave",41.808826,-87.6645361666667,31,34,11,15,20,19,65,39,26
"512",553,"Elizabeth St & 47th St",41.8084126666667,-87.6565215,5,5,2,3,3,2,10,5,5
"513",554,"Damen Ave & 51st St",41.8009113333333,-87.6746701666667,10,9,6,6,4,3,19,7,12
"514",555,"Ashland Ave & 50th St",41.8030146666667,-87.6647153333333,12,15,3,3,9,12,27,21,6
"515",556,"Throop St & 52nd St",41.7996898333333,-87.6572098333333,7,6,3,2,4,4,13,8,5
"516",557,"Seeley Ave & Garfield Blvd",41.7941411666667,-87.6755321666667,7,9,2,6,5,3,16,8,8
"517",558,"Ashland Ave & Garfield Blvd",41.7928698333333,-87.6643803333333,15,8,11,3,4,5,23,9,14
"518",559,"Racine Ave & Garfield Blvd",41.7941716666667,-87.6551146666667,22,17,14,8,8,9,39,17,22
"519",560,"Marshfield Ave & 59th St",41.7867955,-87.6663061666667,2,2,1,0,1,2,4,3,0
"520",561,"Damen Ave & 59th St",41.78602,-87.674167,8,7,0,0,8,7,15,15,0
"521",562,"Racine Ave & 61st St",41.783179,-87.6543355,4,1,1,1,3,0,5,0,2
"522",563,"Ashland Ave & 63rd St",41.779358,-87.6648366666667,8,5,3,1,5,4,13,9,4
"523",564,"Racine Ave & 65th St",41.775393,-87.654308,2,2,0,0,2,1,4,3,0
"524",565,"Ashland Ave & 66th St",41.7740958333333,-87.663744,26,23,23,21,3,2,49,5,44
"525",566,"Ashland Ave & 69th St",41.7686638333333,-87.6640951666667,7,7,1,0,6,7,14,13,0
"526",567,"May St & 69th St",41.768938,-87.652934,1,0,0,0,1,0,0,0,0
"527",568,"Vincennes Ave & 75th St",41.757978,-87.6311881666667,0,0,0,0,0,0,0,0,0
"528",569,"Woodlawn Ave & 75th St",41.7591821666667,-87.5957561666667,10,8,9,4,1,4,18,5,13
"529",570,"Evans Ave & 75th St",41.7585166666667,-87.606438,20,23,17,16,3,7,43,10,33
"530",571,"Vernon Ave & 75th St",41.7583671666667,-87.6141108333333,21,10,16,7,5,3,31,8,23
"531",572,"State St & 76th St",41.7570476666667,-87.6246,3,2,2,1,1,1,5,2,3
"532",573,"State St & 79th St",41.7508186666667,-87.6244531666667,46,37,31,30,15,7,83,22,61
"533",574,"Vernon Ave & 79th St",41.7509685,-87.613776,17,15,10,11,7,4,32,11,21
"534",575,"Cottage Grove Ave & 78th St",41.753191,-87.6050315,16,6,3,2,13,4,22,17,5
"535",576,"Greenwood Ave & 79th St",41.7513276666667,-87.5974071666667,17,18,11,12,6,6,35,12,23
"536",577,"Stony Island Ave & South Chicago Ave",41.7511913333333,-87.5853505,17,11,8,3,9,8,28,17,11
"537",578,"Bennett Ave & 79th St",41.7518468333333,-87.5784961666667,18,7,11,5,7,2,25,9,16
"538",579,"Phillips Ave & 79th St",41.7518356666667,-87.5652308333333,12,13,6,4,6,9,25,15,10
"539",580,"Exchange Ave & 79th St",41.7516655,-87.5528096666667,8,5,2,3,6,2,13,8,5
"540",581,"Commercial Ave & 83rd St",41.7446345,-87.551182,20,19,10,9,10,10,39,20,19
"541",582,"Phillips Ave & 83rd St",41.7445821666667,-87.5650886666667,12,10,9,7,3,3,22,6,16
"542",583,"Stony Island Ave & 82nd St",41.7465628333333,-87.5859416666667,41,43,37,35,4,8,84,12,72
"543",584,"Ellis Ave & 83rd St",41.744123,-87.5991171666667,4,7,4,4,0,0,11,0,8
"544",585,"Cottage Grove Ave & 83rd St",41.7434263333333,-87.6048406666667,16,13,5,3,11,10,29,21,8
"545",586,"MLK Jr Dr & 83rd St",41.743116,-87.6148,9,10,0,0,9,9,19,18,0
"546",587,"Wabash Ave & 83rd St",41.7433403333333,-87.622844,16,14,3,4,13,10,30,23,7
"547",588,"South Chicago Ave & 83rd St",41.7438863333333,-87.5751793333333,6,1,5,0,1,1,7,2,0
"548",589,"Milwaukee Ave & Cuyler Ave",41.9544908333333,-87.749525,56,66,35,37,21,29,122,50,72
"549",590,"Kilbourn Ave & Irving Park Rd",41.9537176666667,-87.7404428333333,68,69,42,38,26,31,137,57,80
"550",591,"Kilbourn Ave & Milwaukee Ave",41.9488535,-87.7400296666667,43,52,11,12,32,40,95,72,23
"551",592,"Knox Ave & Montrose Ave",41.9606351666667,-87.7453825,48,39,35,27,13,12,87,25,62
"552",593,"Halsted St & 59th St",41.7875831666667,-87.6449423333333,6,6,3,3,3,3,12,6,6
"553",594,"Western Blvd & 48th Pl",41.8056461666667,-87.6833636666667,39,49,34,41,5,8,88,13,75
"554",595,"Wabash Ave & 87th St",41.7366048333333,-87.622676,42,36,20,15,22,21,78,43,35
"555",596,"Benson Ave & Church St",42.0482508333333,-87.6835071666667,381,402,134,144,247,258,783,505,278
"556",597,"Chicago Ave & Washington St",42.032571,-87.679132,415,433,185,186,230,247,848,477,371
"557",598,"Elmwood Ave & Austin St",42.0257963333333,-87.6840935,40,43,21,23,19,20,83,39,44
"558",599,"Valli Produce - Evanston Plaza",42.039737,-87.6994246666667,145,144,80,78,65,66,289,131,158
"559",600,"Dodge Ave & Church St",42.0482961666667,-87.6984285,55,57,25,26,30,31,112,61,51
"560",601,"Central St Metra",42.0639038333333,-87.6986338333333,128,127,47,50,81,77,255,158,97
"561",602,"Central St & Girard Ave",42.0643288333333,-87.686186,114,124,47,48,67,76,238,143,95
"562",603,"Chicago Ave & Sheridan Rd",42.0504621666667,-87.6777746666667,218,218,53,49,165,169,436,334,102
"563",604,"Sheridan Rd & Noyes St (NU)",42.0582528333333,-87.6774988333333,301,300,84,84,217,216,601,433,168
"564",605,"University Library (NU)",42.052941,-87.6735603333333,193,187,81,76,112,111,380,223,157
"565",619,"Keystone Ave & Fullerton Ave",41.9245345,-87.7278895,103,125,83,85,20,40,228,60,168
"566",620,"Orleans St & Chestnut St (NEXT Apts)",41.8981221666667,-87.6375201666667,835,793,317,295,518,498,1628,1016,612
"567",621,"Aberdeen St & Randolph St",41.8841496666667,-87.654302,655,760,254,265,401,495,1415,896,519
"568",622,"California Ave & Cortez St",41.9004128333333,-87.6966076666667,389,402,203,204,186,198,791,384,407
"569",623,"Michigan Ave & 8th St",41.8726801666667,-87.6240758333333,1285,1173,353,326,932,847,2458,1779,679
"570",624,"Dearborn St & Van Buren St",41.8763278333333,-87.6291168333333,511,443,167,130,344,313,954,657,297
"571",625,"Chicago Ave & Dempster St",42.041668,-87.6805281666667,264,272,106,104,158,168,536,326,210
"572",626,"Delano Ct & Roosevelt Rd",41.8674855,-87.632108,494,465,166,153,328,312,959,640,319
"573",627,"LaSalle Dr & Huron St",41.894646,-87.6321036666667,1170,1133,423,419,747,714,2303,1461,842
"574",628,"Walsh Park",41.9144658333333,-87.667998,418,403,87,78,331,325,821,656,165
"575",630,"Kildare Ave & Montrose Ave",41.9610068333333,-87.735684,75,78,47,44,28,34,153,62,91
"576",631,"Malcolm X College",41.8776113333333,-87.67395,101,105,31,33,70,72,206,142,64
"577",632,"Clark St & Newport St",41.9444856666667,-87.654775,1638,1622,564,553,1074,1069,3260,2143,1117
"578",635,"Fairbanks St & Superior St",41.8959236666667,-87.6204063333333,657,693,177,177,480,516,1350,996,354
"579",636,"Orleans St & Hubbard St",41.8898265,-87.6366843333333,651,702,198,202,453,500,1353,953,400
"580",637,"Wood St & Chicago Ave",41.8955623333333,-87.6721208333333,493,473,180,174,313,299,966,612,354
"581",638,"Clinton St & Jackson Blvd",41.8778136666667,-87.6401718333333,715,641,307,272,408,369,1356,777,579
"582",639,"Lakefront Trail & Wilson Ave",41.9658255,-87.6455318333333,715,673,123,115,592,558,1388,1150,238
"583",640,"Bernard St & Elston Ave",41.9499451666667,-87.7139371666667,102,106,62,67,40,39,208,79,129
"584",641,"Central Park Ave & Bloomingdale Ave",41.9141816666667,-87.716787,197,194,33,31,164,163,391,327,64
"585",642,"Latrobe Ave & Chicago Ave",41.8947203333333,-87.756883,13,14,8,8,5,6,27,11,16
"586",643,"Smith Park",41.8920213333333,-87.6894271666667,162,178,105,107,57,71,340,128,212
"587",644,"Western Ave & Fillmore St",41.8685721666667,-87.6862825,411,402,277,274,134,128,813,262,551
"588",645,"Archer (Damen) Ave & 37th St",41.8267173333333,-87.6831433333333,46,48,24,23,22,25,94,47,47
"589",646,"State St & 54th St",41.7965576666667,-87.62592,32,33,18,16,14,17,65,31,34
"590",647,"Elizabeth St & 59th St",41.786691,-87.655859,1,2,0,0,1,2,3,3,0
"591",648,"Carpenter St & 63rd St",41.7799518333333,-87.6509358333333,4,2,3,1,1,1,6,2,4
"592",649,"Stewart Ave & 63rd St",41.7798575,-87.6348126666667,15,9,9,3,6,6,24,12,12
"593",650,"Eggleston Ave & 69th St",41.768898,-87.635876,7,11,3,6,4,5,18,9,9
"594",652,"Rhodes Ave & 71st St",41.7659848333333,-87.6117738333333,8,6,4,3,4,3,14,7,7
"595",653,"Cornell Dr & Hayes Dr",41.7805631666667,-87.585203,21,20,6,5,15,15,41,30,11
"596",654,"Racine Ave & Washington Blvd",41.8830615,-87.6571193333333,353,362,111,113,242,249,715,491,224
"597",655,"Hoyne Ave & Balmoral Ave",41.9799306666667,-87.6819326666667,150,146,64,65,86,81,296,167,129
"598",656,"Damen Ave & Walnut (Lake) St",41.8859373333333,-87.677009,169,182,69,78,100,104,351,204,147
"599",657,"Wood St & Augusta Blvd",41.8991795,-87.6721641666667,433,390,163,151,270,239,823,509,314
"600",658,"Leavitt St & Division St",41.9029856666667,-87.6837223333333,326,318,120,111,206,207,644,413,231
"601",659,"Leavitt St & Chicago Ave",41.8955125,-87.6820555,394,411,121,129,273,282,805,555,250
"602",660,"Sheridan Rd & Columbia Ave",42.0044683333333,-87.6614573333333,333,333,115,107,218,226,666,444,222
"603",661,"Evanston Civic Center",42.0569918333333,-87.6865735,118,115,36,36,82,79,233,161,72
"604",662,"Dodge Ave & Mulford St",42.0236386666667,-87.6996468333333,56,53,26,22,30,31,109,61,48
"605",663,"Lincolnwood Dr & Central St",42.0648085,-87.7153431666667,77,80,25,27,52,53,157,105,52
"606",664,"Leavitt St & Belmont Ave",41.9393368333333,-87.6833195,307,306,92,96,215,210,613,425,188
"607",665,"South Chicago Ave & Elliot Ave",41.747332,-87.5799976666667,4,4,4,4,0,0,8,0,8
"608",666,"Cherry Ave & Blackhawk St",41.907215,-87.655714,81,89,31,32,50,57,170,107,63
"609",671,"HUBBARD ST BIKE CHECKING (LBS-WH-TEST)",41.8899851666667,-87.6801985,16,48,15,32,1,16,64,17,47
"610",672,"Franklin St & Illinois St",41.8909723333333,-87.6353206666667,1294,1262,482,473,812,789,2556,1601,955
"611",673,"Lincoln Park Conservatory",41.9241613333333,-87.6359343333333,1052,1015,310,307,742,708,2067,1450,617
"612",674,"Michigan Ave & 71st St",41.7653305,-87.6217481666667,10,6,7,5,3,1,16,4,12
"613",676,"WATSON TESTING - DIVVY",41.8947103333333,-87.7308155,679,620,679,620,0,0,1299,0,1299
"614",677,"Stewart Ave & 83rd St",41.7437345,-87.6341133333333,9,8,3,3,6,5,17,11,6
"615",678,"Halsted St & 73rd St",41.7616498333333,-87.6439865,6,8,4,3,2,5,14,7,7
"616",679,"Ashland Ave & 74th St",41.7592106666667,-87.663479,10,7,4,4,6,3,17,9,8
"617",681,"Halsted St & 78th St",41.7525135,-87.6437195,7,4,2,2,5,2,11,7,4
"618",682,"Eberhart Ave & 91st St",41.7292676666667,-87.6117733333333,14,9,9,3,5,6,23,11,12
"619",683,"Ashland Ave & 78th St",41.7522645,-87.6637926666667,14,8,8,3,6,5,22,11,11
"620",684,"Prospect Sq & 91st St",41.7279113333333,-87.66761,23,24,15,17,8,7,47,15,32
"621",685,"Summit Ave & 86th St",41.7378583333333,-87.6449105,9,14,8,11,1,3,23,4,19
"622",686,"East End Ave & 87th St",41.7367938333333,-87.5828166666667,12,10,6,5,6,5,22,11,11
"623",687,"Loomis Blvd & 84th St",41.7415616666667,-87.6584331666667,19,17,9,7,10,10,36,20,16
"624",689,"Elizabeth St & 92nd St",41.726798,-87.65429,13,11,0,0,13,11,24,24,0
"625",690,"State St & 95th St",41.7216101666667,-87.6227836666667,48,32,27,18,21,14,80,35,45
"626",691,"Eggleston Ave & 92nd St",41.727647,-87.6348755,19,18,17,17,2,1,37,3,34
"627",692,"Marquette Ave & 89th St",41.7337871666667,-87.5585588333333,7,10,3,5,4,5,17,9,8
"628",693,"Baltimore Ave & 87th St",41.7373355,-87.5484488333333,17,17,7,7,10,10,34,20,14
"629",694,"Houston Ave & 92nd St",41.7282278333333,-87.5495696666667,21,21,12,10,9,11,42,20,22
"630",695,"Dauphin Ave & 103rd St",41.7073231666667,-87.6076575,9,6,7,5,2,1,15,3,12
"631",696,"Indiana Ave & 103rd St",41.7071595,-87.6183788333333,22,18,16,11,6,7,40,13,27
"632",697,"Oglesby Ave & 100th St",41.7133066666667,-87.5658513333333,9,9,6,4,3,5,18,8,10
"633",698,"Cottage Grove Ave & 111th Pl",41.6916955,-87.6100018333333,19,6,19,6,0,0,25,0,25
"634",699,"Vernon Ave & 107th St",41.7002081666667,-87.6123203333333,23,20,22,17,1,3,43,4,39
"635",700,"Halsted St & 96th St",41.7197138333333,-87.6428336666667,16,11,6,4,10,7,27,17,10
"636",701,"Constance Ave & 95th St",41.722125,-87.578963,15,18,9,12,6,6,33,12,21
"637",702,"Greenwood Ave & 91st St",41.7287441666667,-87.5973035,21,18,18,14,3,4,39,7,32
"638",703,"Greenwood Ave & 97th St",41.7187231666667,-87.5969798333333,40,31,37,29,3,2,71,5,66
"639",704,"Avenue O & 134th St",41.6519003333333,-87.53961,17,15,13,11,4,4,32,8,24
"640",705,"Stony Island Ave & 90th St",41.7314035,-87.5858498333333,8,5,7,4,1,1,13,2,11
"641",706,"Dauphin Ave & 87th St",41.736468,-87.6012596666667,18,10,14,5,4,5,28,9,19
"642",707,"Torrence Ave & 106th St",41.7028171666667,-87.5598338333333,14,2,14,2,0,0,16,0,16
"643",708,"Clyde Ave & 87th St",41.7372156666667,-87.57262,10,11,5,5,5,6,21,11,10
"644",709,"Michigan Ave & 114th St",41.6870178333333,-87.6211215,7,5,7,4,0,0,12,0,11
"645",710,"Burnham Greenway & 105th St",41.7046133333333,-87.5284596666667,13,12,3,5,10,7,25,17,8
"646",711,"Halsted St & 111th St",41.6922855,-87.6426511666667,20,12,20,12,0,0,32,0,32
"647",712,"Wentworth Ave & 104th St",41.7053295,-87.6289331666667,10,9,10,5,0,0,19,0,15
"648",713,"Major Taylor Trail & 115th St",41.6849586666667,-87.6453421666667,18,18,17,16,1,2,36,3,33
"649",714,"State St & 123rd St",41.6706691666667,-87.622772,11,5,10,5,1,0,16,0,15
"650",715,"Major Taylor Trail & 124th St",41.6687176666667,-87.6372518333333,1,1,1,1,0,0,2,0,2
"651",716,"Eberhart Ave & 131st St",41.6579651666667,-87.6107791666667,11,10,10,9,1,1,21,2,19
"652",717,"Big Marsh Park",41.6858708333333,-87.573723,31,27,31,27,0,0,58,0,58
"653",718,"Ewing Ave & Burnham Greenway",41.7126718333333,-87.5345726666667,7,9,4,5,3,4,16,7,9
"654",719,"Avenue O & 118th St",41.681029,-87.5379771666667,9,5,8,3,1,2,14,3,11
"655",720,"Torrence Ave & 126th Pl",41.6663048333333,-87.557268,5,1,4,0,1,1,6,2,0
"656",721,"Walden Pkwy & 100th St",41.712253,-87.6676898333333,44,30,43,28,1,2,74,3,71
"657",722,"Commercial Ave & 130th St",41.659161,-87.5507226666667,15,14,11,9,4,5,29,9,20
"658",723,"Hale Ave & 107th St",41.6992185,-87.6688853333333,16,7,15,5,1,2,23,3,20
"659",724,"Homewood Ave & 115th St",41.6845703333333,-87.6708795,2,2,2,2,0,0,4,0,4
"660",725,"Halsted St & 104th St",41.7051715,-87.6424545,18,17,18,17,0,0,35,0,35
"661",726,"Vincennes Ave & 104th St",41.7049455,-87.6571161666667,10,8,10,7,0,0,18,0,17
"662",727,"Ada St & 113th St",41.6875736666667,-87.6554335,11,9,11,9,0,0,20,0,20
"663",728,"Western Ave & 111th St",41.6912143333333,-87.6813311666667,3,2,3,2,0,0,5,0,5
"664",730,"Lawndale Ave & 111th St",41.691305,-87.7128176666667,4,3,4,3,0,0,7,0,7
"665",731,"Bradley Park",41.7179115,-87.5646221666667,4,4,4,4,0,0,8,0,8
"666",0,"",41.9,-87.67,31405,35787,31405,35313,0,0,67192,0,66718
