"","station_id","station_name","lat","long","start_n","end_n","e_start_n","e_end_n","c_start_n","c_end_n","total","classic","electric"
"1",2,"Buckingham Fountain",41.8764973333333,-87.620358,535,504,103,100,432,404,1039,836,203
"2",3,"Shedd Aquarium",41.8672026666667,-87.6153185,1024,759,250,184,774,575,1783,1349,434
"3",4,"Burnham Harbor",41.8562685,-87.6133353333333,793,776,125,107,668,669,1569,1337,232
"4",5,"State St & Harrison St",41.8739531666667,-87.6276508333333,507,481,180,177,327,304,988,631,357
"5",6,"Dusable Harbor",41.8870821666667,-87.6127948333333,683,667,204,199,479,468,1350,947,403
"6",7,"Field Blvd & South Water St",41.8864955,-87.6175705,660,676,236,228,424,448,1336,872,464
"7",9,"Leavitt St & Archer Ave",41.8287881666667,-87.6806175,42,50,3,4,39,46,92,85,7
"8",11,"Jeffery Blvd & 71st St",41.7666406666667,-87.5764846666667,30,26,17,16,13,10,56,23,33
"9",12,"South Shore Dr & 71st St",41.766415,-87.5657216666667,143,138,68,66,75,72,281,147,134
"10",13,"Wilton Ave & Diversey Pkwy",41.93249,-87.6527381666667,853,837,303,293,550,544,1690,1094,596
"11",14,"Morgan St & 18th St",41.8580828333333,-87.6511226666667,228,216,86,88,142,128,444,270,174
"12",15,"Racine Ave & 18th St",41.8582056666667,-87.6564755,342,355,131,135,211,220,697,431,266
"13",16,"Paulina Ave & North Ave",41.91034,-87.6700571666667,511,458,149,142,362,316,969,678,291
"14",17,"Honore St & Division St",41.9031358333333,-87.6739508333333,517,517,209,211,308,306,1034,614,420
"15",18,"Wacker Dr & Washington St",41.882977,-87.6370971666667,428,413,217,204,211,209,841,420,421
"16",19,"Throop St & Taylor St",41.8687628333333,-87.6590548333333,410,406,120,118,290,288,816,578,238
"17",20,"Sheffield Ave & Kingsbury St",41.9105603333333,-87.6532373333333,828,958,328,367,500,591,1786,1091,695
"18",21,"Aberdeen St & Jackson Blvd",41.8777211666667,-87.6549013333333,699,698,282,274,417,424,1397,841,556
"19",22,"May St & Taylor St",41.869449,-87.6555196666667,508,486,127,127,381,359,994,740,254
"20",23,"Orleans St & Elm St",41.9029103333333,-87.6377498333333,263,266,96,94,167,172,529,339,190
"21",24,"Fairbanks Ct & Grand Ave",41.8920563333333,-87.6206626666667,1299,1304,446,438,853,866,2603,1719,884
"22",25,"Michigan Ave & Pearson St",41.8975798333333,-87.6232678333333,688,687,212,204,476,483,1375,959,416
"23",26,"New St & Illinois St",41.8900243333333,-87.6181013333333,991,1040,331,327,660,713,2031,1373,658
"24",27,"Larrabee St & North Ave",41.9100863333333,-87.6435296666667,363,337,138,138,225,199,700,424,276
"25",28,"Larrabee St & Menomonee St",41.9147211666667,-87.6432875,333,291,82,78,251,213,624,464,160
"26",29,"Noble St & Milwaukee Ave",41.9006586666667,-87.6625956666667,535,527,215,211,320,316,1062,636,426
"27",30,"Ashland Ave & Augusta Blvd",41.8996128333333,-87.6683988333333,345,332,87,84,258,248,677,506,171
"28",31,"Franklin St & Chicago Ave",41.8967946666667,-87.6358336666667,869,873,365,360,504,513,1742,1017,725
"29",32,"Racine Ave & Congress Pkwy",41.874729,-87.6571188333333,233,190,55,46,178,144,423,322,101
"30",33,"State St & Van Buren St",41.8770908333333,-87.6282608333333,439,392,99,79,340,313,831,653,178
"31",34,"Cannon Dr & Fullerton Ave",41.9267258333333,-87.634482,372,344,79,74,293,270,716,563,153
"32",35,"Streeter Dr & Grand Ave",41.8922773333333,-87.6122643333333,1508,1496,345,308,1163,1188,3004,2351,653
"33",36,"Franklin St & Jackson Blvd",41.8783673333333,-87.634515,801,658,246,219,555,439,1459,994,465
"34",37,"Dearborn St & Adams St",41.8790973333333,-87.6296468333333,434,408,144,145,290,263,842,553,289
"35",38,"Clark St & Lake St",41.8862951666667,-87.6311208333333,834,759,296,271,538,488,1593,1026,567
"36",39,"Wabash Ave & Adams St",41.8793101666667,-87.6256696666667,522,509,159,141,363,368,1031,731,300
"37",40,"LaSalle St & Adams St",41.8794813333333,-87.632405,245,211,81,76,164,135,456,299,157
"38",41,"Federal St & Polk St",41.8721001666667,-87.629749,979,986,318,321,661,665,1965,1326,639
"39",42,"Wabash Ave & Cermak Rd",41.8526408333333,-87.626589,130,126,58,57,72,69,256,141,115
"40",43,"Michigan Ave & Washington St",41.8839173333333,-87.6245805,1102,1187,308,312,794,875,2289,1669,620
"41",44,"State St & Randolph St",41.8846583333333,-87.6279236666667,975,981,316,309,659,672,1956,1331,625
"42",45,"Michigan Ave & Ida B Wells Dr",41.876248,-87.624467,321,309,81,71,240,238,630,478,152
"43",46,"Wells St & Walton St",41.8999021666667,-87.6344281666667,540,460,125,106,415,354,1000,769,231
"44",47,"State St & Kinzie St",41.889246,-87.6279785,918,1000,353,350,565,650,1918,1215,703
"45",48,"Larrabee St & Kingsbury St",41.8975675,-87.6433621666667,784,678,244,225,540,453,1462,993,469
"46",49,"Dearborn St & Monroe St",41.8808468333333,-87.6293785,1021,1043,315,299,706,744,2064,1450,614
"47",50,"Clark St & Ida B Wells Dr",41.8760126666667,-87.6305988333333,291,297,87,81,204,216,588,420,168
"48",51,"Clark St & Randolph St",41.8845391666667,-87.6313338333333,668,711,226,222,442,489,1379,931,448
"49",52,"Michigan Ave & Lake St",41.8865783333333,-87.6242616666667,1326,1331,432,398,894,933,2657,1827,830
"50",53,"Wells St & Huron St",41.8949103333333,-87.6342501666667,1663,1532,663,651,1000,881,3195,1881,1314
"51",54,"Ogden Ave & Chicago Ave",41.8964181666667,-87.654081,533,543,251,246,282,297,1076,579,497
"52",55,"Halsted St & Roosevelt Rd",41.867367,-87.6486426666667,234,234,70,69,164,165,468,329,139
"53",56,"Desplaines St & Kinzie St",41.8885826666667,-87.6444366666667,1606,1481,606,597,1000,884,3087,1884,1203
"54",57,"Clinton St & Roosevelt Rd",41.8671083333333,-87.6410211666667,534,603,237,250,297,353,1137,650,487
"55",58,"Marshfield Ave & Cortland St",41.9160666666667,-87.6690415,475,470,171,168,304,302,945,606,339
"56",59,"Wabash Ave & Roosevelt Rd",41.8672425,-87.625961,1473,1654,431,443,1042,1211,3127,2253,874
"57",60,"Dayton St & North Ave",41.9106565,-87.6494103333333,607,622,265,252,342,370,1229,712,517
"58",61,"Wood St & Milwaukee Ave",41.907681,-87.6724475,741,797,312,320,429,477,1538,906,632
"59",62,"McCormick Place",41.8514551666667,-87.6188223333333,93,72,20,15,73,57,165,130,35
"60",66,"Clinton St & Lake St",41.8854873333333,-87.64184,773,810,281,275,492,535,1583,1027,556
"61",67,"Sheffield Ave & Fullerton Ave",41.9255153333333,-87.6537343333333,597,548,169,170,428,378,1145,806,339
"62",68,"Clinton St & Tilden St",41.8757938333333,-87.6407416666667,150,123,46,45,104,78,273,182,91
"63",69,"Damen Ave & Pierce Ave",41.9093996666667,-87.6777453333333,884,938,395,398,489,540,1822,1029,793
"64",71,"Morgan St & Lake St",41.8854978333333,-87.6523271666667,712,885,334,351,378,534,1597,912,685
"65",72,"Wabash Ave & 16th St",41.8602888333333,-87.625806,564,596,186,186,378,410,1160,788,372
"66",73,"Jefferson St & Monroe St",41.8802723333333,-87.642885,528,494,203,196,325,298,1022,623,399
"67",74,"Kingsbury St & Erie St",41.8939105,-87.6418923333333,1172,1043,391,365,781,678,2215,1459,756
"68",75,"Canal St & Jackson Blvd",41.8769941666667,-87.6387061666667,204,185,78,68,126,117,389,243,146
"69",76,"Lake Shore Dr & Monroe St",41.8809828333333,-87.6167541666667,1934,1873,457,421,1477,1452,3807,2929,878
"70",77,"Clinton St & Madison St",41.8820518333333,-87.6412375,1124,1141,426,421,698,720,2265,1418,847
"71",80,"Aberdeen St & Monroe St",41.8804138333333,-87.65569,511,549,203,211,308,338,1060,646,414
"72",81,"Daley Center Plaza",41.8843063333333,-87.6294435,1087,1008,335,336,752,672,2095,1424,671
"73",84,"Milwaukee Ave & Grand Ave",41.8915498333333,-87.6483281666667,905,872,398,391,507,481,1777,988,789
"74",85,"Michigan Ave & Oak St",41.901043,-87.6237063333333,1568,1638,496,490,1072,1148,3206,2220,986
"75",86,"Eckhart Park",41.896358,-87.6610656666667,492,514,183,187,309,327,1006,636,370
"76",87,"Racine Ave & Fullerton Ave",41.9256218333333,-87.6584158333333,593,572,181,180,412,392,1165,804,361
"77",88,"Racine Ave & Randolph St",41.8840381666667,-87.6569396666667,213,233,90,95,123,138,446,261,185
"78",89,"Financial Pl & Ida B Wells Dr",41.8750431666667,-87.6330925,363,375,137,131,226,244,738,470,268
"79",90,"Millennium Park",41.8810846666667,-87.624125,1545,1684,421,407,1124,1277,3229,2401,828
"80",91,"Clinton St & Washington Blvd",41.8835136666667,-87.641621,707,638,212,200,495,438,1345,933,412
"81",92,"Carpenter St & Huron St",41.894636,-87.6534945,498,424,219,206,279,218,922,497,425
"82",93,"Sheffield Ave & Willow St",41.9137041666667,-87.6528193333333,741,814,254,262,487,552,1555,1039,516
"83",94,"Clark St & Armitage Ave",41.918285,-87.6363866666667,1631,1474,536,503,1095,971,3105,2066,1039
"84",95,"Stony Island Ave & 64th St",41.7788531666667,-87.5866333333333,32,37,12,12,20,25,69,45,24
"85",96,"Desplaines St & Randolph St",41.8846265,-87.6445898333333,535,507,191,186,344,321,1042,665,377
"86",97,"Field Museum",41.8653038333333,-87.6181436666667,256,204,39,29,217,175,460,392,68
"87",98,"LaSalle St & Washington St",41.8826648333333,-87.6322858333333,590,612,205,206,385,406,1202,791,411
"88",99,"Lake Shore Dr & Ohio St",41.8924691666667,-87.6145008333333,962,885,309,286,653,599,1847,1252,595
"89",100,"Orleans St & Merchandise Mart Plaza",41.8878943333333,-87.6371733333333,860,713,258,228,602,485,1573,1087,486
"90",101,"63rd St Beach",41.7811116666667,-87.576083,126,134,52,51,74,83,260,157,103
"91",102,"Stony Island Ave & 67th St",41.7734361666667,-87.5852465,40,30,25,16,15,14,70,29,41
"92",103,"Clinton St & Polk St",41.8714828333333,-87.6409313333333,59,77,29,24,30,53,136,83,53
"93",106,"State St & Pearson St",41.8973136666667,-87.6285126666667,632,573,208,193,424,380,1205,804,401
"94",107,"Desplaines St & Jackson Blvd",41.8779475,-87.6441226666667,695,709,275,277,420,432,1404,852,552
"95",108,"Halsted St & Polk St",41.8718098333333,-87.6466401666667,601,610,144,136,457,474,1211,931,280
"96",109,"900 W Harrison St",41.874759,-87.6497745,373,390,110,101,263,289,763,552,211
"97",110,"Dearborn St & Erie St",41.8941765,-87.6291273333333,1672,1754,661,658,1011,1096,3426,2107,1319
"98",111,"Sedgwick St & Huron St",41.894578,-87.6381476666667,718,676,245,237,473,439,1394,912,482
"99",112,"Green St & Randolph St",41.8835475,-87.6484526666667,835,921,407,420,428,501,1756,929,827
"100",113,"Bissell St & Armitage Ave",41.9184191666667,-87.6522031666667,926,987,323,323,603,664,1913,1267,646
"101",114,"Sheffield Ave & Waveland Ave",41.949272,-87.6544283333333,822,788,244,236,578,552,1610,1130,480
"102",115,"Sheffield Ave & Wellington Ave",41.9362266666667,-87.6525853333333,995,1006,398,389,597,617,2001,1214,787
"103",116,"Western Ave & Winnebago Ave",41.9156165,-87.6871008333333,439,432,189,186,250,246,871,496,375
"104",117,"Wilton Ave & Belmont Ave",41.9401296666667,-87.6529926666667,1193,1270,441,443,752,827,2463,1579,884
"105",118,"Sedgwick St & North Ave",41.9113138333333,-87.6386571666667,803,743,245,243,558,500,1546,1058,488
"106",119,"Ashland Ave & Lake St",41.8858721666667,-87.6671718333333,162,151,69,65,93,86,313,179,134
"107",120,"Wentworth Ave & Cermak Rd",41.853155,-87.6318605,349,431,102,113,247,318,780,565,215
"108",121,"Blackstone Ave & Hyde Park Blvd",41.8025703333333,-87.5902213333333,378,351,108,106,270,245,729,515,214
"109",122,"Ogden Ave & Congress Pkwy",41.8749986666667,-87.6732296666667,137,112,62,57,75,55,249,130,119
"110",123,"California Ave & Milwaukee Ave",41.9226848333333,-87.697179,450,475,249,246,201,229,925,430,495
"111",124,"Damen Ave & Cullerton St",41.8549131666667,-87.6762225,141,148,71,69,70,79,289,149,140
"112",125,"Rush St & Hubbard St",41.889999,-87.6266336666667,508,449,170,159,338,290,957,628,329
"113",126,"Clark St & North Ave",41.9119283333333,-87.632105,724,738,228,231,496,507,1462,1003,459
"114",127,"Lincoln Ave & Fullerton Ave",41.9259298333333,-87.6493351666667,1096,1147,438,439,658,708,2243,1366,877
"115",128,"Damen Ave & Chicago Ave",41.8956708333333,-87.677105,604,633,273,273,331,360,1237,691,546
"116",129,"Blue Island Ave & 18th St",41.8574646666667,-87.6616758333333,294,312,102,98,192,214,606,406,200
"117",130,"Damen Ave & Division St",41.9032658333333,-87.6784748333333,466,459,156,155,310,304,925,614,311
"118",131,"Lincoln Ave & Belmont Ave",41.9395863333333,-87.66828,610,622,189,191,421,431,1232,852,380
"119",132,"Wentworth Ave & 24th St (Temp)",41.8498258333333,-87.6322276666667,112,126,21,19,91,107,238,198,40
"120",133,"Kingsbury St & Kinzie St",41.8892163333333,-87.6387115,1737,1720,589,588,1148,1132,3457,2280,1177
"121",134,"Peoria St & Jackson Blvd",41.8775261666667,-87.6493846666667,676,690,246,246,430,444,1366,874,492
"122",135,"Halsted St & 21st St",41.8534545,-87.646257,61,56,27,23,34,33,117,67,50
"123",136,"Racine Ave & 13th St",41.865058,-87.6570776666667,57,67,23,24,34,43,124,77,47
"124",137,"Morgan Ave & 14th Pl",41.8624513333333,-87.6511596666667,215,190,41,37,174,153,405,327,78
"125",138,"Clybourn Ave & Division St",41.9046241666667,-87.640515,404,419,124,123,280,296,823,576,247
"126",140,"Dearborn Pkwy & Delaware Pl",41.8989638333333,-87.6298826666667,1332,1360,472,472,860,888,2692,1748,944
"127",141,"Clark St & Lincoln Ave",41.915787,-87.6347153333333,1320,1329,459,445,861,884,2649,1745,904
"128",142,"McClurg Ct & Erie St",41.8952016666667,-87.6185588333333,1179,1206,450,432,729,774,2385,1503,882
"129",143,"Sedgwick St & Webster Ave",41.9221786666667,-87.6389255,711,671,245,245,466,426,1382,892,490
"130",144,"Larrabee St & Webster Ave",41.921841,-87.644048,1357,1389,453,449,904,940,2746,1844,902
"131",145,"Mies van der Rohe Way & Chestnut St",41.8982625,-87.622528,999,937,273,262,726,675,1936,1401,535
"132",146,"Loomis St & Jackson Blvd",41.8779886666667,-87.6620498333333,275,291,68,72,207,219,566,426,140
"133",147,"Indiana Ave & 26th St",41.8457146666667,-87.6224536666667,287,279,128,117,159,162,566,321,245
"134",148,"State St & 33rd St",41.8347561666667,-87.625829,497,489,187,175,310,314,986,624,362
"135",149,"Calumet Ave & 33rd St",41.8347611666667,-87.6179558333333,261,268,104,105,157,163,529,320,209
"136",150,"Fort Dearborn Dr & 31st St",41.8384785,-87.6082055,495,458,73,60,422,398,953,820,133
"137",152,"Lincoln Ave & Diversey Pkwy",41.9322056666667,-87.6588131666667,810,840,327,324,483,516,1650,999,651
"138",153,"Southport Ave & Wellington Ave",41.935826,-87.6636146666667,621,631,288,275,333,356,1252,689,563
"139",154,"Southport Ave & Belmont Ave",41.9394276666667,-87.6638506666667,534,544,223,216,311,328,1078,639,439
"140",156,"Clark St & Wellington Ave",41.936517,-87.6475336666667,1106,1155,356,361,750,794,2261,1544,717
"141",157,"Lake Shore Dr & Wellington Ave",41.9367758333333,-87.6368356666667,1175,1215,320,322,855,893,2390,1748,642
"142",158,"Milwaukee Ave & Wabansia Ave",41.912611,-87.6813623333333,736,782,276,274,460,508,1518,968,550
"143",159,"Claremont Ave & Hirsch St",41.9077745,-87.6858733333333,95,84,33,34,62,50,179,112,67
"144",160,"Campbell Ave & North Ave",41.9105366666667,-87.6895758333333,296,299,173,177,123,122,595,245,350
"145",161,"Rush St & Superior St",41.896041,-87.6261355,1065,1102,356,354,709,748,2167,1457,710
"146",162,"Damen Ave & Wellington Ave",41.9358998333333,-87.678442,253,260,108,118,145,142,513,287,226
"147",163,"Damen Ave & Clybourn Ave",41.931881,-87.6777263333333,299,328,112,111,187,217,627,404,223
"148",164,"Franklin St & Lake St",41.8858333333333,-87.6354378333333,740,724,286,279,454,445,1464,899,565
"149",165,"Clark St & Grace St",41.9509443333333,-87.6591396666667,792,715,255,242,537,473,1507,1010,497
"150",166,"Ashland Ave & Wrightwood Ave",41.9288318333333,-87.6686035,250,248,66,65,184,183,498,367,131
"151",167,"Damen Ave & Coulter St",41.8492015,-87.6756171666667,52,48,27,30,25,18,100,43,57
"152",168,"Michigan Ave & 14th St",41.8642885,-87.6234673333333,832,820,327,322,505,498,1652,1003,649
"153",169,"Canal St & Harrison St",41.8741453333333,-87.639722,120,122,29,25,91,97,242,188,54
"154",170,"Clinton St & 18th St",41.857879,-87.6408398333333,138,120,25,25,113,95,258,208,50
"155",171,"May St & Cullerton St",41.8551223333333,-87.6542111666667,156,153,73,70,83,83,309,166,143
"156",172,"Rush St & Cedar St",41.9024145,-87.6278356666667,1016,1036,377,373,639,663,2052,1302,750
"157",173,"Mies van der Rohe Way & Chicago Ave",41.8970255,-87.621665,1004,961,359,350,645,611,1965,1256,709
"158",174,"Canal St & Madison St",41.8817371666667,-87.6402768333333,392,393,128,128,264,265,785,529,256
"159",175,"Wells St & Polk St",41.8724906666667,-87.6338218333333,729,692,298,289,431,403,1421,834,587
"160",176,"Clark St & Elm St",41.9027815,-87.6317693333333,2303,2347,829,821,1474,1526,4650,3000,1650
"161",177,"Theater on the Lake",41.9262538333333,-87.6310183333333,1930,1967,387,360,1543,1607,3897,3150,747
"162",178,"State St & 19th St",41.8564686666667,-87.6276171666667,145,154,57,54,88,100,299,188,111
"163",179,"MLK Jr Dr & Pershing Rd",41.8246116666667,-87.6167271666667,112,118,41,42,71,76,230,147,83
"164",180,"Ritchie Ct & Banks St",41.9068815,-87.6261051666667,779,676,262,243,517,433,1455,950,505
"165",181,"LaSalle St & Illinois St",41.89085,-87.6317216666667,950,978,333,309,617,669,1928,1286,642
"166",182,"Wells St & Elm St",41.9033478333333,-87.6346445,1604,1585,603,593,1001,992,3189,1993,1196
"167",183,"Damen Ave & Thomas St (Augusta Blvd)",41.9012876666667,-87.6774421666667,495,419,205,203,290,216,914,506,408
"168",184,"State St & 35th St",41.8310555,-87.626931,172,195,62,63,110,132,367,242,125
"169",185,"Stave St & Armitage Ave",41.9177818333333,-87.691464,269,266,165,163,104,103,535,207,328
"170",186,"Ogden Ave & Race Ave",41.8918115,-87.658837,595,610,285,286,310,324,1205,634,571
"171",188,"Greenview Ave & Fullerton Ave",41.9254523333333,-87.6658493333333,619,644,251,249,368,395,1263,763,500
"172",190,"Southport Ave & Wrightwood Ave",41.9287305,-87.6638716666667,457,470,184,185,273,285,927,558,369
"173",191,"Canal St & Monroe St",41.8809363333333,-87.639076,242,232,79,77,163,155,474,318,156
"174",192,"Canal St & Adams St",41.8798361666667,-87.6404978333333,689,678,244,241,445,437,1367,882,485
"175",193,"State St & 29th St",41.8417188333333,-87.6269746666667,31,32,14,12,17,20,63,37,26
"176",194,"Wabash Ave & Wacker Pl",41.8868213333333,-87.6262105,717,683,219,207,498,476,1400,974,426
"177",195,"Columbus Dr & Randolph St",41.8845723333333,-87.6196056666667,1536,1175,449,375,1087,800,2711,1887,824
"178",196,"Cityfront Plaza Dr & Pioneer Ct",41.8904825,-87.6220933333333,762,694,242,245,520,449,1456,969,487
"179",197,"Michigan Ave & Madison St",41.8821656666667,-87.6248326666667,561,566,195,192,366,374,1127,740,387
"180",198,"Green St & Madison St",41.8818623333333,-87.64892,1083,1279,453,475,630,804,2362,1434,928
"181",199,"Wabash Ave & Grand Ave",41.891438,-87.6267828333333,1564,1682,632,629,932,1053,3246,1985,1261
"182",200,"MLK Jr Dr & 47th St",41.8098528333333,-87.6163796666667,41,35,21,14,20,21,76,41,35
"183",201,"Indiana Ave & 40th St",41.821685,-87.6213986666667,39,38,24,25,15,13,77,28,49
"184",202,"Halsted St & 18th St",41.8575148333333,-87.6460721666667,147,134,40,40,107,94,281,201,80
"185",203,"Western Ave & 21st St",41.854023,-87.6858838333333,115,119,53,56,62,63,234,125,109
"186",204,"Prairie Ave & Garfield Blvd",41.7948313333333,-87.6187816666667,27,19,12,11,15,8,46,23,23
"187",205,"Paulina St & 18th St",41.8579026666667,-87.6688135,274,278,102,101,172,177,552,349,203
"188",206,"Halsted St & Archer Ave",41.8471661666667,-87.6468766666667,80,85,36,29,44,56,165,100,65
"189",207,"Emerald Ave & 28th St",41.8435971666667,-87.645465,137,130,40,41,97,89,267,186,81
"190",208,"Laflin St & Cullerton St",41.8547778333333,-87.663716,144,140,43,43,101,97,284,198,86
"191",209,"Normal Ave & Archer Ave",41.8495263333333,-87.6405438333333,90,96,53,57,37,39,186,76,110
"192",210,"Ashland Ave & Division St",41.9033283333333,-87.6678353333333,1109,1141,450,440,659,701,2250,1360,890
"193",211,"St. Clair St & Erie St",41.8940533333333,-87.6224116666667,1619,1973,442,644,1177,1329,3592,2506,1086
"194",212,"Wells St & Hubbard St",41.8901658333333,-87.6344445,1175,1113,444,411,731,702,2288,1433,855
"195",213,"Leavitt St & North Ave",41.9101648333333,-87.6823566666667,322,297,135,131,187,166,619,353,266
"196",214,"Damen Ave & Grand Ave",41.8912821666667,-87.6769298333333,235,290,92,109,143,181,525,324,201
"197",215,"Damen Ave & Madison St",41.8814348333333,-87.6749236666667,81,84,40,39,41,45,165,86,79
"198",216,"California Ave & Division St",41.903018,-87.6974473333333,293,290,143,142,150,148,583,298,285
"199",217,"Elizabeth (May) St & Fulton St",41.8865491666667,-87.6584806666667,201,202,84,77,117,125,403,242,161
"200",218,"Wells St & 19th St",41.856834,-87.6339161666667,129,141,45,44,84,97,270,181,89
"201",219,"Damen Ave & Cortland St",41.9158943333333,-87.677414,552,554,204,188,348,366,1106,714,392
"202",220,"Clark St & Drummond Pl",41.9312865,-87.6442565,1292,1303,407,404,885,899,2595,1784,811
"203",222,"Milwaukee Ave & Rockwell St",41.9202375,-87.6926151666667,211,242,127,124,84,118,453,202,251
"204",223,"Clifton Ave & Armitage Ave",41.9182625,-87.6570323333333,570,576,215,211,355,365,1146,720,426
"205",224,"Halsted St & Willow St",41.9138583333333,-87.6488575,618,563,233,223,385,340,1181,725,456
"206",225,"Halsted St & Dickens Ave",41.9200325,-87.6488865,806,816,300,293,506,523,1622,1029,593
"207",226,"Racine Ave & Belmont Ave",41.9396398333333,-87.6588783333333,667,695,266,261,401,434,1362,835,527
"208",227,"Southport Ave & Waveland Ave",41.9479761666667,-87.6640443333333,906,946,338,333,568,613,1852,1181,671
"209",228,"Damen Ave & Melrose Ave",41.9405513333333,-87.6785858333333,114,128,54,55,60,73,242,133,109
"210",229,"Southport Ave & Roscoe St",41.943691,-87.664115,932,953,338,331,594,622,1885,1216,669
"211",230,"Lincoln Ave & Roscoe St",41.9433915,-87.6710428333333,620,647,252,258,368,389,1267,757,510
"212",231,"Sheridan Rd & Montrose Ave",41.9615941666667,-87.6546296666667,856,926,384,391,472,535,1782,1007,775
"213",232,"Pine Grove Ave & Waveland Ave",41.9493406666667,-87.6464071666667,1091,1118,295,289,796,829,2209,1625,584
"214",233,"Sangamon St & Washington Blvd",41.8830528333333,-87.6509713333333,412,417,179,178,233,239,829,472,357
"215",234,"Clark St & Montrose Ave",41.9615245,-87.6662071666667,343,307,90,81,253,226,650,479,171
"216",236,"Sedgwick St & Schiller St",41.907561,-87.6383458333333,210,198,58,57,152,141,408,293,115
"217",237,"MLK Jr Dr & 29th St",41.8419928333333,-87.6168663333333,601,557,196,192,405,365,1158,770,388
"218",238,"Wolcott (Ravenswood) Ave & Montrose Ave",41.9613961666667,-87.6762508333333,296,314,104,100,192,214,610,406,204
"219",239,"Western Ave & Leland Ave",41.966536,-87.688418,409,417,187,181,222,236,826,458,368
"220",240,"Sheridan Rd & Irving Park Rd",41.9542673333333,-87.6544703333333,766,736,205,194,561,542,1502,1103,399
"221",241,"Morgan St & Polk St",41.8720276666667,-87.650915,566,561,112,108,454,453,1127,907,220
"222",242,"Damen Ave & Leland Ave",41.9670878333333,-87.6790835,295,295,101,101,194,194,590,388,202
"223",243,"Lincoln Ave & Sunnyside Ave",41.9630505,-87.6848461666667,289,307,104,99,185,208,596,393,203
"224",244,"Ravenswood Ave & Irving Park Rd",41.9545521666667,-87.6738355,313,319,104,102,209,217,632,426,206
"225",245,"Clarendon Ave & Junior Ter",41.9610538333333,-87.6495966666667,685,623,215,205,470,418,1308,888,420
"226",246,"Ashland Ave & Belle Plaine Ave",41.9560116666667,-87.6688248333333,191,198,73,77,118,121,389,239,150
"227",247,"Shore Dr & 55th St",41.7952586666667,-87.5808541666667,785,779,244,232,541,547,1564,1088,476
"228",248,"Woodlawn Ave & 55th St",41.795348,-87.596446,477,452,166,156,311,296,929,607,322
"229",249,"Montrose Harbor",41.9639546666667,-87.638189,869,731,200,188,669,543,1600,1212,388
"230",250,"Ashland Ave & Wellington Ave",41.9360826666667,-87.6699811666667,340,369,122,119,218,250,709,468,241
"231",251,"Clarendon Ave & Leland Ave",41.9679938333333,-87.650003,444,431,158,151,286,280,875,566,309
"232",252,"Greenwood Ave & 47th St",41.8097895,-87.5991173333333,153,145,78,73,75,72,298,147,151
"233",253,"Winthrop Ave & Lawrence Ave",41.9688386666667,-87.6575005,300,288,106,97,194,191,588,385,203
"234",254,"Pine Grove Ave & Irving Park Rd",41.9543491666667,-87.648058,888,845,291,266,597,579,1733,1176,557
"235",255,"Indiana Ave & Roosevelt Rd",41.867947,-87.6230171666667,1499,1426,448,428,1051,998,2925,2049,876
"236",256,"Broadway & Sheridan Rd",41.952802,-87.6500911666667,708,705,259,253,449,452,1413,901,512
"237",257,"Lincoln Ave & Waveland Ave",41.9488096666667,-87.675245,339,323,153,145,186,178,662,364,298
"238",258,"Logan Blvd & Elston Ave",41.9294651666667,-87.6841483333333,385,423,188,188,197,235,808,432,376
"239",259,"California Ave & Francis Pl (Temp)",41.9186338333333,-87.6974658333333,271,254,160,153,111,101,525,212,313
"240",260,"Kedzie Ave & Milwaukee Ave",41.9295568333333,-87.7078768333333,594,635,306,299,288,336,1229,624,605
"241",261,"Hermitage Ave & Polk St",41.8715321666667,-87.6699618333333,278,274,72,69,206,205,552,411,141
"242",262,"Halsted St & 37th St",41.8271015,-87.645755,66,61,31,30,35,31,127,66,61
"243",263,"Rhodes Ave & 32nd St",41.836722,-87.6133656666667,180,179,61,65,119,114,359,233,126
"244",264,"Stetson Ave & South Water St",41.8867423333333,-87.6221373333333,585,457,190,181,395,276,1042,671,371
"245",265,"Cottage Grove Ave & Oakwood Blvd",41.8229678333333,-87.6071651666667,143,138,66,67,77,71,281,148,133
"246",267,"Lake Park Ave & 47th St",41.8094083333333,-87.5918791666667,157,146,41,36,116,110,303,226,77
"247",268,"Lake Shore Dr & North Blvd",41.9117098333333,-87.6268125,1581,1573,412,376,1169,1197,3154,2366,788
"248",270,"Stony Island Ave & 75th St",41.7586638333333,-87.5868963333333,37,37,30,27,7,10,74,17,57
"249",271,"Cottage Grove Ave & 43rd St",41.8165028333333,-87.6065966666667,75,71,40,40,35,31,146,66,80
"250",272,"Indiana Ave & 31st St",41.8388033333333,-87.6218823333333,224,219,87,89,137,130,443,267,176
"251",273,"Michigan Ave & 18th St",41.8578426666667,-87.6245841666667,690,678,213,209,477,469,1368,946,422
"252",274,"Racine Ave & 15th St",41.8611903333333,-87.6565168333333,107,88,17,14,90,74,195,164,31
"253",275,"Ashland Ave & 13th St",41.8652743333333,-87.6665658333333,238,262,113,112,125,150,500,275,225
"254",276,"California Ave & North Ave",41.910348,-87.6970935,287,287,123,122,164,165,574,329,245
"255",277,"Ashland Ave & Grand Ave",41.8911116666667,-87.666775,259,280,110,124,149,156,539,305,234
"256",278,"Wallace St & 35th St",41.8306331666667,-87.6412665,147,129,39,38,108,91,276,199,77
"257",279,"Halsted St & 35th St",41.8306693333333,-87.6470951666667,98,96,41,30,57,66,194,123,71
"258",280,"Morgan St & 31st St",41.8378413333333,-87.6510855,165,171,58,64,107,107,336,214,122
"259",281,"Western Ave & 24th St",41.8484975,-87.6851231666667,68,80,41,43,27,37,148,64,84
"260",282,"Halsted St & Maxwell St",41.8648373333333,-87.6471206666667,318,327,116,113,202,214,645,416,229
"261",283,"LaSalle St & Jackson Blvd",41.877732,-87.632021,575,530,241,228,334,302,1105,636,469
"262",284,"Michigan Ave & Jackson Blvd",41.8778928333333,-87.6242361666667,520,457,109,95,411,362,977,773,204
"263",285,"Wood St & Hubbard St",41.8899031666667,-87.6714126666667,187,192,81,82,106,110,379,216,163
"264",286,"Franklin St & Adams St (Temp)",41.8787475,-87.635131,264,319,113,117,151,202,583,353,230
"265",287,"Franklin St & Monroe St",41.8805235,-87.6355231666667,762,691,287,258,475,433,1453,908,545
"266",288,"Larrabee St & Armitage Ave",41.9181375,-87.6437218333333,526,483,159,156,367,327,1009,694,315
"267",289,"Wells St & Concord Ln",41.9119556666667,-87.6348055,1645,1707,616,607,1029,1100,3352,2129,1223
"268",290,"Kedzie Ave & Palmer Ct",41.9215193333333,-87.7074221666667,290,264,117,112,173,152,554,325,229
"269",291,"Wells St & Evergreen Ave",41.9066748333333,-87.6352128333333,1197,1161,459,443,738,718,2358,1456,902
"270",292,"Southport Ave & Clark St",41.9570671666667,-87.6641873333333,218,193,70,66,148,127,411,275,136
"271",293,"Broadway & Wilson Ave",41.9652491666667,-87.6583353333333,483,542,203,203,280,339,1025,619,406
"272",294,"Broadway & Berwyn Ave",41.9783385,-87.6597658333333,503,503,140,133,363,370,1006,733,273
"273",295,"Broadway & Argyle St",41.9736558333333,-87.6599448333333,523,534,203,194,320,340,1057,660,397
"274",296,"Broadway & Belmont Ave",41.9400996666667,-87.6455366666667,899,926,291,290,608,636,1825,1244,581
"275",297,"Paulina St & Montrose Ave",41.9615313333333,-87.6714285,218,201,81,74,137,127,419,264,155
"276",298,"Lincoln Ave & Belle Plaine Ave",41.9560558333333,-87.6803796666667,365,365,131,121,234,244,730,478,252
"277",299,"Halsted St & Roscoe St",41.9436733333333,-87.6489353333333,1028,1056,401,401,627,655,2084,1282,802
"278",300,"Broadway & Barry Ave",41.9376901666667,-87.6440871666667,1703,1759,514,511,1189,1248,3462,2437,1025
"279",301,"Clark St & Schiller St",41.9080373333333,-87.6315865,1258,1101,384,356,874,745,2359,1619,740
"280",302,"Sheffield Ave & Wrightwood Ave",41.928688,-87.6538313333333,759,705,266,254,493,451,1464,944,520
"281",303,"Broadway & Cornelia Ave",41.9455381666667,-87.6463653333333,1358,1319,451,433,907,886,2677,1793,884
"282",304,"Broadway & Waveland Ave",41.9490686666667,-87.6486578333333,1210,1224,359,361,851,863,2434,1714,720
"283",305,"Western Ave & Division St",41.9029068333333,-87.6872708333333,331,316,198,200,133,116,647,249,398
"284",306,"Sheridan Rd & Buena Ave",41.9585028333333,-87.6550226666667,536,504,204,195,332,309,1040,641,399
"285",307,"Southport Ave & Clybourn Ave",41.9207046666667,-87.6637888333333,381,412,128,132,253,280,793,533,260
"286",308,"Seeley Ave & Roscoe St",41.9433725,-87.6797796666667,231,257,110,115,121,142,488,263,225
"287",309,"Leavitt St & Armitage Ave",41.9178315,-87.682398,282,250,122,119,160,131,532,291,241
"288",310,"Damen Ave & Charleston St",41.92001,-87.6780348333333,316,313,127,124,189,189,629,378,251
"289",311,"Leavitt St & Lawrence Ave",41.9689326666667,-87.6840521666667,133,134,42,40,91,94,267,185,82
"290",312,"Clarendon Ave & Gordon Ter",41.9585298333333,-87.6496375,734,700,223,220,511,480,1434,991,443
"291",313,"Lakeview Ave & Fullerton Pkwy",41.9257856666667,-87.6390248333333,1085,1130,370,362,715,768,2215,1483,732
"292",314,"Ravenswood Ave & Berteau Ave",41.9579128333333,-87.6735808333333,198,205,70,69,128,136,403,264,139
"293",315,"Elston Ave & Wabansia Ave",41.912908,-87.6642305,186,206,83,87,103,119,392,222,170
"294",316,"Damen Ave & Sunnyside Ave",41.9632615,-87.6793923333333,250,224,77,73,173,151,474,324,150
"295",317,"Wood St & Taylor St (Temp)",41.8692746666667,-87.6736596666667,455,406,114,128,341,278,861,619,242
"296",318,"Southport Ave & Irving Park Rd",41.95421,-87.664226,355,311,125,120,230,191,666,421,245
"297",319,"Greenview Ave & Diversey Pkwy",41.9326518333333,-87.6659801666667,297,295,94,96,203,199,592,402,190
"298",320,"Loomis St & Lexington St",41.872185,-87.6615031666667,821,790,253,241,568,549,1611,1117,494
"299",321,"Wabash Ave & 9th St",41.8706496666667,-87.6257361666667,1071,1066,294,293,777,773,2137,1550,587
"300",322,"Kimbark Ave & 53rd St",41.7995626666667,-87.59478,766,772,232,230,534,542,1538,1076,462
"301",323,"Sheridan Rd & Lawrence Ave",41.969442,-87.654702,381,357,132,130,249,227,738,476,262
"302",324,"Stockton Dr & Wrightwood Ave",41.9313381666667,-87.6387545,1045,1007,334,320,711,687,2052,1398,654
"303",325,"Clark St & Winnemac Ave",41.9733688333333,-87.6677146666667,609,641,250,257,359,384,1250,743,507
"304",326,"Clark St & Leland Ave",41.9670535,-87.667455,579,561,209,208,370,353,1140,723,417
"305",327,"Sheffield Ave & Webster Ave",41.9216268333333,-87.6538673333333,751,740,244,242,507,498,1491,1005,486
"306",328,"Ellis Ave & 58th St",41.788752,-87.601104,500,481,144,142,356,339,981,695,286
"307",329,"Lake Shore Dr & Diversey Pkwy",41.9325775,-87.636401,1020,975,294,283,726,692,1995,1418,577
"308",330,"Lincoln Ave & Addison St",41.9461545,-87.6733831666667,165,176,65,48,100,128,341,228,113
"309",331,"Halsted St & Clybourn Ave",41.9096435,-87.648126,987,1082,440,441,547,641,2069,1188,881
"310",332,"Burling St & Diversey Pkwy",41.9331945,-87.6477246666667,720,761,208,215,512,546,1481,1058,423
"311",333,"Ashland Ave & Blackhawk St",41.9070356666667,-87.6673275,577,568,189,190,388,378,1145,766,379
"312",334,"Lake Shore Dr & Belmont Ave",41.9406413333333,-87.6391,1131,1132,328,323,803,809,2263,1612,651
"313",335,"Calumet Ave & 35th St",41.8314138333333,-87.6180441666667,83,83,43,40,40,43,166,83,83
"314",336,"Cottage Grove Ave & 47th St",41.8098163333333,-87.6067541666667,73,76,24,24,49,52,149,101,48
"315",337,"Clark St & Chicago Ave",41.8966385,-87.630694,916,785,325,301,591,484,1701,1075,626
"316",338,"Calumet Ave & 18th St",41.8577018333333,-87.6194125,487,498,162,168,325,330,985,655,330
"317",339,"Emerald Ave & 31st St",41.8381511666667,-87.6450748333333,232,242,76,77,156,165,474,321,153
"318",340,"Clark St & Wrightwood Ave",41.9297111666667,-87.643191,1281,1284,488,479,793,805,2565,1598,967
"319",341,"Adler Planetarium",41.8661713333333,-87.6072695,937,851,187,165,750,686,1788,1436,352
"320",342,"Wolcott Ave & Polk St",41.8713786666667,-87.6736483333333,677,643,194,186,483,457,1320,940,380
"321",343,"Racine Ave & Wrightwood Ave",41.9289341666667,-87.6590755,327,348,129,129,198,219,675,417,258
"322",344,"Ravenswood Ave & Lawrence Ave",41.9690771666667,-87.6742268333333,611,638,272,270,339,368,1249,707,542
"323",345,"Lake Park Ave & 56th St",41.7932623333333,-87.5880856666667,498,482,111,106,387,376,980,763,217
"324",346,"Ada St & Washington Blvd",41.8828208333333,-87.661152,431,410,151,149,280,261,841,541,300
"325",347,"Ashland Ave & Grace St",41.9506431666667,-87.6686108333333,257,246,78,80,179,166,503,345,158
"326",348,"California Ave & 21st St",41.8537998333333,-87.6958688333333,44,50,18,22,26,28,94,54,40
"327",349,"Halsted St & Wrightwood Ave",41.9291446666667,-87.6491965,853,846,283,278,570,568,1699,1138,561
"328",350,"Ashland Ave & Chicago Ave",41.8959431666667,-87.66777,415,429,176,170,239,259,844,498,346
"329",351,"Cottage Grove Ave & 51st St",41.8030155,-87.606615,85,71,31,20,54,51,156,105,51
"330",352,"Jeffery Blvd & 67th St",41.7735176666667,-87.577443,53,54,28,27,25,27,107,52,55
"331",353,"Clark St & Touhy Ave",42.012552,-87.6742685,61,55,24,22,37,33,116,70,46
"332",354,"Sheridan Rd & Greenleaf Ave",42.0105361666667,-87.6623726666667,172,169,74,74,98,95,341,193,148
"333",355,"South Shore Dr & 67th St",41.7736576666667,-87.5674255,77,82,27,27,50,55,159,105,54
"334",356,"Stony Island Ave & 71st St",41.7664858333333,-87.5864621666667,13,19,6,9,7,10,32,17,15
"335",359,"Larrabee St & Division St",41.903521,-87.6433323333333,667,710,238,232,429,478,1377,907,470
"336",364,"Larrabee St & Oak St",41.9002911666667,-87.642997,386,383,126,124,260,259,769,519,250
"337",365,"Halsted St & North Branch St",41.8993301666667,-87.6484495,99,79,43,34,56,45,178,101,77
"338",366,"Loomis St & Archer Ave",41.841637,-87.657378,64,51,19,15,45,36,115,81,34
"339",367,"Racine Ave & 35th St",41.830514,-87.6561518333333,45,37,12,13,33,24,82,57,25
"340",368,"Ashland Ave & Archer Ave",41.8390693333333,-87.6655293333333,53,65,34,37,19,28,118,47,71
"341",369,"Wood St & 35th St",41.8301695,-87.6703823333333,56,61,33,35,23,26,117,49,68
"342",370,"Calumet Ave & 21st St",41.8541468333333,-87.6190845,137,143,36,37,101,106,280,207,73
"343",373,"Kedzie Ave & Chicago Ave",41.8955051666667,-87.7061611666667,103,98,59,57,44,41,201,85,116
"344",374,"Western Ave & Walton St",41.8984051666667,-87.6865055,466,410,120,111,346,299,876,645,231
"345",375,"Sacramento Blvd & Franklin Blvd",41.8905856666667,-87.7026303333333,29,27,11,7,18,20,56,38,18
"346",376,"Artesian Ave & Hubbard St",41.8895371666667,-87.6883641666667,198,185,152,150,46,35,383,81,302
"347",377,"Kedzie Ave & Lake St",41.8845351666667,-87.7063373333333,61,66,42,43,19,23,127,42,85
"348",378,"California Ave & Lake St",41.8845246666667,-87.6962075,59,72,50,50,9,22,131,31,100
"349",381,"Western Ave & Monroe St",41.8797745,-87.6860055,115,110,71,68,44,42,225,86,139
"350",382,"Western Ave & Congress Pkwy",41.8745871666667,-87.6861778333333,117,158,85,90,32,68,275,100,175
"351",383,"Paulina St & Flournoy St",41.873044,-87.6691211666667,745,616,229,221,516,395,1361,911,450
"352",384,"Halsted St & 51st St",41.8017991666667,-87.6452388333333,10,12,5,5,5,7,22,12,10
"353",385,"Princeton Ave & Garfield Blvd",41.7949516666667,-87.6331188333333,27,20,17,12,10,8,47,18,29
"354",386,"Halsted St & 56th St",41.7929958333333,-87.645027,15,10,13,7,2,3,25,5,20
"355",388,"Halsted St & 63rd St",41.7794056666667,-87.644652,17,11,6,3,11,8,28,19,9
"356",390,"Wentworth Ave & 63rd St",41.7800518333333,-87.6297781666667,11,13,2,1,9,12,24,21,3
"357",391,"Halsted St & 69th St",41.7691093333333,-87.64467,7,6,5,2,2,4,13,6,7
"358",392,"Perry Ave & 69th St",41.7692896666667,-87.6281671666667,10,10,7,3,3,7,20,10,10
"359",393,"Calumet Ave & 71st St",41.7654918333333,-87.6169568333333,7,8,1,0,6,8,15,14,0
"360",394,"Clark St & 9th St (AMLI)",41.8708538333333,-87.6311686666667,452,403,129,119,323,284,855,607,248
"361",395,"Jeffery Blvd & 76th St",41.7571313333333,-87.5758593333333,16,13,5,3,11,10,29,21,8
"362",396,"Yates Blvd & 75th St",41.7587373333333,-87.5664018333333,15,16,3,3,12,13,31,25,6
"363",398,"Rainbow Beach",41.7579088333333,-87.5494115,11,11,5,5,6,6,22,12,10
"364",399,"South Shore Dr & 74th St",41.762323,-87.559198,101,100,79,76,22,24,201,46,155
"365",400,"Cottage Grove Ave & 71st St",41.7657396666667,-87.6050705,13,10,1,1,12,9,23,21,2
"366",401,"Shields Ave & 28th Pl",41.8428253333333,-87.6354893333333,97,94,31,31,66,63,191,129,62
"367",402,"Shields Ave & 31st St",41.8384091666667,-87.6353656666667,162,152,45,43,117,109,314,226,88
"368",403,"Wentworth Ave & 33rd St",41.83452,-87.6319145,63,67,23,23,40,44,130,84,46
"369",405,"Wentworth Ave & 35th St",41.8307836666667,-87.6324573333333,56,43,17,18,39,25,99,64,35
"370",406,"Lake Park Ave & 35th St",41.8312318333333,-87.6087233333333,169,151,58,52,111,99,320,210,110
"371",407,"State St & Pershing Rd",41.8230931666667,-87.6265625,37,32,23,22,14,10,69,24,45
"372",408,"Union Ave & Root St",41.8191271666667,-87.6432595,48,52,43,44,5,8,100,13,87
"373",409,"Shields Ave & 43rd St",41.8161841666667,-87.6344018333333,1,4,1,1,0,0,5,0,2
"374",410,"Prairie Ave & 43rd St",41.8166878333333,-87.6194065,51,40,26,20,25,20,91,45,46
"375",411,"Halsted St & 47th Pl",41.808145,-87.645671,36,34,26,25,10,9,70,19,51
"376",412,"Princeton Ave & 47th St",41.8093396666667,-87.6334678333333,16,16,9,7,7,9,32,16,16
"377",413,"Woodlawn Ave & Lake Park Ave",41.814056,-87.5970365,94,89,35,26,59,63,183,122,61
"378",414,"Canal St & Taylor St",41.8702291666667,-87.6394893333333,307,333,93,86,214,247,640,461,179
"379",415,"Calumet Ave & 51st St",41.8022665,-87.6180743333333,56,53,24,24,32,29,109,61,48
"380",416,"Dorchester Ave & 49th St",41.8058283333333,-87.592472,87,85,35,33,52,52,172,104,68
"381",417,"Cornell Ave & Hyde Park Blvd",41.802454,-87.5869091666667,541,537,158,152,383,385,1078,768,310
"382",418,"Ellis Ave & 53rd St",41.7993801666667,-87.6009703333333,433,387,151,141,282,246,820,528,292
"383",419,"Lake Park Ave & 53rd St",41.7995411666667,-87.5863363333333,327,323,98,92,229,231,650,460,190
"384",420,"Ellis Ave & 55th St",41.794244,-87.6014863333333,823,800,256,246,567,554,1623,1121,502
"385",421,"MLK Jr Dr & 56th St",41.793465,-87.6158156666667,33,32,26,26,7,6,65,13,52
"386",422,"DuSable Museum",41.7915493333333,-87.607839,56,48,14,13,42,35,104,77,27
"387",423,"University Ave & 57th St",41.791462,-87.6001025,849,806,192,177,657,629,1655,1286,369
"388",424,"Museum of Science and Industry",41.791855,-87.5839546666667,270,275,77,76,193,199,545,392,153
"389",425,"Harper Ave & 59th St",41.7879643333333,-87.5882503333333,201,196,56,55,145,141,397,286,111
"390",426,"Ellis Ave & 60th St",41.7851433333333,-87.6012193333333,1102,1073,348,337,754,736,2175,1490,685
"391",427,"Cottage Grove Ave & 63rd St",41.7806325,-87.6058033333333,40,35,12,8,28,27,75,55,20
"392",428,"Dorchester Ave & 63rd St",41.7803921666667,-87.591334,53,52,21,14,32,38,105,70,35
"393",429,"Cottage Grove Ave & 67th St",41.7737328333333,-87.6056685,27,22,6,5,21,17,49,38,11
"394",430,"MLK Jr Dr & 63rd St",41.78008,-87.615942,11,9,2,2,9,7,20,16,4
"395",431,"Eberhart Ave & 61st St",41.7839656666667,-87.613215,32,34,12,13,20,21,66,41,25
"396",432,"Clark St & Lunt Ave",42.0091098333333,-87.6742938333333,150,132,93,81,57,51,282,108,174
"397",433,"Kedzie Ave & Harrison St",41.8736155,-87.7048811666667,4,3,1,1,3,2,7,5,2
"398",434,"Ogden Ave & Roosevelt Rd",41.8664798333333,-87.6844786666667,106,87,31,27,75,60,193,135,58
"399",435,"Kedzie Ave & Roosevelt Rd",41.8665228333333,-87.7064916666667,13,9,8,6,5,3,22,8,14
"400",436,"Fairfield Ave & Roosevelt Rd",41.8666361666667,-87.6945628333333,43,38,35,29,8,9,81,17,64
"401",437,"Washtenaw Ave & Ogden Ave",41.8618688333333,-87.6935321666667,54,51,14,14,40,37,105,77,28
"402",438,"Central Park Ave & Ogden Ave",41.8538793333333,-87.7151183333333,34,29,23,21,11,8,63,19,44
"403",439,"Kedzie Ave & 21st St",41.8536246666667,-87.7050755,29,28,21,20,8,8,57,16,41
"404",440,"Central Park Ave & 24th St",41.8481225,-87.7151365,12,11,2,1,10,10,23,20,3
"405",441,"Kedzie Ave & 24th St",41.8482926666667,-87.7054581666667,8,7,4,3,4,4,15,8,7
"406",442,"California Ave & 23rd Pl",41.8491831666667,-87.6952085,69,56,28,26,41,30,125,71,54
"407",443,"Millard Ave & 26th St",41.8445861666667,-87.7159995,26,23,13,10,13,13,49,26,23
"408",444,"Albany Ave & 26th St",41.844595,-87.7020126666667,22,20,14,11,8,9,42,17,25
"409",445,"California Ave & 26th St",41.8440481666667,-87.695276,19,15,15,12,4,3,34,7,27
"410",446,"Western Ave & 28th St",41.8415163333333,-87.6851055,11,12,4,3,7,9,23,16,7
"411",447,"Glenwood Ave & Morse Ave",42.007973,-87.6654785,306,316,162,164,144,152,622,296,326
"412",448,"Warren Park East",42.0045711666667,-87.6806668333333,106,102,69,69,37,33,208,70,138
"413",449,"Clark St & Columbia Ave",42.004474,-87.6723118333333,142,135,93,89,49,46,277,95,182
"414",450,"Warren Park West",42.0017841666667,-87.6888196666667,60,59,21,22,39,37,119,76,43
"415",451,"Sheridan Rd & Loyola Ave",42.0010808333333,-87.6612038333333,303,317,143,141,160,176,620,336,284
"416",452,"Western Ave & Granville Ave",41.9941811666667,-87.689482,102,111,64,68,38,43,213,81,132
"417",453,"Clark St & Schreiber Ave",41.999231,-87.6713515,183,180,84,83,99,97,363,196,167
"418",454,"Broadway & Granville Ave",41.9947675,-87.6603096666667,551,558,168,159,383,399,1109,782,327
"419",455,"Maplewood Ave & Peterson Ave",41.9902431666667,-87.693388,65,71,41,42,24,29,136,53,83
"420",456,"2112 W Peterson Ave",41.9911591666667,-87.6835673333333,82,86,48,49,34,37,168,71,97
"421",457,"Clark St & Elmdale Ave",41.9904233333333,-87.6698298333333,223,226,105,103,118,123,449,241,208
"422",458,"Broadway & Thorndale Ave",41.9897915,-87.6601476666667,411,408,131,127,280,281,819,561,258
"423",459,"Lakefront Trail & Bryn Mawr Ave",41.9840016666667,-87.652239,1023,993,271,260,752,733,2016,1485,531
"424",460,"Clark St & Bryn Mawr Ave",41.9835696666667,-87.6691658333333,365,397,129,139,236,258,762,494,268
"425",461,"Broadway & Ridge Ave",41.9840566666667,-87.6602346666667,356,330,130,119,226,211,686,437,249
"426",462,"Winchester (Ravenswood) Ave & Balmoral Ave",41.9797628333333,-87.6775813333333,83,72,43,36,40,36,155,76,79
"427",463,"Clark St & Berwyn Ave",41.9780275,-87.668096,564,573,233,231,331,342,1137,673,464
"428",464,"Damen Ave & Foster Ave",41.9756333333333,-87.6794833333333,229,226,78,76,151,150,455,301,154
"429",465,"Marine Dr & Ainslie St",41.9716455,-87.6501998333333,500,495,174,171,326,324,995,650,345
"430",466,"Ridge Blvd & Touhy Ave",42.0121348333333,-87.682847,41,27,23,21,18,6,68,24,44
"431",467,"Western Ave & Lunt Ave",42.0086025,-87.6904493333333,139,128,75,68,64,60,267,124,143
"432",468,"Budlong Woods Library",41.9837186666667,-87.696414,96,82,50,42,46,40,178,86,92
"433",469,"St. Louis Ave & Balmoral Ave",41.9802916666667,-87.7161371666667,42,33,6,7,36,26,75,62,13
"434",470,"Kedzie Ave & Foster Ave",41.975679,-87.7092596666667,87,86,51,54,36,32,173,68,105
"435",471,"Francisco Ave & Foster Ave",41.9756191666667,-87.7014036666667,149,148,73,68,76,80,297,156,141
"436",472,"Lincoln Ave & Winona St",41.9749613333333,-87.6926433333333,205,197,121,121,84,76,402,160,242
"437",474,"Christiana Ave & Lawrence Ave",41.9683438333333,-87.7117823333333,83,89,47,45,36,44,172,80,92
"438",475,"Washtenaw Ave & Lawrence Ave",41.9687988333333,-87.6961906666667,284,270,160,153,124,117,554,241,313
"439",476,"Kedzie Ave & Leland Ave",41.9667105,-87.7080668333333,118,102,76,66,42,36,220,78,142
"440",477,"Manor Ave & Leland Ave",41.9659066666667,-87.7008505,145,127,76,75,69,52,272,121,151
"441",478,"Rockwell St & Eastwood Ave",41.9658121666667,-87.6936148333333,216,207,112,106,104,101,423,205,218
"442",479,"Drake Ave & Montrose Ave",41.9611613333333,-87.7165926666667,63,55,18,18,45,37,118,82,36
"443",480,"Albany Ave & Montrose Ave",41.9610621666667,-87.7058893333333,149,151,63,60,86,91,300,177,123
"444",481,"California Ave & Montrose Ave",41.9610905,-87.6954521666667,217,204,83,82,134,122,421,256,165
"445",482,"Campbell Ave & Montrose Ave",41.9615463333333,-87.6911591666667,251,239,116,116,135,123,490,258,232
"446",483,"Avondale Ave & Irving Park Rd",41.9534983333333,-87.7319161666667,57,72,32,35,25,37,129,62,67
"447",484,"Monticello Ave & Irving Park Rd",41.9540086666667,-87.7190955,101,107,76,71,25,36,208,61,147
"448",485,"Sawyer Ave & Irving Park Rd",41.9535803333333,-87.7093795,94,94,69,70,25,24,188,49,139
"449",486,"Oakley Ave & Irving Park Rd",41.9543116666667,-87.6861103333333,135,127,53,52,82,75,262,157,105
"450",487,"California Ave & Byron St",41.952128,-87.6980908333333,138,156,84,90,54,66,294,120,174
"451",488,"Pulaski Rd & Eddy St (Temp)",41.9463508333333,-87.7310616666667,39,34,14,13,25,21,73,46,27
"452",489,"Drake Ave & Addison St",41.9473465,-87.7176066666667,38,32,27,26,11,6,70,17,53
"453",490,"Troy St & Elston Ave",41.9452096666667,-87.7065965,131,147,69,66,62,81,278,143,135
"454",491,"Talman Ave & Addison St",41.9466406666667,-87.6945546666667,130,125,54,49,76,76,255,152,103
"455",492,"Leavitt St & Addison St",41.9465905,-87.6833871666667,110,97,47,44,63,53,207,116,91
"456",493,"Western Ave & Roscoe St",41.9430953333333,-87.6872625,157,151,63,62,94,89,308,183,125
"457",494,"Kedzie Ave & Bryn Mawr Ave",41.982238,-87.7089028333333,104,103,47,46,57,57,207,114,93
"458",495,"Keystone Ave & Montrose Ave",41.9610401666667,-87.7290331666667,43,44,21,16,22,28,87,50,37
"459",496,"Avers Ave & Belmont Ave",41.939394,-87.7235398333333,71,80,42,45,29,35,151,64,87
"460",497,"Kimball Ave & Belmont Ave",41.939432,-87.7115798333333,102,108,58,56,44,52,210,96,114
"461",498,"California Ave & Fletcher St",41.9384263333333,-87.6979426666667,145,143,86,76,59,67,288,126,162
"462",499,"Kosciuszko Park",41.9306015,-87.7238926666667,137,154,87,89,50,65,291,115,176
"463",500,"Central Park Ave & Elbridge Ave",41.9353565,-87.7168313333333,157,136,79,82,78,54,293,132,161
"464",501,"Richmond St & Diversey Ave",41.9319558333333,-87.701221,115,112,61,58,54,54,227,108,119
"465",502,"California Ave & Altgeld St",41.9266561666667,-87.6978016666667,261,233,153,150,108,83,494,191,303
"466",503,"St. Louis Ave & Fullerton Ave",41.9249091666667,-87.7144551666667,150,154,83,81,67,73,304,140,164
"467",504,"Campbell Ave & Fullerton Ave",41.9246433333333,-87.6893271666667,216,219,110,110,106,109,435,215,220
"468",505,"Winchester Ave & Elston Ave",41.9240596666667,-87.6764415,145,159,55,56,90,103,304,193,111
"469",506,"Spaulding Ave & Armitage Ave",41.9170765,-87.7102606666667,133,132,77,73,56,59,265,115,150
"470",507,"Humboldt Blvd & Armitage Ave",41.9175471666667,-87.7018891666667,296,296,156,151,140,145,592,285,307
"471",508,"Central Park Ave & North Ave",41.9096696666667,-87.716634,70,79,43,42,27,37,149,64,85
"472",509,"Troy St & North Ave",41.909824,-87.7053321666667,187,191,92,85,95,106,378,201,177
"473",510,"Spaulding Ave & Division St",41.9026871666667,-87.7091841666667,130,124,78,78,52,46,254,98,156
"474",511,"Albany Ave & Bloomingdale Ave",41.9138961666667,-87.7051728333333,271,259,143,138,128,121,530,249,281
"475",514,"Ridge Blvd & Howard St",42.0192815,-87.6844885,45,33,27,20,18,13,78,31,47
"476",515,"Paulina St & Howard St",42.0191013333333,-87.6735298333333,134,139,59,59,75,80,273,155,118
"477",517,"Clark St & Jarvis Ave",42.0159891666667,-87.6750041666667,79,69,37,29,42,40,148,82,66
"478",518,"Conservatory Dr & Lake St",41.8854891666667,-87.7168525,24,24,17,12,7,12,48,19,29
"479",519,"Wolcott Ave & Fargo Ave",42.0169351666667,-87.6777541666667,29,29,14,12,15,17,58,32,26
"480",520,"Greenview Ave & Jarvis Ave",42.0159693333333,-87.6685571666667,247,250,127,128,120,122,497,242,255
"481",522,"Bosworth Ave & Howard St",42.0195936666667,-87.669508,40,33,27,24,13,9,73,22,51
"482",523,"Eastlake Ter & Rogers Ave",42.0209645,-87.6650318333333,231,226,77,75,154,151,457,305,152
"483",524,"Austin Blvd & Chicago Ave",41.894914,-87.7743313333333,21,16,10,5,11,11,37,22,15
"484",525,"Glenwood Ave & Touhy Ave",42.0127445,-87.6660686666667,103,105,48,48,55,57,208,112,96
"485",526,"Oakley Ave & Touhy Ave",42.0123778333333,-87.6882896666667,53,52,18,18,35,34,105,69,36
"486",527,"Western Ave & Howard St",42.0189868333333,-87.6900185,73,86,61,60,12,26,159,38,121
"487",528,"Pulaski Rd & Lake St",41.885367,-87.7266943333333,16,13,14,13,2,0,29,0,27
"488",529,"Cicero Ave & Lake St",41.8869366666667,-87.7453055,4,3,2,3,2,0,7,0,5
"489",530,"Laramie Ave & Kinzie St",41.887833,-87.755628,3,5,3,5,0,0,8,0,8
"490",531,"Central Ave & Lake St",41.8876601666667,-87.7654676666667,21,25,15,18,6,7,46,13,33
"491",532,"Austin Blvd & Lake St",41.8879215,-87.7744418333333,29,18,19,9,10,9,47,19,28
"492",533,"Central Park Blvd & 5th Ave",41.8756633333333,-87.7154853333333,19,14,16,11,3,3,33,6,27
"493",534,"Karlov Ave & Madison St",41.8808538333333,-87.7278996666667,8,11,6,3,2,8,19,10,9
"494",535,"Pulaski Rd & Congress Pkwy",41.874349,-87.7259021666667,21,18,20,17,1,1,39,2,37
"495",536,"Kostner Ave & Lake St",41.885928,-87.73541,2,3,0,0,2,2,5,4,0
"496",537,"Kenton Ave & Madison St",41.880708,-87.741018,6,1,1,0,5,1,7,6,0
"497",538,"Cicero Ave & Flournoy St",41.872131,-87.746619,2,4,0,0,2,4,6,6,0
"498",539,"Cicero Ave & Quincy St",41.8776025,-87.7453341666667,8,5,6,4,2,1,13,3,10
"499",540,"Laramie Ave & Madison St",41.880207,-87.755337,3,3,0,0,3,2,6,5,0
"500",541,"Central Ave & Harrison St",41.8729888333333,-87.7644915,11,9,8,5,3,4,20,7,13
"501",542,"Central Ave & Madison St",41.8801438333333,-87.763157,22,19,7,4,15,15,41,30,11
"502",543,"Laramie Ave & Gladys Ave",41.875806,-87.755285,2,0,0,0,2,0,0,0,0
"503",544,"Austin Blvd & Madison St",41.880292,-87.774457,15,12,13,11,2,1,27,3,24
"504",545,"Kostner Ave & Adams St",41.8778983333333,-87.7360295,2,4,1,1,1,3,6,4,2
"505",546,"Damen Ave & Pershing Rd",41.823214,-87.6766366666667,42,50,17,16,25,34,92,59,33
"506",547,"Ashland Ave & Pershing Rd",41.8234506666667,-87.6655811666667,22,19,7,3,15,16,41,31,10
"507",548,"Morgan St & Pershing Rd",41.823613,-87.650931,7,14,4,2,3,12,21,15,6
"508",549,"Marshfield Ave & 44th St",41.8140266666667,-87.6666785,17,21,13,18,4,3,38,7,31
"509",550,"Central Ave & Chicago Ave",41.8949645,-87.764883,50,52,46,44,4,8,102,12,90
"510",551,"Hoyne Ave & 47th St",41.8082358333333,-87.6772001666667,15,25,13,16,2,9,40,11,29
"511",552,"Ashland Ave & McDowell Ave",41.8088901666667,-87.6644965,21,13,7,4,14,9,34,23,11
"512",553,"Elizabeth St & 47th St",41.8084061666667,-87.6564938333333,4,5,2,1,2,4,9,6,3
"513",554,"Damen Ave & 51st St",41.800908,-87.674684,0,0,0,0,0,0,0,0,0
"514",555,"Ashland Ave & 50th St",41.8029693333333,-87.6646878333333,14,10,2,1,12,9,24,21,3
"515",556,"Throop St & 52nd St",41.799659,-87.657195,1,1,0,0,1,1,2,2,0
"516",557,"Seeley Ave & Garfield Blvd",41.7941566666667,-87.675528,9,5,9,3,0,0,14,0,12
"517",558,"Ashland Ave & Garfield Blvd",41.7928975,-87.6643511666667,10,9,5,3,5,6,19,11,8
"518",559,"Racine Ave & Garfield Blvd",41.7942235,-87.655106,14,13,5,6,9,7,27,16,11
"519",560,"Marshfield Ave & 59th St",41.7868058333333,-87.6661773333333,1,1,1,1,0,0,2,0,2
"520",561,"Damen Ave & 59th St",41.78602,-87.674167,6,6,0,0,6,6,12,12,0
"521",563,"Ashland Ave & 63rd St",41.7793635,-87.6648891666667,9,7,4,5,5,2,16,7,9
"522",565,"Ashland Ave & 66th St",41.7740771666667,-87.6637758333333,12,9,12,7,0,0,21,0,19
"523",567,"May St & 69th St",41.768916,-87.652918,1,1,1,1,0,0,2,0,2
"524",568,"Vincennes Ave & 75th St",41.7579588333333,-87.6311793333333,3,1,1,0,2,1,4,3,0
"525",569,"Woodlawn Ave & 75th St",41.75916,-87.595751,4,0,1,0,3,0,0,0,0
"526",570,"Evans Ave & 75th St",41.7585135,-87.6064238333333,3,4,1,1,2,3,7,5,2
"527",571,"Vernon Ave & 75th St",41.7583781666667,-87.6141726666667,10,13,8,5,2,8,23,10,13
"528",572,"State St & 76th St",41.7570341666667,-87.6246291666667,2,1,1,1,1,0,3,0,2
"529",573,"State St & 79th St",41.7507975,-87.6244218333333,35,35,28,27,7,8,70,15,55
"530",574,"Vernon Ave & 79th St",41.7509671666667,-87.6138226666667,18,14,14,10,4,4,32,8,24
"531",575,"Cottage Grove Ave & 78th St",41.7531958333333,-87.604961,9,7,4,2,5,5,16,10,6
"532",576,"Greenwood Ave & 79th St",41.7512878333333,-87.5974331666667,18,22,16,18,2,4,40,6,34
"533",577,"Stony Island Ave & South Chicago Ave",41.7511338333333,-87.5853365,20,16,12,11,8,5,36,13,23
"534",578,"Bennett Ave & 79th St",41.7518271666667,-87.5784788333333,17,15,16,13,1,2,32,3,29
"535",579,"Phillips Ave & 79th St",41.7518198333333,-87.5652405,15,10,6,4,9,6,25,15,10
"536",580,"Exchange Ave & 79th St",41.7516676666667,-87.5528913333333,10,13,5,4,5,9,23,14,9
"537",581,"Commercial Ave & 83rd St",41.744627,-87.5511483333333,10,7,4,4,6,3,17,9,8
"538",582,"Phillips Ave & 83rd St",41.744531,-87.56506,3,4,0,0,3,4,7,7,0
"539",583,"Stony Island Ave & 82nd St",41.7465938333333,-87.5860035,29,32,22,25,7,7,61,14,47
"540",584,"Ellis Ave & 83rd St",41.744123,-87.599034,1,3,0,0,1,3,4,4,0
"541",585,"Cottage Grove Ave & 83rd St",41.7434863333333,-87.604836,21,20,10,14,11,6,41,17,24
"542",586,"MLK Jr Dr & 83rd St",41.7430848333333,-87.6147886666667,10,6,6,4,4,2,16,6,10
"543",587,"Wabash Ave & 83rd St",41.7433485,-87.6228158333333,7,3,3,1,4,2,10,6,4
"544",588,"South Chicago Ave & 83rd St",41.743921,-87.575225,3,1,1,0,2,1,4,3,0
"545",589,"Milwaukee Ave & Cuyler Ave",41.954469,-87.7495795,48,48,21,20,27,28,96,55,41
"546",590,"Kilbourn Ave & Irving Park Rd",41.9537935,-87.7406348333333,48,54,35,34,13,20,102,33,69
"547",591,"Kilbourn Ave & Milwaukee Ave",41.9488411666667,-87.7399901666667,45,31,12,13,33,18,76,51,25
"548",592,"Knox Ave & Montrose Ave",41.9606621666667,-87.7453343333333,38,49,25,27,13,22,87,35,52
"549",593,"Halsted St & 59th St",41.7876098333333,-87.6448785,2,1,1,1,1,0,3,0,2
"550",594,"Western Blvd & 48th Pl",41.805652,-87.6834005,26,37,22,26,4,11,63,15,48
"551",595,"Wabash Ave & 87th St",41.7365963333333,-87.6226408333333,15,12,7,5,8,7,27,15,12
"552",596,"Benson Ave & Church St",42.0481926666667,-87.6833441666667,251,259,139,140,112,119,510,231,279
"553",597,"Chicago Ave & Washington St",42.0325858333333,-87.6791915,279,274,148,143,131,131,553,262,291
"554",598,"Elmwood Ave & Austin St",42.025802,-87.6840901666667,31,32,23,25,8,7,63,15,48
"555",599,"Valli Produce - Evanston Plaza",42.0396786666667,-87.6994601666667,101,103,59,59,42,44,204,86,118
"556",600,"Dodge Ave & Church St",42.0482931666667,-87.6984648333333,45,43,27,27,18,16,88,34,54
"557",601,"Central St Metra",42.0639006666667,-87.698754,94,97,31,28,63,69,191,132,59
"558",602,"Central St & Girard Ave",42.0642186666667,-87.6861323333333,90,101,48,50,42,51,191,93,98
"559",603,"Chicago Ave & Sheridan Rd",42.0504161666667,-87.6777578333333,168,182,61,62,107,120,350,227,123
"560",604,"Sheridan Rd & Noyes St (NU)",42.0582248333333,-87.6774971666667,211,220,72,67,139,153,431,292,139
"561",605,"University Library (NU)",42.0528686666667,-87.6732833333333,98,97,37,36,61,61,195,122,73
"562",619,"Keystone Ave & Fullerton Ave",41.9245906666667,-87.7279011666667,70,87,62,68,8,19,157,27,130
"563",620,"Orleans St & Chestnut St (NEXT Apts)",41.8981023333333,-87.637579,528,497,232,228,296,269,1025,565,460
"564",621,"Aberdeen St & Randolph St",41.8841583333333,-87.6543513333333,433,455,191,188,242,267,888,509,379
"565",622,"California Ave & Cortez St",41.9002945,-87.696687,245,239,142,133,103,106,484,209,275
"566",623,"Michigan Ave & 8th St",41.8726026666667,-87.624212,872,813,236,225,636,588,1685,1224,461
"567",624,"Dearborn St & Van Buren St",41.8762848333333,-87.6292926666667,352,341,88,87,264,254,693,518,175
"568",625,"Chicago Ave & Dempster St",42.041681,-87.6807508333333,152,142,63,61,89,81,294,170,124
"569",626,"Delano Ct & Roosevelt Rd",41.8674601666667,-87.6322048333333,383,348,118,115,265,233,731,498,233
"570",627,"LaSalle Dr & Huron St",41.894722,-87.6323448333333,731,726,287,291,444,435,1457,879,578
"571",628,"Walsh Park",41.9145973333333,-87.6679156666667,379,357,55,53,324,304,736,628,108
"572",630,"Kildare Ave & Montrose Ave",41.961102,-87.7356986666667,52,47,17,18,35,29,99,64,35
"573",631,"Malcolm X College",41.8776215,-87.6738553333333,65,60,23,21,42,39,125,81,44
"574",632,"Clark St & Newport St",41.9445223333333,-87.6547516666667,942,953,335,334,607,619,1895,1226,669
"575",635,"Fairbanks St & Superior St",41.8958593333333,-87.6204975,530,566,146,147,384,419,1096,803,293
"576",636,"Orleans St & Hubbard St",41.8899931666667,-87.6367061666667,448,469,166,166,282,303,917,585,332
"577",637,"Wood St & Chicago Ave",41.8955743333333,-87.6721785,305,319,108,111,197,208,624,405,219
"578",638,"Clinton St & Jackson Blvd",41.8779756666667,-87.6400318333333,500,426,194,178,306,248,926,554,372
"579",639,"Lakefront Trail & Wilson Ave",41.9658346666667,-87.6455175,530,487,91,75,439,412,1017,851,166
"580",640,"Bernard St & Elston Ave",41.9499601666667,-87.7140151666667,72,69,47,48,25,21,141,46,95
"581",641,"Central Park Ave & Bloomingdale Ave",41.9142086666667,-87.7167776666667,179,175,55,42,124,133,354,257,97
"582",642,"Latrobe Ave & Chicago Ave",41.8946941666667,-87.7568061666667,1,6,1,1,0,0,7,0,2
"583",643,"Smith Park",41.8920136666667,-87.689406,149,181,116,117,33,64,330,97,233
"584",644,"Western Ave & Fillmore St",41.8686276666667,-87.686282,316,326,235,236,81,90,642,171,471
"585",645,"Archer (Damen) Ave & 37th St",41.8267085,-87.6832335,27,25,7,7,20,18,52,38,14
"586",646,"State St & 54th St",41.7965085,-87.625949,13,12,6,6,7,6,25,13,12
"587",648,"Carpenter St & 63rd St",41.77987,-87.650919,1,1,0,0,1,1,2,2,0
"588",649,"Stewart Ave & 63rd St",41.7798925,-87.6347628333333,6,7,5,3,1,4,13,5,8
"589",650,"Eggleston Ave & 69th St",41.7689205,-87.6358206666667,13,9,2,2,11,7,22,18,4
"590",652,"Rhodes Ave & 71st St",41.766067,-87.6117441666667,12,7,9,6,3,1,19,4,15
"591",653,"Cornell Dr & Hayes Dr",41.7805596666667,-87.585206,26,25,6,6,20,19,51,39,12
"592",654,"Racine Ave & Washington Blvd",41.8830761666667,-87.6570596666667,210,217,68,64,142,153,427,295,132
"593",655,"Hoyne Ave & Balmoral Ave",41.9799198333333,-87.681967,101,84,59,56,42,28,185,70,115
"594",656,"Damen Ave & Walnut (Lake) St",41.8859568333333,-87.6770291666667,112,111,50,57,62,54,223,116,107
"595",657,"Wood St & Augusta Blvd",41.8991131666667,-87.6721511666667,293,271,94,90,199,181,564,380,184
"596",658,"Leavitt St & Division St",41.9029751666667,-87.6836995,231,189,85,75,146,114,420,260,160
"597",659,"Leavitt St & Chicago Ave",41.8954991666667,-87.682013,300,313,119,117,181,196,613,377,236
"598",660,"Sheridan Rd & Columbia Ave",42.0045593333333,-87.661485,221,220,103,100,118,120,441,238,203
"599",661,"Evanston Civic Center",42.0570851666667,-87.6865791666667,70,68,32,32,38,36,138,74,64
"600",662,"Dodge Ave & Mulford St",42.023615,-87.6996318333333,35,33,18,15,17,18,68,35,33
"601",663,"Lincolnwood Dr & Central St",42.0647968333333,-87.7153458333333,58,58,12,11,46,47,116,93,23
"602",664,"Leavitt St & Belmont Ave",41.939348,-87.6832546666667,221,194,77,78,144,116,415,260,155
"603",665,"South Chicago Ave & Elliot Ave",41.7473485,-87.5800075,1,1,1,0,0,0,2,0,0
"604",666,"Cherry Ave & Blackhawk St",41.9072245,-87.6557448333333,59,48,20,18,39,30,107,69,38
"605",671,"HUBBARD ST BIKE CHECKING (LBS-WH-TEST)",41.8899485,-87.6802331666667,3,22,3,16,0,0,25,0,19
"606",672,"Franklin St & Illinois St",41.8909586666667,-87.6353428333333,928,913,361,359,567,554,1841,1121,720
"607",673,"Lincoln Park Conservatory",41.9240388333333,-87.6359301666667,635,644,165,161,470,483,1279,953,326
"608",674,"Michigan Ave & 71st St",41.7653388333333,-87.6217235,5,5,4,4,1,1,10,2,8
"609",676,"WATSON TESTING - DIVVY",41.8947175,-87.7309041666667,101,101,101,101,0,0,202,0,202
"610",677,"Stewart Ave & 83rd St",41.743717,-87.6340721666667,8,6,5,4,3,2,14,5,9
"611",678,"Halsted St & 73rd St",41.761605,-87.64416,3,0,0,0,3,0,0,0,0
"612",679,"Ashland Ave & 74th St",41.759193,-87.663543,4,4,1,1,3,3,8,6,2
"613",681,"Halsted St & 78th St",41.7525125,-87.6436205,3,5,2,2,1,3,8,4,4
"614",682,"Eberhart Ave & 91st St",41.729267,-87.611829,5,7,0,0,5,7,12,12,0
"615",683,"Ashland Ave & 78th St",41.7522325,-87.6637966666667,7,8,7,7,0,0,15,0,14
"616",684,"Prospect Sq & 91st St",41.7279436666667,-87.6676491666667,36,32,30,25,6,7,68,13,55
"617",685,"Summit Ave & 86th St",41.7378473333333,-87.6448641666667,9,6,9,6,0,0,15,0,15
"618",686,"East End Ave & 87th St",41.736793,-87.5828428333333,10,6,6,6,4,0,16,0,12
"619",687,"Loomis Blvd & 84th St",41.741486,-87.65841,17,17,2,2,15,15,34,30,4
"620",689,"Elizabeth St & 92nd St",41.726883,-87.6543226666667,7,8,1,1,6,7,15,13,2
"621",690,"State St & 95th St",41.7215853333333,-87.6228745,31,25,26,20,5,5,56,10,46
"622",691,"Eggleston Ave & 92nd St",41.7276536666667,-87.6348881666667,8,7,7,6,1,1,15,2,13
"623",692,"Marquette Ave & 89th St",41.7335528333333,-87.558398,4,1,2,0,2,1,5,3,0
"624",693,"Baltimore Ave & 87th St",41.7373256666667,-87.5484783333333,15,11,8,8,7,3,26,10,16
"625",694,"Houston Ave & 92nd St",41.7281898333333,-87.5494803333333,16,14,5,4,11,10,30,21,9
"626",695,"Dauphin Ave & 103rd St",41.707315,-87.6077036666667,6,6,3,3,3,3,12,6,6
"627",696,"Indiana Ave & 103rd St",41.7071595,-87.618337,12,13,1,1,11,12,25,23,2
"628",697,"Oglesby Ave & 100th St",41.7133325,-87.5658866666667,17,18,6,9,11,9,35,20,15
"629",698,"Cottage Grove Ave & 111th Pl",41.691674,-87.6100241666667,6,1,5,0,1,1,7,2,0
"630",699,"Vernon Ave & 107th St",41.7001901666667,-87.6123373333333,20,12,17,10,3,2,32,5,27
"631",700,"Halsted St & 96th St",41.719728,-87.6427871666667,12,11,6,6,6,5,23,11,12
"632",701,"Constance Ave & 95th St",41.7220791666667,-87.5789938333333,5,4,4,3,1,1,9,2,7
"633",702,"Greenwood Ave & 91st St",41.728726,-87.5972698333333,14,6,12,4,2,2,20,4,16
"634",703,"Greenwood Ave & 97th St",41.7187198333333,-87.5969841666667,36,36,33,33,3,3,72,6,66
"635",704,"Avenue O & 134th St",41.6519026666667,-87.5395931666667,5,5,4,3,1,2,10,3,7
"636",705,"Stony Island Ave & 90th St",41.731395,-87.5858448333333,6,5,5,3,1,2,11,3,8
"637",706,"Dauphin Ave & 87th St",41.7364216666667,-87.6012811666667,10,9,3,2,7,7,19,14,5
"638",707,"Torrence Ave & 106th St",41.7029093333333,-87.5598955,4,0,3,0,1,0,0,0,0
"639",708,"Clyde Ave & 87th St",41.7371635,-87.5726468333333,11,11,7,6,4,5,22,9,13
"640",709,"Michigan Ave & 114th St",41.6870215,-87.6212223333333,6,3,6,2,0,0,9,0,8
"641",710,"Burnham Greenway & 105th St",41.7046441666667,-87.5284218333333,15,15,11,9,4,6,30,10,20
"642",711,"Halsted St & 111th St",41.6922986666667,-87.6426928333333,18,9,17,8,1,1,27,2,25
"643",712,"Wentworth Ave & 104th St",41.705343,-87.6289893333333,3,2,2,1,1,1,5,2,3
"644",713,"Major Taylor Trail & 115th St",41.684971,-87.6452788333333,18,8,17,8,1,0,26,0,25
"645",714,"State St & 123rd St",41.6706423333333,-87.6227791666667,11,7,10,7,1,0,18,0,17
"646",715,"Major Taylor Trail & 124th St",41.6687055,-87.6371806666667,11,6,10,5,1,1,17,2,15
"647",716,"Eberhart Ave & 131st St",41.6579675,-87.610787,1,0,1,0,0,0,0,0,0
"648",717,"Big Marsh Park",41.6858803333333,-87.5737716666667,57,55,38,36,19,19,112,38,74
"649",718,"Ewing Ave & Burnham Greenway",41.7127128333333,-87.5346836666667,10,8,5,6,5,2,18,7,11
"650",719,"Avenue O & 118th St",41.681055,-87.5379605,7,5,3,2,4,3,12,7,5
"651",720,"Torrence Ave & 126th Pl",41.6662883333333,-87.5570983333333,5,0,2,0,3,0,0,0,0
"652",721,"Walden Pkwy & 100th St",41.7122051666667,-87.6676826666667,16,15,15,13,1,2,31,3,28
"653",722,"Commercial Ave & 130th St",41.6591445,-87.5507808333333,7,6,6,3,1,3,13,4,9
"654",723,"Hale Ave & 107th St",41.6991935,-87.6688683333333,4,3,2,1,2,2,7,4,3
"655",724,"Homewood Ave & 115th St",41.6845781666667,-87.6707916666667,6,5,6,4,0,0,11,0,10
"656",725,"Halsted St & 104th St",41.7051885,-87.6423826666667,7,3,7,3,0,0,10,0,10
"657",726,"Vincennes Ave & 104th St",41.7049061666667,-87.6571176666667,3,2,3,2,0,0,5,0,5
"658",727,"Ada St & 113th St",41.6875768333333,-87.6553226666667,9,8,9,8,0,0,17,0,17
"659",728,"Western Ave & 111th St",41.6912203333333,-87.6813113333333,9,7,9,6,0,0,16,0,15
"660",730,"Lawndale Ave & 111th St",41.6913071666667,-87.7128096666667,6,4,6,4,0,0,10,0,10
"661",731,"Bradley Park",41.7179253333333,-87.5646038333333,27,29,27,25,0,0,56,0,52
"662",732,"Hegewisch Metra Station",41.6486476666667,-87.5462546666667,5,3,4,0,1,3,8,4,0
"663",0,"",41.91,-87.62,24434,26826,24434,26542,0,0,51260,0,50976
