"","station_id","station_name","lat","long","start_n","end_n","e_start_n","e_end_n","c_start_n","c_end_n","total","classic","electric"
"1",2,"Buckingham Fountain",41.876511,-87.620548,3004,2824,1,1,3003,2823,5828,5826,2
"2",3,"Shedd Aquarium",41.867225,-87.615355,2712,2364,19,12,2693,2352,5076,5045,31
"3",4,"Burnham Harbor",41.856268,-87.613348,3320,3322,7,7,3313,3315,6642,6628,14
"4",5,"State St & Harrison St",41.874053,-87.627716,1217,1245,6,5,1211,1240,2462,2451,11
"5",6,"Dusable Harbor",41.886976,-87.612813,2323,2263,1,1,2322,2262,4586,4584,2
"6",7,"Field Blvd & South Water St",41.886349,-87.617516,1481,1516,5,5,1476,1511,2997,2987,10
"7",9,"Leavitt St & Archer Ave",41.828792,-87.680604,114,126,0,0,114,126,240,240,0
"8",11,"Jeffery Blvd & 71st St",41.766638,-87.57645,117,115,1,1,116,114,232,230,2
"9",12,"South Shore Dr & 71st St",41.766409,-87.565687,471,471,4,4,467,467,942,934,8
"10",13,"Wilton Ave & Diversey Pkwy",41.932418,-87.652705,1762,1707,5,5,1757,1702,3469,3459,10
"11",14,"Morgan St & 18th St",41.858086,-87.651073,440,448,2,2,438,446,888,884,4
"12",15,"Racine Ave & 18th St",41.858166,-87.656495,622,640,2,2,620,638,1262,1258,4
"13",16,"Paulina Ave & North Ave",41.910337,-87.670072,1156,1190,5,5,1151,1185,2346,2336,10
"14",17,"Honore St & Division St",41.903119,-87.673935,1387,1392,3,3,1384,1389,2779,2773,6
"15",18,"Wacker Dr & Washington St",41.883132,-87.637321,760,744,0,0,760,744,1504,1504,0
"16",19,"Throop (Loomis) St & Taylor St",41.868968,-87.659141,741,733,4,4,737,729,1474,1466,8
"17",20,"Sheffield Ave & Kingsbury St",41.910522,-87.653106,1637,1783,3,3,1634,1780,3420,3414,6
"18",21,"Aberdeen St & Jackson Blvd",41.877726,-87.654787,1184,1121,4,3,1180,1118,2305,2298,7
"19",22,"May St & Taylor St",41.869482,-87.655486,1101,1090,1,1,1100,1089,2191,2189,2
"20",23,"Orleans St & Elm St",41.902924,-87.637715,462,483,0,0,462,483,945,945,0
"21",24,"Fairbanks Ct & Grand Ave",41.891847,-87.62058,3499,3563,8,8,3491,3555,7062,7046,16
"22",25,"Michigan Ave & Pearson St",41.89766,-87.62351,2115,2038,4,4,2111,2034,4153,4145,8
"23",26,"McClurg Ct & Illinois St",41.890359,-87.617532,2943,2829,8,9,2935,2820,5772,5755,17
"24",27,"Larrabee St & North Ave",41.91021,-87.6435,771,752,1,1,770,751,1523,1521,2
"25",28,"Larrabee St & Menomonee St",41.91468,-87.64332,616,622,0,0,616,622,1238,1238,0
"26",29,"Noble St & Milwaukee Ave",41.90068,-87.6626,1247,1202,6,6,1241,1196,2449,2437,12
"27",30,"Ashland Ave & Augusta Blvd",41.899643,-87.6677,840,845,2,2,838,843,1685,1681,4
"28",31,"Franklin St & Chicago Ave",41.896746,-87.635667,1452,1426,1,1,1451,1425,2878,2876,2
"29",32,"Racine Ave & Congress Pkwy",41.87464,-87.65703,384,330,0,0,384,330,714,714,0
"30",33,"State St & Van Buren St",41.877181,-87.627844,989,960,4,4,985,956,1949,1941,8
"31",34,"Cannon Dr & Fullerton Ave",41.926755,-87.634428,1695,1631,3,3,1692,1628,3326,3320,6
"32",35,"Streeter Dr & Grand Ave",41.892278,-87.612043,8598,9051,33,23,8565,9028,17649,17593,56
"33",36,"Franklin St & Jackson Blvd",41.877707,-87.635321,1383,1294,0,0,1383,1293,2677,2676,0
"34",37,"Dearborn St & Adams St",41.879356,-87.629791,798,799,2,2,796,797,1597,1593,4
"35",38,"Clark St & Lake St",41.886021,-87.630876,2074,2006,4,4,2070,2002,4080,4072,8
"36",39,"Wabash Ave & Adams St",41.879472,-87.625688,1565,1578,1,1,1564,1577,3143,3141,2
"37",40,"LaSalle St & Adams St",41.879344,-87.631985,521,513,3,3,518,510,1034,1028,6
"38",41,"Federal St & Polk St",41.872077,-87.629543,2093,2099,4,5,2089,2094,4192,4183,9
"39",42,"Wabash Ave & Cermak Rd",41.852619,-87.626488,336,389,1,1,335,388,725,723,2
"40",43,"Michigan Ave & Washington St",41.883984,-87.624683,3344,3211,4,5,3340,3206,6555,6546,9
"41",44,"State St & Randolph St",41.88473,-87.627733,2550,2555,3,4,2547,2551,5105,5098,7
"42",45,"Michigan Ave & Ida B Wells Dr",41.876243,-87.624426,1037,974,2,0,1035,974,2011,2009,0
"43",46,"Wells St & Walton St",41.89993,-87.63443,1097,848,1,1,1096,847,1945,1943,2
"44",47,"State St & Kinzie St",41.889187,-87.627754,2648,2704,7,7,2641,2697,5352,5338,14
"45",48,"Larrabee St & Kingsbury St",41.897764,-87.642884,1289,1241,5,5,1284,1236,2530,2520,10
"46",49,"Dearborn St & Monroe St",41.88132,-87.629521,1921,1983,3,3,1918,1980,3904,3898,6
"47",50,"Clark St & Ida B Wells Dr",41.875932,-87.630584,595,572,0,0,595,572,1167,1167,0
"48",51,"Clark St & Randolph St",41.884576,-87.631889,1581,1612,5,6,1576,1606,3193,3182,11
"49",52,"Michigan Ave & Lake St",41.886024,-87.624117,3688,3695,2,3,3686,3692,7383,7378,5
"50",53,"Wells St & Huron St",41.894722,-87.634362,3177,3020,3,3,3174,3017,6197,6191,6
"51",54,"Ogden Ave & Chicago Ave",41.896362,-87.654061,1164,1181,4,5,1160,1176,2345,2336,9
"52",55,"Halsted St & Roosevelt Rd",41.867324,-87.648625,311,297,0,0,311,297,608,608,0
"53",56,"Desplaines St & Kinzie St",41.888716,-87.644447,2817,2739,8,8,2809,2731,5556,5540,16
"54",57,"Clinton St & Roosevelt Rd",41.867117,-87.641087,799,936,5,5,794,931,1735,1725,10
"55",58,"Marshfield Ave & Cortland St",41.916017,-87.668879,982,957,1,1,981,956,1939,1937,2
"56",59,"Wabash Ave & Roosevelt Rd",41.867227,-87.625961,3764,3986,19,18,3745,3968,7750,7713,37
"57",60,"Dayton St & North Ave",41.910578,-87.649421,1144,1169,6,6,1138,1163,2313,2301,12
"58",61,"Wood St & Milwaukee Ave",41.907655,-87.672552,1731,1826,8,8,1723,1818,3557,3541,16
"59",62,"McCormick Place",41.851375,-87.618834,360,330,2,2,358,328,690,686,4
"60",66,"Clinton St & Lake St",41.885637,-87.641823,1520,1494,4,5,1516,1489,3014,3005,9
"61",67,"Sheffield Ave & Fullerton Ave",41.925601,-87.653708,1345,1067,1,1,1344,1066,2412,2410,2
"62",68,"Clinton St & Tilden St",41.875885,-87.640795,366,343,0,0,366,343,709,709,0
"63",69,"Damen Ave & Pierce Ave",41.909396,-87.677691,2411,2722,7,8,2404,2714,5133,5118,15
"64",71,"Morgan St & Lake St",41.885483,-87.652304,1775,2069,5,5,1770,2064,3844,3834,10
"65",72,"Wabash Ave & 16th St",41.860384,-87.625813,1289,1234,2,2,1287,1232,2523,2519,4
"66",73,"Jefferson St & Monroe St",41.880422,-87.642746,957,864,3,2,954,862,1821,1816,5
"67",74,"Kingsbury St & Erie St",41.893808,-87.641697,2450,2456,4,4,2446,2452,4906,4898,8
"68",75,"Canal St & Jackson Blvd",41.877245,-87.639366,402,368,3,4,399,364,770,763,7
"69",76,"Lake Shore Dr & Monroe St",41.880958,-87.616743,6390,6252,20,11,6370,6241,12642,12611,31
"70",77,"Clinton St & Madison St",41.882242,-87.641066,2028,1912,7,8,2021,1904,3940,3925,15
"71",80,"Aberdeen St & Monroe St",41.880419,-87.655519,844,846,3,3,841,843,1690,1684,6
"72",81,"Daley Center Plaza",41.884241,-87.629634,1883,1794,5,3,1878,1791,3677,3669,8
"73",84,"Milwaukee Ave & Grand Ave",41.891578,-87.648384,2021,2069,2,2,2019,2067,4090,4086,4
"74",85,"Michigan Ave & Oak St",41.90096,-87.623776,3583,3474,3,3,3580,3471,7057,7051,6
"75",86,"Eckhart Park",41.896373,-87.660983,1300,1327,7,6,1293,1321,2627,2614,13
"76",87,"Racine Ave & Fullerton Ave",41.925562,-87.658404,1451,1482,4,4,1447,1478,2933,2925,8
"77",88,"Racine Ave & Randolph St",41.884069,-87.656853,404,368,1,0,403,368,772,771,0
"78",89,"Financial Pl & Ida B Wells Dr",41.875023,-87.633094,679,631,3,3,676,628,1310,1304,6
"79",90,"Millennium Park",41.881031,-87.624084,5035,5108,6,6,5029,5102,10143,10131,12
"80",91,"Clinton St & Washington Blvd",41.88338,-87.64117,1156,1100,3,4,1153,1096,2256,2249,7
"81",92,"Carpenter St & Huron St",41.894556,-87.653449,1077,984,0,0,1077,984,2061,2061,0
"82",93,"Sheffield Ave & Willow St",41.913688,-87.652855,1490,1522,8,8,1482,1514,3012,2996,16
"83",94,"Clark St & Armitage Ave",41.918306,-87.636282,3967,3743,10,11,3957,3732,7710,7689,21
"84",95,"Stony Island Ave & 64th St",41.778881,-87.586647,102,103,0,0,102,103,205,205,0
"85",96,"Desplaines St & Randolph St",41.884616,-87.64457,1273,1140,2,2,1271,1138,2413,2409,4
"86",97,"Field Museum",41.865312,-87.617867,548,549,2,2,546,547,1097,1093,4
"87",98,"LaSalle St & Washington St",41.882664,-87.63253,1084,1180,1,1,1083,1179,2264,2262,2
"88",99,"Lake Shore Dr & Ohio St",41.89257,-87.614492,2839,2805,4,4,2835,2801,5644,5636,8
"89",100,"Orleans St & Merchandise Mart Plaza",41.888243,-87.63639,1174,987,10,6,1164,981,2161,2145,16
"90",101,"63rd St Beach",41.781016,-87.57612,545,553,0,0,545,553,1098,1098,0
"91",102,"Stony Island Ave & 67th St",41.773458,-87.58534,121,106,0,0,121,106,227,227,0
"92",103,"Clinton St & Polk St",41.871467,-87.640949,107,103,2,2,105,101,210,206,4
"93",106,"State St & Pearson St",41.897448,-87.628722,1585,1484,7,5,1578,1479,3069,3057,12
"94",107,"Desplaines St & Jackson Blvd",41.878287,-87.643909,1359,1319,5,5,1354,1314,2678,2668,10
"95",108,"Halsted St & Polk St",41.87184,-87.64664,472,480,1,1,471,479,952,950,2
"96",109,"900 W Harrison St",41.874754,-87.649807,436,395,0,0,436,395,831,831,0
"97",110,"Dearborn St & Erie St",41.893992,-87.629318,3800,3859,13,14,3787,3845,7659,7632,27
"98",111,"Sedgwick St & Huron St",41.894666,-87.638437,1374,1318,6,6,1368,1312,2692,2680,12
"99",112,"Green St & Randolph St",41.883668,-87.64867,1712,1826,6,6,1706,1820,3538,3526,12
"100",113,"Bissell St & Armitage Ave",41.91844,-87.65222,2480,2632,2,2,2478,2630,5112,5108,4
"101",114,"Sheffield Ave & Waveland Ave",41.949399,-87.654529,2217,2294,8,8,2209,2286,4511,4495,16
"102",115,"Sheffield Ave & Wellington Ave",41.936266,-87.652662,2178,2244,7,8,2171,2236,4422,4407,15
"103",116,"Western Ave & Winnebago Ave",41.91552,-87.687022,1072,1041,2,2,1070,1039,2113,2109,4
"104",117,"Wilton Ave & Belmont Ave",41.94018,-87.65304,2821,2902,4,4,2817,2898,5723,5715,8
"105",118,"Sedgwick St & North Ave",41.911386,-87.638677,1608,1492,2,2,1606,1490,3100,3096,4
"106",119,"Ashland Ave & Lake St",41.88592,-87.66717,390,418,1,1,389,417,808,806,2
"107",120,"Wentworth Ave & Cermak Rd",41.853085,-87.631931,853,916,4,4,849,912,1769,1761,8
"108",121,"Blackstone Ave & Hyde Park Blvd",41.802562,-87.590368,763,726,7,4,756,722,1489,1478,11
"109",122,"Ogden Ave & Congress Pkwy",41.87501,-87.67328,215,183,1,1,214,182,398,396,2
"110",123,"California Ave & Milwaukee Ave",41.922695,-87.697153,1166,1160,9,9,1157,1151,2326,2308,18
"111",124,"Damen Ave & Cullerton St",41.855048,-87.675726,408,438,0,0,408,437,846,845,0
"112",125,"Rush St & Hubbard St",41.890173,-87.626185,1127,1091,2,2,1125,1089,2218,2214,4
"113",126,"Clark St & North Ave",41.911974,-87.631942,2008,2100,2,3,2006,2097,4108,4103,5
"114",127,"Lincoln Ave & Fullerton Ave",41.925905,-87.64926,2684,2713,2,2,2682,2711,5397,5393,4
"115",128,"Damen Ave & Chicago Ave",41.895769,-87.67722,1246,1376,9,9,1237,1367,2622,2604,18
"116",129,"Blue Island Ave & 18th St",41.857556,-87.661535,700,728,3,4,697,724,1428,1421,7
"117",130,"Damen Ave & Division St",41.903266,-87.678435,1020,969,2,2,1018,967,1989,1985,4
"118",131,"Lincoln Ave & Belmont Ave",41.939365,-87.668385,1245,1332,4,4,1241,1328,2577,2569,8
"119",132,"Wentworth Ave & 24th St (Temp)",41.850083,-87.63214,191,193,0,0,191,193,384,384,0
"120",133,"Kingsbury St & Kinzie St",41.889176,-87.638505,2970,2835,6,6,2964,2829,5805,5793,12
"121",134,"Peoria St & Jackson Blvd",41.877641,-87.649617,1622,1580,3,3,1619,1577,3202,3196,6
"122",135,"Halsted St & 21st St",41.85378,-87.64665,137,165,2,2,135,163,302,298,4
"123",136,"Racine Ave & 13th St",41.865054,-87.656959,136,124,0,0,136,124,260,260,0
"124",137,"Morgan Ave & 14th Pl",41.862378,-87.651062,499,522,1,1,498,521,1021,1019,2
"125",138,"Clybourn Ave & Division St",41.904613,-87.640552,772,780,0,0,772,780,1552,1552,0
"126",140,"Dearborn Pkwy & Delaware Pl",41.898969,-87.629912,3131,3202,2,2,3129,3200,6333,6329,4
"127",141,"Clark St & Lincoln Ave",41.915689,-87.6346,3882,3800,8,8,3874,3792,7682,7666,16
"128",142,"McClurg Ct & Erie St",41.894503,-87.617854,2526,2372,3,4,2523,2368,4898,4891,7
"129",143,"Sedgwick St & Webster Ave",41.922167,-87.638888,1641,1591,5,6,1636,1585,3232,3221,11
"130",144,"Larrabee St & Webster Ave",41.921822,-87.64414,3296,3300,8,9,3288,3291,6596,6579,17
"131",145,"Mies van der Rohe Way & Chestnut St",41.898586,-87.621915,2811,2851,5,5,2806,2846,5662,5652,10
"132",146,"Loomis St & Jackson Blvd",41.877945,-87.662007,653,687,2,3,651,684,1340,1335,5
"133",147,"Indiana Ave & 26th St",41.845687,-87.622481,611,613,13,13,598,600,1224,1198,26
"134",148,"State St & 33rd St",41.834734,-87.625813,566,586,2,2,564,584,1152,1148,4
"135",149,"Calumet Ave & 33rd St",41.8349,-87.61793,459,461,1,1,458,460,920,918,2
"136",150,"Fort Dearborn Dr & 31st St",41.838556,-87.608218,2753,2726,17,14,2736,2712,5479,5448,31
"137",152,"Lincoln Ave & Diversey Pkwy",41.932225,-87.658617,1433,1391,4,5,1429,1386,2824,2815,9
"138",153,"Southport Ave & Wellington Ave",41.935733,-87.663576,1239,1280,1,1,1238,1279,2519,2517,2
"139",154,"Southport Ave & Belmont Ave",41.93949,-87.66378,1152,1172,1,1,1151,1171,2324,2322,2
"140",156,"Clark St & Wellington Ave",41.936496,-87.647538,2475,2468,6,5,2469,2463,4943,4932,11
"141",157,"Lake Shore Dr & Wellington Ave",41.936688,-87.636829,4418,4484,13,7,4405,4477,8902,8882,20
"142",158,"Milwaukee Ave & Wabansia Ave",41.912616,-87.681391,1650,1669,6,6,1644,1663,3319,3307,12
"143",159,"Claremont Ave & Hirsch St",41.907781,-87.685854,255,225,0,0,255,225,480,480,0
"144",160,"Campbell Ave & North Ave",41.910535,-87.689556,698,692,0,0,698,692,1390,1390,0
"145",161,"Rush St & Superior St",41.895764,-87.625908,2261,2277,4,4,2257,2273,4538,4530,8
"146",162,"Damen Ave & Wellington Ave",41.93588,-87.67842,557,620,5,6,552,614,1177,1166,11
"147",163,"Damen Ave & Clybourn Ave",41.931931,-87.677856,465,534,1,1,464,533,999,997,2
"148",164,"Franklin St & Lake St",41.885837,-87.6355,1496,1478,3,3,1493,1475,2974,2968,6
"149",165,"Clark St & Grace St",41.95078,-87.659172,1672,1659,9,9,1663,1650,3331,3313,18
"150",166,"Ashland Ave & Wrightwood Ave",41.92883,-87.668507,912,959,2,4,910,955,1871,1865,6
"151",167,"Damen Ave & Coulter St",41.8492,-87.67564,118,127,0,0,118,127,245,245,0
"152",168,"Michigan Ave & 14th St",41.864059,-87.623727,1794,1809,5,7,1789,1802,3603,3591,12
"153",169,"Canal St & Harrison St",41.874255,-87.639573,221,218,0,0,221,218,439,439,0
"154",170,"Clinton St & 18th St",41.85795,-87.640826,443,460,0,0,443,460,903,903,0
"155",171,"May St & Cullerton St",41.855136,-87.654127,298,305,0,0,298,305,603,603,0
"156",172,"Rush St & Cedar St",41.902308,-87.62769,2819,2867,11,11,2808,2856,5686,5664,22
"157",173,"Mies van der Rohe Way & Chicago Ave",41.89691,-87.621743,2282,2253,14,6,2268,2247,4535,4515,20
"158",174,"Canal St & Madison St",41.882091,-87.639833,751,708,3,3,748,705,1459,1453,6
"159",175,"Wells St & Polk St",41.872596,-87.633502,1353,1314,3,4,1350,1310,2667,2660,7
"160",176,"Clark St & Elm St",41.902973,-87.63128,5083,5016,21,9,5062,5007,10099,10069,30
"161",177,"Theater on the Lake",41.926277,-87.630834,6198,6473,5,7,6193,6466,12671,12659,12
"162",178,"State St & 19th St",41.856594,-87.627542,487,497,0,0,487,496,984,983,0
"163",179,"MLK Jr Dr & Pershing Rd",41.8246,-87.61678,419,424,2,2,417,422,843,839,4
"164",180,"Ritchie Ct & Banks St",41.906866,-87.626217,2011,1967,2,2,2009,1965,3978,3974,4
"165",181,"LaSalle St & Illinois St",41.890762,-87.631697,2382,2422,2,3,2380,2419,4804,4799,5
"166",182,"Wells St & Elm St",41.903222,-87.634324,3315,3064,11,11,3304,3053,6379,6357,22
"167",183,"Damen Ave & Thomas St (Augusta Blvd)",41.901315,-87.677409,1053,963,2,2,1051,961,2016,2012,4
"168",184,"State St & 35th St",41.831036,-87.626797,397,410,8,8,389,402,807,791,16
"169",185,"Stave St & Armitage Ave",41.917741,-87.691392,536,546,3,4,533,542,1082,1075,7
"170",186,"Ogden Ave & Race Ave",41.891795,-87.658751,1102,1156,0,0,1102,1156,2258,2258,0
"171",188,"Greenview Ave & Fullerton Ave",41.92533,-87.6658,1246,1400,3,3,1243,1397,2646,2640,6
"172",190,"Southport Ave & Wrightwood Ave",41.928773,-87.663913,1229,1227,1,1,1228,1226,2456,2454,2
"173",191,"Canal St & Monroe St",41.88169,-87.63953,464,390,0,0,464,390,854,854,0
"174",192,"Canal St & Adams St",41.879255,-87.639904,1103,1053,2,2,1101,1051,2156,2152,4
"175",193,"State St & 29th St",41.841707,-87.626938,142,138,0,0,142,138,280,280,0
"176",194,"Wabash Ave & Wacker Pl",41.886875,-87.62603,2498,2552,3,3,2495,2549,5050,5044,6
"177",195,"Columbus Dr & Randolph St",41.884728,-87.619521,3772,2886,9,6,3763,2880,6658,6643,15
"178",196,"Cityfront Plaza Dr & Pioneer Ct",41.890573,-87.622072,1631,1432,8,3,1623,1429,3063,3052,11
"179",197,"Michigan Ave & Madison St",41.882134,-87.625125,1460,1461,0,0,1460,1461,2921,2921,0
"180",198,"Green St & Madison St",41.881892,-87.648789,2351,2472,4,4,2347,2468,4823,4815,8
"181",199,"Wabash Ave & Grand Ave",41.891466,-87.626761,3755,3809,11,11,3744,3798,7564,7542,22
"182",200,"MLK Jr Dr & 47th St",41.809851,-87.616279,234,249,2,2,232,247,483,479,4
"183",201,"Indiana Ave & 40th St",41.82168,-87.6216,184,179,1,1,183,178,363,361,2
"184",202,"Halsted St & 18th St",41.857499,-87.646277,383,413,5,5,378,408,796,786,10
"185",203,"Western Ave & 21st St",41.854109,-87.685838,196,245,0,0,196,244,441,440,0
"186",204,"Prairie Ave & Garfield Blvd",41.794853,-87.618691,79,76,1,1,78,75,155,153,2
"187",205,"Paulina St & 18th St",41.857901,-87.668745,549,567,5,6,544,561,1116,1105,11
"188",206,"Halsted St & Archer Ave",41.847203,-87.646795,189,180,0,0,189,180,369,369,0
"189",207,"Emerald Ave & 28th St",41.84358,-87.645368,323,324,1,2,322,322,647,644,3
"190",208,"Laflin St & Cullerton St",41.854914,-87.663559,316,299,1,1,315,298,615,613,2
"191",209,"Normal Ave & Archer Ave",41.849527,-87.640591,131,144,1,1,130,143,275,273,2
"192",210,"Ashland Ave & Division St",41.90345,-87.667747,2677,2670,8,8,2669,2662,5347,5331,16
"193",211,"St. Clair St & Erie St",41.894448,-87.622663,3402,3553,9,10,3393,3543,6955,6936,19
"194",212,"Wells St & Hubbard St",41.889906,-87.634266,2465,2387,4,4,2461,2383,4852,4844,8
"195",213,"Leavitt St & North Ave",41.910153,-87.68229,769,757,4,4,765,753,1526,1518,8
"196",214,"Damen Ave & Grand Ave",41.89122,-87.67686,534,545,6,5,528,540,1079,1068,11
"197",215,"Damen Ave & Madison St",41.88137,-87.67493,299,302,0,0,299,302,601,601,0
"198",216,"California Ave & Division St",41.903029,-87.697474,637,664,4,4,633,660,1301,1293,8
"199",217,"Elizabeth (May) St & Fulton St",41.886616,-87.658039,510,477,3,4,507,473,987,980,7
"200",218,"Wells St & 19th St",41.856802,-87.633879,350,374,0,0,350,374,724,724,0
"201",219,"Damen Ave & Cortland St",41.915983,-87.677335,1473,1470,4,4,1469,1466,2943,2935,8
"202",220,"Clark St & Drummond Pl",41.931248,-87.644336,2924,2920,6,8,2918,2912,5844,5830,14
"203",222,"Milwaukee Ave & Rockwell St",41.920195,-87.693033,546,518,3,4,543,514,1064,1057,7
"204",223,"Clifton Ave & Armitage Ave",41.918216,-87.656936,1222,1264,2,2,1220,1262,2486,2482,4
"205",224,"Halsted St & Willow St",41.913865,-87.648755,1326,1298,3,3,1323,1295,2624,2618,6
"206",225,"Halsted St & Dickens Ave",41.919936,-87.64883,1957,2060,4,4,1953,2056,4017,4009,8
"207",226,"Racine Ave & Belmont Ave",41.939743,-87.658865,1461,1496,6,7,1455,1489,2957,2944,13
"208",227,"Southport Ave & Waveland Ave",41.94815,-87.66394,2073,2122,6,6,2067,2116,4195,4183,12
"209",228,"Damen Ave & Melrose Ave",41.9406,-87.6785,404,401,3,3,401,398,805,799,6
"210",229,"Southport Ave & Roscoe St",41.943739,-87.66402,2277,2468,6,6,2271,2462,4745,4733,12
"211",230,"Lincoln Ave & Roscoe St",41.94334,-87.67097,1268,1302,10,9,1258,1293,2570,2551,19
"212",231,"Sheridan Rd & Montrose Ave",41.96167,-87.65464,1902,1938,6,6,1896,1932,3840,3828,12
"213",232,"Pine Grove Ave & Waveland Ave",41.949472,-87.646452,3265,3288,11,12,3254,3276,6553,6530,23
"214",233,"Sangamon St & Washington Blvd",41.883165,-87.6511,866,867,2,2,864,865,1733,1729,4
"215",234,"Clark St & Montrose Ave",41.961588,-87.666036,761,747,0,0,761,747,1508,1508,0
"216",236,"Sedgwick St & Schiller St",41.907626,-87.638566,549,516,1,1,548,515,1065,1063,2
"217",237,"MLK Jr Dr & 29th St",41.842052,-87.617,1038,1034,0,0,1038,1034,2072,2072,0
"218",238,"Wolcott (Ravenswood) Ave & Montrose Ave",41.961406,-87.676169,758,779,0,0,758,779,1537,1537,0
"219",239,"Western Ave & Leland Ave",41.966494,-87.688418,668,686,1,2,667,684,1354,1351,3
"220",240,"Sheridan Rd & Irving Park Rd",41.954245,-87.654406,1648,1555,6,6,1642,1549,3203,3191,12
"221",241,"Morgan St & Polk St",41.871737,-87.65103,676,659,0,0,676,659,1335,1335,0
"222",242,"Damen Ave & Leland Ave",41.967094,-87.679028,619,632,3,2,616,630,1251,1246,5
"223",243,"Lincoln Ave & Sunnyside Ave",41.963004,-87.684781,698,718,3,3,695,715,1416,1410,6
"224",244,"Ravenswood Ave & Irving Park Rd",41.95469,-87.67393,669,657,6,6,663,651,1326,1314,12
"225",245,"Clarendon Ave & Junior Ter",41.961004,-87.649603,1766,1700,8,8,1758,1692,3466,3450,16
"226",246,"Ashland Ave & Belle Plaine Ave",41.956057,-87.668835,438,438,0,0,438,438,876,876,0
"227",247,"Shore Dr & 55th St",41.795212,-87.580715,2482,2499,5,4,2477,2495,4981,4972,9
"228",248,"Woodlawn Ave & 55th St",41.795264,-87.596471,370,347,2,3,368,344,717,712,5
"229",249,"Montrose Harbor",41.963982,-87.638181,3693,3632,15,10,3678,3622,7325,7300,25
"230",250,"Ashland Ave & Wellington Ave",41.936083,-87.669807,707,730,3,4,704,726,1437,1430,7
"231",251,"Clarendon Ave & Leland Ave",41.967968,-87.650001,1172,1165,3,4,1169,1161,2337,2330,7
"232",252,"Greenwood Ave & 47th St",41.809835,-87.599383,363,356,0,0,363,356,719,719,0
"233",253,"Winthrop Ave & Lawrence Ave",41.968812,-87.657659,717,687,4,4,713,683,1404,1396,8
"234",254,"Pine Grove Ave & Irving Park Rd",41.954383,-87.648043,2342,2367,14,16,2328,2351,4709,4679,30
"235",255,"Indiana Ave & Roosevelt Rd",41.867888,-87.623041,4860,4829,18,13,4842,4816,9689,9658,31
"236",256,"Broadway & Sheridan Rd",41.952833,-87.649993,1562,1593,11,13,1551,1580,3155,3131,24
"237",257,"Lincoln Ave & Waveland Ave",41.948797,-87.675278,631,655,1,1,630,654,1286,1284,2
"238",258,"Logan Blvd & Elston Ave",41.929465,-87.684158,683,784,3,3,680,781,1467,1461,6
"239",259,"California Ave & Francis Pl (Temp)",41.918491,-87.697422,488,503,5,5,483,498,991,981,10
"240",260,"Kedzie Ave & Milwaukee Ave",41.929567,-87.707857,1453,1540,3,3,1450,1537,2993,2987,6
"241",261,"Hermitage Ave & Polk St",41.871514,-87.669886,462,456,1,1,461,455,918,916,2
"242",262,"Halsted St & 37th St",41.827059,-87.64572,96,93,0,0,96,93,189,189,0
"243",263,"Rhodes Ave & 32nd St",41.836208,-87.613533,674,672,5,6,669,666,1346,1335,11
"244",264,"Stetson Ave & South Water St",41.886835,-87.62232,1442,1368,3,3,1439,1365,2810,2804,6
"245",265,"Cottage Grove Ave & Oakwood Blvd",41.822985,-87.6071,516,556,4,4,512,552,1072,1064,8
"246",267,"Lake Park Ave & 47th St",41.809443,-87.591875,636,620,1,1,635,619,1256,1254,2
"247",268,"Lake Shore Dr & North Blvd",41.911722,-87.626804,6094,6113,24,16,6070,6097,12207,12167,40
"248",270,"Stony Island Ave & 75th St",41.758669,-87.586882,56,59,0,0,56,59,115,115,0
"249",271,"Cottage Grove Ave & 43rd St",41.816499,-87.606582,218,218,5,5,213,213,436,426,10
"250",272,"Indiana Ave & 31st St",41.838842,-87.621857,471,466,2,2,469,464,937,933,4
"251",273,"Michigan Ave & 18th St",41.857813,-87.62455,1446,1466,3,4,1443,1462,2912,2905,7
"252",274,"Racine Ave & 15th St",41.861267,-87.656625,253,219,1,1,252,218,472,470,2
"253",275,"Ashland Ave & 13th St",41.865234,-87.666507,278,315,2,2,276,313,593,589,4
"254",276,"California Ave & North Ave",41.91044,-87.6972,527,527,1,1,526,526,1054,1052,2
"255",277,"Ashland Ave & Grand Ave",41.891072,-87.666611,665,715,0,0,665,715,1380,1380,0
"256",278,"Wallace St & 35th St",41.830629,-87.64129,206,203,0,0,206,202,409,408,0
"257",279,"Halsted St & 35th St",41.8307336666667,-87.6471553333333,212,193,4,1,208,192,405,400,5
"258",280,"Morgan St & 31st St",41.8378,-87.65114,337,353,2,2,335,351,690,686,4
"259",281,"Western Ave & 24th St",41.84847,-87.685109,110,112,0,0,110,112,222,222,0
"260",282,"Halsted St & Maxwell St",41.864883,-87.647071,701,741,4,4,697,737,1442,1434,8
"261",283,"LaSalle St & Jackson Blvd",41.878166,-87.631929,994,881,1,1,993,880,1875,1873,2
"262",284,"Michigan Ave & Jackson Blvd",41.87785,-87.62408,1469,1364,4,4,1465,1360,2833,2825,8
"263",285,"Wood St & Hubbard St",41.889899,-87.671473,356,356,0,0,356,356,712,712,0
"264",286,"Franklin St & Adams St (Temp)",41.879434,-87.635504,714,737,0,0,714,737,1451,1451,0
"265",287,"Franklin St & Monroe St",41.880317,-87.635185,1477,1350,3,3,1474,1347,2827,2821,6
"266",288,"Larrabee St & Armitage Ave",41.918084,-87.643749,1179,1166,1,1,1178,1165,2345,2343,2
"267",289,"Wells St & Concord Ln",41.912133,-87.634656,3909,3980,10,10,3899,3970,7889,7869,20
"268",290,"Kedzie Ave & Palmer Ct",41.921525,-87.707322,669,718,10,10,659,708,1387,1367,20
"269",291,"Wells St & Evergreen Ave",41.906724,-87.63483,3259,3264,8,9,3251,3255,6523,6506,17
"270",292,"Southport Ave & Clark St",41.957081,-87.664199,398,385,3,3,395,382,783,777,6
"271",293,"Broadway & Wilson Ave",41.965221,-87.658139,1303,1388,4,4,1299,1384,2691,2683,8
"272",294,"Broadway & Berwyn Ave",41.978353,-87.659753,1170,1175,2,2,1168,1173,2345,2341,4
"273",295,"Broadway & Argyle St",41.973815,-87.65966,1013,977,4,5,1009,972,1990,1981,9
"274",296,"Broadway & Belmont Ave",41.940106,-87.645451,2059,2141,5,5,2054,2136,4200,4190,10
"275",297,"Paulina St & Montrose Ave",41.961507,-87.671387,346,348,0,0,346,348,694,694,0
"276",298,"Lincoln Ave & Belle Plaine Ave",41.956003,-87.680161,664,692,3,3,661,689,1356,1350,6
"277",299,"Halsted St & Roscoe St",41.94367,-87.64895,2574,2643,7,6,2567,2637,5217,5204,13
"278",300,"Broadway & Barry Ave",41.937582,-87.644097,3739,3792,13,13,3726,3779,7531,7505,26
"279",301,"Clark St & Schiller St",41.907993,-87.631501,2910,2631,7,7,2903,2624,5541,5527,14
"280",302,"Sheffield Ave & Wrightwood Ave",41.928712,-87.653833,1985,1905,3,3,1982,1902,3890,3884,6
"281",303,"Broadway & Cornelia Ave",41.945529,-87.646439,2982,3033,10,10,2972,3023,6015,5995,20
"282",304,"Broadway & Waveland Ave",41.949074,-87.648636,2578,2652,6,6,2572,2646,5230,5218,12
"283",305,"Western Ave & Division St",41.902893,-87.687275,518,515,5,5,513,510,1033,1023,10
"284",306,"Sheridan Rd & Buena Ave",41.958494,-87.654966,1159,1163,4,4,1155,1159,2322,2314,8
"285",307,"Southport Ave & Clybourn Ave",41.920771,-87.663712,742,764,0,0,742,764,1506,1506,0
"286",308,"Seeley Ave & Roscoe St",41.943403,-87.679618,672,693,0,0,672,693,1365,1365,0
"287",309,"Leavitt St & Armitage Ave",41.917805,-87.682437,706,678,3,3,703,675,1384,1378,6
"288",310,"Damen Ave & Charleston St",41.920082,-87.677855,598,633,9,10,589,623,1231,1212,19
"289",311,"Leavitt St & Lawrence Ave",41.968885,-87.684001,362,371,0,0,362,371,733,733,0
"290",312,"Clarendon Ave & Gordon Ter",41.957879,-87.649519,1633,1629,6,5,1627,1624,3262,3251,11
"291",313,"Lakeview Ave & Fullerton Pkwy",41.925858,-87.638973,3323,3272,7,7,3316,3265,6595,6581,14
"292",314,"Ravenswood Ave & Berteau Ave",41.957921,-87.673567,351,356,0,0,351,356,707,707,0
"293",315,"Elston Ave & Wabansia Ave",41.912919,-87.664169,392,398,2,2,390,396,790,786,4
"294",316,"Damen Ave & Sunnyside Ave",41.96325,-87.679258,360,334,1,1,359,333,694,692,2
"295",317,"Wood St & Taylor St",41.869154,-87.671045,818,732,0,0,818,732,1550,1550,0
"296",318,"Southport Ave & Irving Park Rd",41.954177,-87.664358,790,776,4,4,786,772,1566,1558,8
"297",319,"Greenview Ave & Diversey Pkwy",41.932589,-87.665936,687,658,0,0,687,658,1345,1345,0
"298",320,"Loomis St & Lexington St",41.872187,-87.661501,1553,1505,10,10,1543,1495,3058,3038,20
"299",321,"Wabash Ave & 9th St",41.870769,-87.625734,2780,2792,8,7,2772,2785,5572,5557,15
"300",322,"Kimbark Ave & 53rd St",41.799568,-87.594747,1046,1063,1,1,1045,1062,2109,2107,2
"301",323,"Sheridan Rd & Lawrence Ave",41.969517,-87.654691,849,793,4,5,845,788,1642,1633,9
"302",324,"Stockton Dr & Wrightwood Ave",41.93132,-87.638742,2778,2809,9,10,2769,2799,5587,5568,19
"303",325,"Clark St & Winnemac Ave",41.97334,-87.66778,1163,1206,0,0,1163,1206,2369,2369,0
"304",326,"Clark St & Leland Ave",41.967096,-87.667429,1140,1122,3,3,1137,1119,2262,2256,6
"305",327,"Sheffield Ave & Webster Ave",41.92154,-87.653818,2017,2033,4,4,2013,2029,4050,4042,8
"306",328,"Ellis Ave & 58th St",41.788746,-87.601334,436,433,0,0,436,433,869,869,0
"307",329,"Lake Shore Dr & Diversey Pkwy",41.932588,-87.636427,4171,4126,7,7,4164,4119,8297,8283,14
"308",330,"Lincoln Ave & Addison St",41.946176,-87.673308,447,433,0,0,447,433,880,880,0
"309",331,"Halsted St & Clybourn Ave",41.909668,-87.648128,1859,1901,3,3,1856,1898,3760,3754,6
"310",332,"Burling St (Halsted) & Diversey Pkwy (Temp)",41.93314,-87.64776,1729,1763,2,3,1727,1760,3492,3487,5
"311",333,"Ashland Ave & Blackhawk St",41.907066,-87.667252,1409,1419,8,8,1401,1411,2828,2812,16
"312",334,"Lake Shore Dr & Belmont Ave",41.940775,-87.639192,3786,3846,9,9,3777,3837,7632,7614,18
"313",335,"Calumet Ave & 35th St",41.831379,-87.618034,267,273,3,3,264,270,540,534,6
"314",336,"Cottage Grove Ave & 47th St",41.809855,-87.606755,231,239,1,1,230,238,470,468,2
"315",337,"Clark St & Chicago Ave",41.89675,-87.63089,1847,1768,7,7,1840,1761,3615,3601,14
"316",338,"Calumet Ave & 18th St",41.8576866666667,-87.6194268333333,1321,1384,3,3,1318,1381,2705,2699,6
"317",339,"Emerald Ave & 31st St",41.838198,-87.645143,505,512,2,2,503,510,1017,1013,4
"318",340,"Clark St & Wrightwood Ave",41.929546,-87.643118,2607,2661,4,4,2603,2657,5268,5260,8
"319",341,"Adler Planetarium",41.866095,-87.607267,3107,2961,5,5,3102,2956,6068,6058,10
"320",342,"Wolcott Ave & Polk St",41.871262,-87.673688,986,949,0,0,986,949,1935,1935,0
"321",343,"Racine Ave & Wrightwood Ave",41.928887,-87.658971,839,829,0,0,839,829,1668,1668,0
"322",344,"Ravenswood Ave & Lawrence Ave",41.96909,-87.674237,1204,1197,2,2,1202,1195,2401,2397,4
"323",345,"Lake Park Ave & 56th St",41.793242,-87.587782,828,817,0,0,828,817,1645,1645,0
"324",346,"Ada St & Washington Blvd",41.88283,-87.661206,1057,1057,2,2,1055,1055,2114,2110,4
"325",347,"Ashland Ave & Grace St",41.950687,-87.6687,650,628,5,5,645,623,1278,1268,10
"326",348,"California Ave & 21st St",41.853804,-87.695742,149,147,2,2,147,145,296,292,4
"327",349,"Halsted St & Wrightwood Ave",41.929143,-87.649077,1888,1879,6,5,1882,1874,3767,3756,11
"328",350,"Ashland Ave & Chicago Ave",41.895966,-87.667747,949,964,3,3,946,961,1913,1907,6
"329",351,"Cottage Grove Ave & 51st St",41.803038,-87.606615,279,278,0,0,279,278,557,557,0
"330",352,"Jeffery Blvd & 67th St",41.773517,-87.577142,185,184,1,1,184,183,369,367,2
"331",353,"Clark St & Touhy Ave",42.01256,-87.674367,125,122,0,0,125,122,247,247,0
"332",354,"Sheridan Rd & Greenleaf Ave",42.010586,-87.662412,483,485,0,0,483,485,968,968,0
"333",355,"South Shore Dr & 67th St",41.773643,-87.567514,430,424,8,9,422,415,854,837,17
"334",356,"Stony Island Ave & 71st St",41.766492,-87.58646,94,93,0,0,94,93,187,187,0
"335",359,"Larrabee St & Division St",41.903486,-87.643353,1335,1391,6,6,1329,1385,2726,2714,12
"336",364,"Larrabee St & Oak St",41.900219,-87.642985,783,715,3,3,780,712,1498,1492,6
"337",365,"Halsted St & North Branch St",41.899368,-87.648479,175,193,2,2,173,191,368,364,4
"338",366,"Loomis St & Archer Ave",41.841632,-87.657434,224,218,0,0,224,218,442,442,0
"339",367,"Racine Ave & 35th St",41.830696,-87.655975,151,138,2,2,149,136,289,285,4
"340",368,"Ashland Ave & Archer Ave",41.839209,-87.66561,107,139,0,0,107,139,246,246,0
"341",369,"Wood St & 35th St",41.830104,-87.670298,132,148,4,4,128,144,280,272,8
"342",370,"Calumet Ave & 21st St",41.854184,-87.619153,470,478,2,2,468,476,948,944,4
"343",373,"Kedzie Ave & Chicago Ave",41.895465,-87.706127,158,181,0,0,158,181,339,339,0
"344",374,"Western Ave & Walton St",41.898417,-87.686596,863,840,6,8,857,832,1703,1689,14
"345",375,"Sacramento Blvd & Franklin Blvd",41.890469,-87.702608,68,79,0,0,68,79,147,147,0
"346",376,"Artesian Ave & Hubbard St",41.889492,-87.688219,225,217,3,3,222,214,442,436,6
"347",377,"Kedzie Ave & Lake St",41.884603,-87.706303,66,84,1,1,65,83,150,148,2
"348",378,"California Ave & Lake St",41.884453,-87.696298,75,78,0,0,75,78,153,153,0
"349",381,"Western Ave & Monroe St",41.879787,-87.686112,355,379,0,0,355,379,734,734,0
"350",382,"Western Ave & Congress Pkwy",41.874748,-87.686445,367,391,3,3,364,388,758,752,6
"351",383,"Paulina St & Flournoy St",41.87295,-87.66913,887,794,3,1,884,793,1681,1677,4
"352",384,"Halsted St & 51st St",41.801832,-87.645214,17,15,0,0,17,15,32,32,0
"353",385,"Princeton Ave & Garfield Blvd",41.794982,-87.633124,34,37,0,0,34,37,71,71,0
"354",386,"Halsted St & 56th St",41.792929,-87.64499,10,13,0,0,10,13,23,23,0
"355",388,"Halsted St & 63rd St",41.779381,-87.64462,42,33,0,0,42,32,75,74,0
"356",390,"Wentworth Ave & 63rd St",41.78008,-87.629746,34,38,0,0,34,38,72,72,0
"357",391,"Halsted St & 69th St",41.769061,-87.644613,19,24,0,0,19,24,43,43,0
"358",392,"Perry Ave & 69th St",41.769293,-87.628196,59,61,0,0,59,61,120,120,0
"359",393,"Calumet Ave & 71st St",41.765508,-87.616917,31,31,0,0,31,31,62,62,0
"360",394,"Clark St & 9th St (AMLI)",41.870816,-87.631246,736,730,6,6,730,724,1466,1454,12
"361",395,"Jeffery Blvd & 76th St",41.75712,-87.575839,57,57,2,1,55,56,114,111,3
"362",396,"Yates Blvd & 75th St",41.758768,-87.56644,65,68,0,0,65,68,133,133,0
"363",398,"Rainbow Beach",41.757871,-87.549386,118,124,0,0,118,124,242,242,0
"364",399,"South Shore Dr & 74th St",41.762188,-87.559274,158,158,0,0,158,158,316,316,0
"365",400,"Cottage Grove Ave & 71st St",41.765719,-87.604959,15,8,0,0,15,8,23,23,0
"366",401,"Shields Ave & 28th Pl",41.842733,-87.635491,162,165,0,0,162,165,327,327,0
"367",402,"Shields Ave & 31st St",41.838464,-87.635406,301,307,7,7,294,300,608,594,14
"368",403,"Wentworth Ave & 33rd St",41.83453,-87.631823,146,141,0,0,146,141,287,287,0
"369",405,"Wentworth Ave & 35th St",41.830777,-87.632504,91,83,0,0,91,83,174,174,0
"370",406,"Lake Park Ave & 35th St",41.831274,-87.608799,913,915,3,2,910,913,1828,1823,5
"371",407,"State St & Pershing Rd",41.823015,-87.626568,60,55,0,0,60,55,115,115,0
"372",408,"Union Ave & Root St",41.819102,-87.643278,105,107,0,0,105,107,212,212,0
"373",409,"Shields Ave & 43rd St",41.816208,-87.634819,12,7,0,0,12,7,19,19,0
"374",410,"Prairie Ave & 43rd St",41.816659,-87.619412,178,188,1,1,177,187,366,364,2
"375",411,"Halsted St & 47th Pl",41.808133,-87.645616,95,94,0,0,95,93,189,188,0
"376",412,"Princeton Ave & 47th St",41.809318,-87.633449,67,59,0,0,67,59,126,126,0
"377",413,"Woodlawn Ave & Lake Park Ave",41.814092,-87.597005,399,397,3,4,396,393,796,789,7
"378",414,"Canal St & Taylor St",41.870257,-87.639474,656,700,3,3,653,697,1356,1350,6
"379",415,"Calumet Ave & 51st St",41.802294,-87.618053,151,152,1,0,150,152,303,302,0
"380",416,"Dorchester Ave & 49th St",41.805772,-87.592464,141,134,3,0,138,134,275,272,0
"381",417,"Cornell Ave & Hyde Park Blvd",41.802406,-87.586924,1285,1271,2,3,1283,1268,2556,2551,5
"382",418,"Ellis Ave & 53rd St",41.799336,-87.600958,513,510,1,2,512,508,1023,1020,3
"383",419,"Lake Park Ave & 53rd St",41.799494,-87.586449,833,822,1,1,832,821,1655,1653,2
"384",420,"Ellis Ave & 55th St",41.7943,-87.601449,341,342,0,0,341,342,683,683,0
"385",421,"MLK Jr Dr & 56th St",41.793429,-87.615853,76,75,0,0,76,75,151,151,0
"386",422,"DuSable Museum",41.791568,-87.607852,127,131,0,0,127,131,258,258,0
"387",423,"University Ave & 57th St",41.791478,-87.599861,714,688,5,3,709,685,1402,1394,8
"388",424,"Museum of Science and Industry",41.791728,-87.583945,553,560,3,3,550,557,1113,1107,6
"389",425,"Harper Ave & 59th St",41.787942,-87.588315,252,243,0,0,252,243,495,495,0
"390",426,"Ellis Ave & 60th St",41.785097,-87.601072,370,364,0,0,370,363,734,733,0
"391",427,"Cottage Grove Ave & 63rd St",41.780599,-87.606112,109,95,0,0,109,95,204,204,0
"392",428,"Dorchester Ave & 63rd St",41.780405,-87.591415,169,171,0,0,169,171,340,340,0
"393",429,"Cottage Grove Ave & 67th St",41.77372,-87.605634,59,57,0,0,59,57,116,116,0
"394",430,"MLK Jr Dr & 63rd St",41.780081,-87.615943,60,57,0,0,60,57,117,117,0
"395",431,"Eberhart Ave & 61st St",41.784141,-87.613307,108,126,0,0,108,126,234,234,0
"396",432,"Clark St & Lunt Ave",42.009074,-87.67419,179,202,0,0,179,202,381,381,0
"397",433,"Kedzie Ave & Harrison St",41.8736,-87.704871,63,69,0,0,63,69,132,132,0
"398",434,"Ogden Ave & Roosevelt Rd",41.866501,-87.684697,341,290,0,0,341,290,631,631,0
"399",435,"Kedzie Ave & Roosevelt Rd",41.866493,-87.706496,84,94,0,0,84,94,178,178,0
"400",436,"Fairfield Ave & Roosevelt Rd",41.866624,-87.694521,77,94,0,0,77,94,171,171,0
"401",437,"Washtenaw Ave & Ogden Ave",41.86193,-87.69345,145,145,0,0,145,145,290,290,0
"402",438,"Central Park Ave & Ogden Ave",41.854064,-87.715117,91,102,0,0,91,102,193,193,0
"403",439,"Kedzie Ave & 21st St",41.853549,-87.7050701666667,69,63,3,0,66,63,132,129,0
"404",440,"Central Park Ave & 24th St",41.8481,-87.715068,53,46,0,0,53,46,99,99,0
"405",441,"Kedzie Ave & 24th St",41.84819,-87.705413,54,52,0,0,54,52,106,106,0
"406",442,"California Ave & 23rd Pl",41.849109,-87.695139,147,144,0,0,147,142,291,289,0
"407",443,"Millard Ave & 26th St",41.844566,-87.71591,80,81,5,6,75,75,161,150,11
"408",444,"Albany Ave & 26th St",41.844475,-87.702013,57,70,0,0,57,70,127,127,0
"409",445,"California Ave & 26th St",41.84404,-87.695295,19,17,0,0,19,17,36,36,0
"410",446,"Western Ave & 28th St",41.841518,-87.685131,62,55,0,0,62,55,117,117,0
"411",447,"Glenwood Ave & Morse Ave",42.007972,-87.665502,615,656,2,2,613,654,1271,1267,4
"412",448,"Warren Park East",42.004549,-87.680666,172,170,0,0,172,170,342,342,0
"413",449,"Clark St & Columbia Ave",42.00445,-87.672402,162,186,1,1,161,185,348,346,2
"414",450,"Warren Park West",42.001785,-87.688829,225,239,0,0,225,239,464,464,0
"415",451,"Sheridan Rd & Loyola Ave",42.001043,-87.661198,775,798,1,1,774,797,1573,1571,2
"416",452,"Western Ave & Granville Ave",41.994161,-87.689438,195,241,2,2,193,239,436,432,4
"417",453,"Clark St & Schreiber Ave",41.999251,-87.671377,388,402,1,1,387,401,790,788,2
"418",454,"Broadway & Granville Ave",41.994779,-87.660284,1341,1374,3,3,1338,1371,2715,2709,6
"419",455,"Maplewood Ave & Peterson Ave",41.990236,-87.69337,125,153,1,1,124,152,278,276,2
"420",456,"2112 W Peterson Ave",41.991178,-87.683593,114,132,1,1,113,131,246,244,2
"421",457,"Clark St & Elmdale Ave",41.990517,-87.669833,448,454,2,2,446,452,902,898,4
"422",458,"Broadway & Thorndale Ave",41.989742,-87.66014,941,1005,5,5,936,1000,1946,1936,10
"423",459,"Lakefront Trail & Bryn Mawr Ave",41.984036,-87.65231,3793,3870,11,11,3782,3859,7663,7641,22
"424",460,"Clark St & Bryn Mawr Ave",41.983593,-87.669154,913,937,3,1,910,936,1850,1846,4
"425",461,"Broadway & Ridge Ave",41.984044,-87.660273,979,991,4,4,975,987,1970,1962,8
"426",462,"Winchester (Ravenswood) Ave & Balmoral Ave",41.979762,-87.67753,158,174,0,0,158,173,332,331,0
"427",463,"Clark St & Berwyn Ave",41.977996,-87.668047,1224,1180,5,5,1219,1175,2404,2394,10
"428",464,"Damen Ave & Foster Ave",41.975614,-87.679459,542,553,3,3,539,550,1095,1089,6
"429",465,"Marine Dr & Ainslie St",41.9716,-87.650154,1987,1940,6,6,1981,1934,3927,3915,12
"430",466,"Ridge Blvd & Touhy Ave",42.012132,-87.682913,84,88,0,0,84,88,172,172,0
"431",467,"Western Ave & Lunt Ave",42.008594,-87.690492,251,262,2,3,249,259,513,508,5
"432",468,"Budlong Woods Library",41.983665,-87.696423,144,144,1,1,143,143,288,286,2
"433",469,"St. Louis Ave & Balmoral Ave",41.980394,-87.716114,105,87,0,0,105,87,192,192,0
"434",470,"Kedzie Ave & Foster Ave",41.975672,-87.709261,193,192,0,0,193,192,385,385,0
"435",471,"Francisco Ave & Foster Ave",41.975632,-87.701419,325,325,5,5,320,320,650,640,10
"436",472,"Lincoln Ave & Winona St",41.974911,-87.692502,301,297,3,3,298,294,598,592,6
"437",474,"Christiana Ave & Lawrence Ave",41.968354,-87.71183,211,209,1,1,210,208,420,418,2
"438",475,"Washtenaw Ave & Lawrence Ave",41.968987,-87.696027,345,348,0,0,345,348,693,693,0
"439",476,"Kedzie Ave & Leland Ave",41.966686,-87.708051,220,220,1,1,219,219,440,438,2
"440",477,"Manor Ave & Leland Ave",41.965875,-87.700825,265,261,7,7,258,254,526,512,14
"441",478,"Rockwell St & Eastwood Ave",41.9659,-87.693638,300,302,0,0,300,301,602,601,0
"442",479,"Drake Ave & Montrose Ave",41.961154,-87.716569,141,129,0,0,141,128,270,269,0
"443",480,"Albany Ave & Montrose Ave",41.961041,-87.705866,263,259,0,0,263,259,522,522,0
"444",481,"California Ave & Montrose Ave",41.961068,-87.695439,581,576,3,2,578,574,1157,1152,5
"445",482,"Campbell Ave & Montrose Ave",41.961525,-87.691165,295,281,4,4,291,277,576,568,8
"446",483,"Avondale Ave & Irving Park Rd",41.953393,-87.732002,190,181,5,6,185,175,371,360,11
"447",484,"Monticello Ave & Irving Park Rd",41.954005,-87.719128,169,171,5,8,164,163,340,327,13
"448",485,"Sawyer Ave & Irving Park Rd",41.953586,-87.709311,208,225,0,0,208,225,433,433,0
"449",486,"Oakley Ave & Irving Park Rd",41.95434,-87.686079,308,309,0,0,308,309,617,617,0
"450",487,"California Ave & Byron St",41.952162,-87.698051,339,333,4,4,335,329,672,664,8
"451",488,"Pulaski Rd & Eddy St (Temp)",41.946264,-87.731023,100,105,1,1,99,104,205,203,2
"452",489,"Drake Ave & Addison St",41.947326,-87.717582,82,61,0,0,82,61,143,143,0
"453",490,"Troy St & Elston Ave",41.945243,-87.706649,287,314,2,3,285,311,601,596,5
"454",491,"Talman Ave & Addison St",41.946635,-87.694614,265,285,0,0,265,285,550,550,0
"455",492,"Leavitt St & Addison St",41.946655,-87.683359,271,252,1,1,270,251,523,521,2
"456",493,"Western Ave & Roscoe St",41.943034,-87.687288,294,328,0,0,294,328,622,622,0
"457",494,"Kedzie Ave & Bryn Mawr Ave",41.982397,-87.708922,122,98,0,0,122,98,220,220,0
"458",495,"Keystone Ave & Montrose Ave",41.961108,-87.72897,173,174,2,2,171,172,347,343,4
"459",496,"Avers Ave & Belmont Ave",41.939408,-87.723574,257,268,3,2,254,266,525,520,5
"460",497,"Kimball Ave & Belmont Ave",41.939398,-87.711561,252,273,2,2,250,271,525,521,4
"461",498,"California Ave & Fletcher St",41.938428,-87.698007,387,472,2,2,385,470,859,855,4
"462",499,"Kosciuszko Park",41.930585,-87.723777,372,399,10,9,362,390,771,752,19
"463",500,"Central Park Ave & Elbridge Ave",41.935337,-87.716889,240,241,0,0,240,241,481,481,0
"464",501,"Richmond St & Diversey Ave",41.931901,-87.701195,301,305,3,3,298,302,606,600,6
"465",502,"California Ave & Altgeld St",41.92669,-87.697668,524,520,10,10,514,510,1044,1024,20
"466",503,"Drake Ave & Fullerton Ave",41.924398,-87.715441,553,586,13,15,540,571,1139,1111,28
"467",504,"Campbell Ave & Fullerton Ave",41.924632,-87.689307,484,483,1,1,483,482,967,965,2
"468",505,"Winchester Ave & Elston Ave",41.92409,-87.67646,448,462,2,2,446,460,910,906,4
"469",506,"Spaulding Ave & Armitage Ave",41.917108,-87.71022,408,448,5,5,403,443,856,846,10
"470",507,"Humboldt Blvd & Armitage Ave",41.917513,-87.701808,758,774,9,10,749,764,1532,1513,19
"471",508,"Central Park Ave & North Ave",41.909656,-87.716631,176,223,0,0,176,223,399,399,0
"472",509,"Troy St & North Ave",41.909769,-87.70528,496,496,3,3,493,493,992,986,6
"473",510,"Spaulding Ave & Division St",41.902706,-87.709219,299,273,3,3,296,270,572,566,6
"474",511,"Albany Ave & Bloomingdale Ave",41.914026,-87.705126,503,490,3,5,500,485,993,985,8
"475",514,"Ridge Blvd & Howard St",42.019276,-87.68452,67,61,0,0,67,61,128,128,0
"476",515,"Paulina St & Howard St",42.019159,-87.673573,182,182,1,1,181,181,364,362,2
"477",517,"Clark St & Jarvis Ave",42.015963,-87.675005,159,144,0,0,159,144,303,303,0
"478",518,"Conservatory Dr & Lake St",41.885502,-87.716866,124,133,0,0,124,132,257,256,0
"479",519,"Wolcott Ave & Fargo Ave",42.016977,-87.677725,58,58,1,1,57,57,116,114,2
"480",520,"Greenview Ave & Jarvis Ave",42.015962,-87.66857,280,282,0,0,280,282,562,562,0
"481",522,"Bosworth Ave & Howard St",42.019537,-87.669563,73,62,0,0,73,62,135,135,0
"482",523,"Eastlake Ter & Rogers Ave",42.020887,-87.665057,383,373,0,0,383,373,756,756,0
"483",524,"Austin Blvd & Chicago Ave",41.894887,-87.774704,41,47,0,0,41,46,88,87,0
"484",525,"Glenwood Ave & Touhy Ave",42.012701,-87.666058,226,225,0,0,226,225,451,451,0
"485",526,"Oakley Ave & Touhy Ave",42.012342,-87.688243,85,93,0,0,85,93,178,178,0
"486",527,"Western Ave & Howard St",42.018901,-87.690048,76,67,0,0,76,67,143,143,0
"487",528,"Pulaski Rd & Lake St",41.885409,-87.726491,22,25,0,0,22,25,47,47,0
"488",529,"Cicero Ave & Lake St",41.886841,-87.745261,29,23,0,0,29,23,52,52,0
"489",530,"Laramie Ave & Kinzie St",41.887832,-87.755527,20,24,0,0,20,24,44,44,0
"490",531,"Central Ave & Lake St",41.887664,-87.765469,42,42,0,0,42,42,84,84,0
"491",532,"Austin Blvd & Lake St",41.887919,-87.774446,66,78,0,0,66,78,144,144,0
"492",533,"Central Park Blvd & 5th Ave",41.875679,-87.71547,30,30,0,0,30,30,60,60,0
"493",534,"Karlov Ave & Madison St",41.88085,-87.727907,31,34,0,0,31,34,65,65,0
"494",535,"Pulaski Rd & Congress Pkwy",41.874325,-87.725704,26,22,0,0,26,22,48,48,0
"495",536,"Kostner Ave & Lake St",41.885928,-87.73541,14,13,0,0,14,13,27,27,0
"496",537,"Kenton Ave & Madison St",41.880708,-87.741018,23,18,0,0,23,18,41,41,0
"497",538,"Cicero Ave & Flournoy St",41.872131,-87.746619,17,26,0,0,17,26,43,43,0
"498",539,"Cicero Ave & Quincy St",41.877613,-87.745405,42,50,0,0,42,50,92,92,0
"499",540,"Laramie Ave & Madison St",41.880207,-87.755337,49,34,0,0,49,34,83,83,0
"500",541,"Central Ave & Harrison St",41.872993,-87.764499,58,60,0,0,58,60,118,118,0
"501",542,"Central Ave & Madison St",41.880121,-87.763238,33,35,0,0,33,35,68,68,0
"502",543,"Laramie Ave & Gladys Ave",41.875806,-87.755285,16,9,0,0,16,9,25,25,0
"503",544,"Austin Blvd & Madison St",41.880281,-87.774453,64,62,0,0,64,62,126,126,0
"504",545,"Kostner Ave & Adams St",41.877917,-87.735737,47,46,4,2,43,44,93,87,6
"505",546,"Damen Ave & Pershing Rd",41.823192,-87.676597,101,98,0,0,101,98,199,199,0
"506",547,"Ashland Ave & Pershing Rd",41.823465,-87.665577,45,42,0,0,45,42,87,87,0
"507",548,"Morgan St & Pershing Rd",41.823613,-87.650931,32,27,0,0,32,27,59,59,0
"508",549,"Marshfield Ave & 44th St",41.813996,-87.666589,24,27,0,0,24,27,51,51,0
"509",550,"Central Ave & Chicago Ave",41.894958,-87.764902,59,63,0,0,59,63,122,122,0
"510",551,"Hoyne Ave & 47th St",41.808227,-87.67718,49,60,0,0,49,60,109,109,0
"511",552,"Ashland Ave & McDowell Ave",41.80887,-87.66454,30,27,0,0,30,27,57,57,0
"512",553,"Elizabeth St & 47th St",41.80839,-87.656526,11,13,0,0,11,13,24,24,0
"513",554,"Damen Ave & 51st St",41.800908,-87.674684,13,15,0,0,13,15,28,28,0
"514",555,"Ashland Ave & 50th St",41.803023,-87.664699,14,23,0,0,14,23,37,37,0
"515",556,"Throop St & 52nd St",41.799659,-87.657195,16,15,0,0,16,15,31,31,0
"516",557,"Seeley Ave & Garfield Blvd",41.794087,-87.675478,27,17,0,0,27,17,44,44,0
"517",558,"Ashland Ave & Garfield Blvd",41.792822,-87.664429,42,36,0,0,42,36,78,78,0
"518",559,"Racine Ave & Garfield Blvd",41.794228,-87.655073,56,61,0,0,56,61,117,117,0
"519",560,"Marshfield Ave & 59th St",41.786833,-87.666215,7,3,0,0,7,3,10,10,0
"520",561,"Damen Ave & 59th St",41.78602,-87.674167,43,45,0,0,43,45,88,88,0
"521",562,"Racine Ave & 61st St",41.783189,-87.654372,6,4,0,0,6,4,10,10,0
"522",563,"Ashland Ave & 63rd St",41.779374,-87.664843,20,20,0,0,20,20,40,40,0
"523",564,"Racine Ave & 65th St",41.775393,-87.654308,5,6,0,0,5,6,11,11,0
"524",565,"Ashland Ave & 66th St",41.774074,-87.663815,17,19,0,0,17,19,36,36,0
"525",566,"Ashland Ave & 69th St",41.768726,-87.664069,17,24,0,0,17,24,41,41,0
"526",567,"May St & 69th St",41.768938,-87.652934,13,11,0,0,13,11,24,24,0
"527",568,"Vincennes Ave & 75th St",41.75797,-87.63121,23,20,0,0,23,20,43,43,0
"528",569,"Woodlawn Ave & 75th St",41.75916,-87.595751,9,6,0,0,9,6,15,15,0
"529",570,"Evans Ave & 75th St",41.75849,-87.60641,25,15,0,0,25,15,40,40,0
"530",571,"Vernon Ave & 75th St",41.758361,-87.614138,28,29,1,1,27,28,57,55,2
"531",572,"State St & 76th St",41.756971,-87.624621,7,6,0,0,7,6,13,13,0
"532",573,"State St & 79th St",41.750794,-87.624424,32,39,0,0,32,39,71,71,0
"533",574,"Vernon Ave & 79th St",41.75094,-87.61379,21,18,0,0,21,18,39,39,0
"534",575,"Cottage Grove Ave & 78th St",41.753174,-87.605026,40,38,0,0,40,38,78,78,0
"535",576,"Greenwood Ave & 79th St",41.751294,-87.597552,42,50,0,0,42,50,92,92,0
"536",577,"Stony Island Ave & South Chicago Ave",41.751173,-87.585337,15,12,0,0,15,12,27,27,0
"537",578,"Bennett Ave & 79th St",41.751785,-87.578496,9,6,0,0,9,6,15,15,0
"538",579,"Phillips Ave & 79th St",41.75182,-87.565211,54,54,0,0,54,54,108,108,0
"539",580,"Exchange Ave & 79th St",41.751731,-87.552812,52,52,0,0,52,52,104,104,0
"540",581,"Commercial Ave & 83rd St",41.744615,-87.551208,54,64,0,0,54,64,118,118,0
"541",582,"Phillips Ave & 83rd St",41.744531,-87.56506,66,69,0,0,66,69,135,135,0
"542",583,"Stony Island Ave & 82nd St",41.746559,-87.586005,29,21,0,0,29,21,50,50,0
"543",584,"Ellis Ave & 83rd St",41.744123,-87.599034,32,26,0,0,32,26,58,58,0
"544",585,"Cottage Grove Ave & 83rd St",41.743441,-87.604836,55,64,0,0,55,64,119,119,0
"545",586,"MLK Jr Dr & 83rd St",41.743116,-87.6148,18,14,0,0,18,14,32,32,0
"546",587,"Wabash Ave & 83rd St",41.743316,-87.622849,25,27,0,0,25,27,52,52,0
"547",588,"South Chicago Ave & 83rd St",41.743921,-87.575225,14,16,0,0,14,16,30,30,0
"548",589,"Milwaukee Ave & Cuyler Ave",41.954468,-87.749594,149,163,0,0,149,163,312,312,0
"549",590,"Kilbourn Ave & Irving Park Rd",41.953733,-87.740569,86,110,2,4,84,106,196,190,6
"550",591,"Kilbourn Ave & Milwaukee Ave",41.948872,-87.7400645,101,86,1,1,100,85,187,185,2
"551",592,"Knox Ave & Montrose Ave",41.960631,-87.745359,71,81,1,1,70,80,152,150,2
"552",593,"Halsted St & 59th St",41.787539,-87.644874,22,16,0,0,22,16,38,38,0
"553",594,"Western Blvd & 48th Pl",41.805661,-87.683392,42,56,1,2,41,54,98,95,3
"554",595,"Wabash Ave & 87th St",41.736646,-87.622634,55,62,0,0,55,62,117,117,0
"555",596,"Benson Ave & Church St",42.048214,-87.683485,496,523,2,2,494,521,1019,1015,4
"556",597,"Chicago Ave & Washington St",42.032562,-87.679101,499,496,1,1,498,495,995,993,2
"557",598,"Elmwood Ave & Austin St",42.025784,-87.684107,97,106,0,0,97,106,203,203,0
"558",599,"Valli Produce - Evanston Plaza",42.039742,-87.699413,140,156,0,0,140,156,296,296,0
"559",600,"Dodge Ave & Church St",42.048308,-87.698224,109,117,0,0,109,117,226,226,0
"560",601,"Central St Metra",42.063598,-87.69873,180,171,0,0,180,171,351,351,0
"561",602,"Central St & Girard Ave",42.064313,-87.686152,217,232,1,2,216,230,449,446,3
"562",603,"Chicago Ave & Sheridan Rd",42.050491,-87.677821,426,436,2,2,424,434,862,858,4
"563",604,"Sheridan Rd & Noyes St (NU)",42.058239,-87.677432,380,383,0,0,380,383,763,763,0
"564",605,"University Library (NU)",42.052939,-87.673447,280,285,1,1,279,284,565,563,2
"565",619,"Keystone Ave & Fullerton Ave",41.92459,-87.72785,186,219,1,0,185,219,405,404,0
"566",620,"Orleans St & Chestnut St (NEXT Apts)",41.898203,-87.637536,1114,1056,2,2,1112,1054,2170,2166,4
"567",621,"Aberdeen St & Randolph St",41.884114,-87.654264,914,944,4,4,910,940,1858,1850,8
"568",622,"California Ave & Cortez St",41.900363,-87.696704,640,651,9,8,631,643,1291,1274,17
"569",623,"Michigan Ave & 8th St",41.872773,-87.623981,3054,2952,2,1,3052,2951,6006,6003,3
"570",624,"Dearborn St & Van Buren St",41.876268,-87.629155,694,665,1,1,693,664,1359,1357,2
"571",625,"Chicago Ave & Dempster St",42.041691,-87.680687,315,325,0,0,315,325,640,640,0
"572",626,"Delano Ct & Roosevelt Rd",41.867491,-87.63219,765,728,2,2,763,726,1493,1489,4
"573",627,"LaSalle Dr & Huron St",41.894877,-87.632326,1670,1658,8,8,1662,1650,3328,3312,16
"574",628,"Walsh Park",41.91461,-87.667968,714,657,2,2,712,655,1371,1367,4
"575",630,"Kildare Ave & Montrose Ave",41.96108,-87.73569,113,99,0,0,113,99,212,212,0
"576",631,"Malcolm X College",41.877618,-87.673895,142,128,0,0,142,128,270,270,0
"577",632,"Clark St & Newport St",41.94454,-87.654678,1953,1997,2,2,1951,1995,3950,3946,4
"578",635,"Fairbanks St & Superior St",41.895748,-87.620104,1000,1206,2,2,998,1204,2206,2202,4
"579",636,"Orleans St & Hubbard St",41.890028,-87.636618,808,811,0,0,808,810,1619,1618,0
"580",637,"Wood St & Chicago Ave",41.895634,-87.672069,635,677,3,3,632,674,1312,1306,6
"581",638,"Clinton St & Jackson Blvd",41.878116,-87.639838,650,597,1,1,649,596,1247,1245,2
"582",639,"Lakefront Trail & Wilson Ave",41.965845,-87.645361,1806,1791,6,5,1800,1786,3597,3586,11
"583",640,"Bernard St & Elston Ave",41.949923,-87.713949,103,113,1,1,102,112,216,214,2
"584",641,"Central Park Ave & Bloomingdale Ave",41.914166,-87.716755,480,475,2,2,478,473,955,951,4
"585",642,"Latrobe Ave & Chicago Ave",41.894745,-87.756895,33,30,1,0,32,30,63,62,0
"586",643,"Smith Park",41.892048,-87.689397,203,260,5,6,198,254,463,452,11
"587",644,"Western Ave & Fillmore St",41.868563,-87.686234,472,489,0,0,472,489,961,961,0
"588",645,"Archer (Damen) Ave & 37th St",41.826712,-87.683144,109,120,0,0,109,120,229,229,0
"589",646,"State St & 54th St",41.796642,-87.625923,38,32,0,0,38,32,70,70,0
"590",647,"Elizabeth St & 59th St",41.786691,-87.655859,8,11,0,0,8,11,19,19,0
"591",648,"Carpenter St & 63rd St",41.77987,-87.650919,10,7,0,0,10,7,17,17,0
"592",649,"Stewart Ave & 63rd St",41.779835,-87.634774,16,15,0,0,16,15,31,31,0
"593",650,"Eggleston Ave & 69th St",41.768898,-87.635876,61,56,0,0,61,56,117,117,0
"594",652,"Rhodes Ave & 71st St",41.766,-87.611726,10,11,0,0,10,11,21,21,0
"595",653,"Cornell Dr & Hayes Dr",41.780595,-87.584846,101,103,1,1,100,102,204,202,2
"596",654,"Racine Ave & Washington Blvd",41.883073,-87.656952,362,327,1,1,361,326,689,687,2
"597",655,"Hoyne Ave & Balmoral Ave",41.979851,-87.681932,184,218,4,5,180,213,402,393,9
"598",656,"Damen Ave & Walnut (Lake) St",41.885951,-87.677009,240,266,2,2,238,264,506,502,4
"599",657,"Wood St & Augusta Blvd",41.899181,-87.6722,702,712,0,0,702,711,1414,1413,0
"600",658,"Leavitt St & Division St",41.902997,-87.683825,366,331,5,2,361,329,697,690,7
"601",659,"Leavitt St & Chicago Ave",41.895501,-87.682017,563,600,6,6,557,594,1163,1151,12
"602",660,"Sheridan Rd & Columbia Ave",42.004583,-87.661406,531,546,0,0,531,546,1077,1077,0
"603",661,"Evanston Civic Center",42.057044,-87.686554,170,172,0,0,170,172,342,342,0
"604",662,"Dodge Ave & Mulford St",42.023463,-87.699595,93,102,0,0,93,102,195,195,0
"605",663,"Lincolnwood Dr & Central St",42.064854,-87.715297,101,96,0,0,101,96,197,197,0
"606",664,"Leavitt St & Belmont Ave",41.939354,-87.683282,378,391,2,3,376,388,769,764,5
"607",665,"South Chicago Ave & Elliot Ave",41.747363,-87.580046,4,5,0,0,4,5,9,9,0
"608",666,"Cherry Ave & Blackhawk St",41.907221,-87.655618,70,81,0,0,70,81,151,151,0
"609",671,"HUBBARD ST BIKE CHECKING (LBS-WH-TEST)",41.889954,-87.68065,80,159,41,41,39,118,239,157,82
"610",672,"Franklin St & Illinois St",41.891023,-87.635479,1555,1546,5,5,1550,1541,3101,3091,10
"611",673,"Lincoln Park Conservatory",41.923931,-87.635824,2178,2048,1,1,2177,2047,4226,4224,2
"612",674,"Michigan Ave & 71st St",41.765286,-87.621748,28,33,0,0,28,33,61,61,0
"613",676,"WATSON TESTING - DIVVY",41.89484,-87.7308736666667,64,58,64,58,0,0,122,0,122
"614",677,"Stewart Ave & 83rd St",41.743717,-87.634088,20,18,0,0,20,18,38,38,0
"615",678,"Halsted St & 73rd St",41.761605,-87.644161,4,4,0,0,4,4,8,8,0
"616",679,"Ashland Ave & 73rd St",41.761225,-87.663361,1,2,0,0,1,2,3,3,0
"617",681,"Halsted St & 78th St",41.752487,-87.643902,4,5,0,0,4,5,9,9,0
"618",682,"Eberhart Ave & 91st St",41.729267,-87.611829,0,0,0,0,0,0,0,0,0
"619",683,"Ashland Ave & 78th St",41.7522348333333,-87.6638603333333,3,3,3,3,0,0,6,0,6
"620",0,"",41.9,-87.69,152,969,152,199,0,0,1121,0,351
