"","station_id","station_name","lat","long","start_n","end_n","e_start_n","e_end_n","c_start_n","c_end_n","total","classic","electric"
"1",2,"Buckingham Fountain",41.8764553333333,-87.620355,2253,2029,70,66,2183,1963,4282,4146,136
"2",3,"Shedd Aquarium",41.867256,-87.6153618333333,3206,2700,189,165,3017,2535,5906,5552,354
"3",4,"Burnham Harbor",41.8562185,-87.613344,3342,3383,243,232,3099,3151,6725,6250,475
"4",5,"State St & Harrison St",41.8739145,-87.6277938333333,1177,1192,92,91,1085,1101,2369,2186,183
"5",6,"Dusable Harbor",41.886899,-87.6128271666667,3169,2974,199,195,2970,2779,6143,5749,394
"6",7,"Field Blvd & South Water St",41.8863765,-87.6174766666667,1696,1709,140,140,1556,1569,3405,3125,280
"7",9,"Leavitt St & Archer Ave",41.8286775,-87.6807256666667,94,116,14,14,80,102,210,182,28
"8",11,"Jeffery Blvd & 71st St",41.7666575,-87.5767171666667,128,129,28,28,100,101,257,201,56
"9",12,"South Shore Dr & 71st St",41.7663701666667,-87.5657716666667,469,456,86,78,383,378,925,761,164
"10",13,"Wilton Ave & Diversey Pkwy",41.9324066666667,-87.6527426666667,2329,2099,171,169,2158,1930,4428,4088,340
"11",14,"Morgan St & 18th St",41.858108,-87.6510396666667,528,550,63,61,465,489,1078,954,124
"12",15,"Racine Ave & 18th St",41.858247,-87.656473,629,636,71,68,558,568,1265,1126,139
"13",16,"Paulina Ave & North Ave",41.9103835,-87.6700328333333,1269,1265,107,107,1162,1158,2534,2320,214
"14",17,"Honore St & Division St",41.9031463333333,-87.673767,1576,1493,135,129,1441,1364,3069,2805,264
"15",18,"Wacker Dr & Washington St",41.8829011666667,-87.637186,713,721,66,64,647,657,1434,1304,130
"16",19,"Throop (Loomis) St & Taylor St",41.8688013333333,-87.6591121666667,843,847,81,79,762,768,1690,1530,160
"17",20,"Sheffield Ave & Kingsbury St",41.910548,-87.6531646666667,1865,2028,179,175,1686,1853,3893,3539,354
"18",21,"Aberdeen St & Jackson Blvd",41.8777821666667,-87.6547903333333,1346,1307,132,132,1214,1175,2653,2389,264
"19",22,"May St & Taylor St",41.8694191666667,-87.6554368333333,1136,1175,98,97,1038,1078,2311,2116,195
"20",23,"Orleans St & Elm St",41.9029121666667,-87.6376638333333,592,586,62,57,530,529,1178,1059,119
"21",24,"Fairbanks Ct & Grand Ave",41.8920163333333,-87.6204916666667,3293,3293,243,241,3050,3052,6586,6102,484
"22",25,"Michigan Ave & Pearson St",41.897248,-87.6232718333333,1981,1874,100,100,1881,1774,3855,3655,200
"23",26,"McClurg Ct & Illinois St",41.8902738333333,-87.6175138333333,3423,3186,328,327,3095,2859,6609,5954,655
"24",27,"Larrabee St & North Ave",41.9100698333333,-87.6435146666667,840,819,58,62,782,757,1659,1539,120
"25",28,"Larrabee St & Menomonee St",41.9146961666667,-87.643301,799,717,59,56,740,661,1516,1401,115
"26",29,"Noble St & Milwaukee Ave",41.900741,-87.662582,1249,1244,108,110,1141,1134,2493,2275,218
"27",30,"Ashland Ave & Augusta Blvd",41.8996843333333,-87.6684171666667,832,812,61,62,771,750,1644,1521,123
"28",31,"Franklin St & Chicago Ave",41.896754,-87.6358515,1683,1626,137,134,1546,1492,3309,3038,271
"29",32,"Racine Ave & Congress Pkwy",41.874578,-87.6569671666667,409,334,25,25,384,309,743,693,50
"30",33,"State St & Van Buren St",41.877294,-87.6285831666667,868,845,63,61,805,784,1713,1589,124
"31",34,"Cannon Dr & Fullerton Ave",41.9267841666667,-87.6345011666667,1553,1576,87,80,1466,1496,3129,2962,167
"32",35,"Streeter Dr & Grand Ave",41.8922696666667,-87.6121248333333,9393,10472,467,457,8926,10015,19865,18941,924
"33",36,"Franklin St & Jackson Blvd",41.8775528333333,-87.6351566666667,1817,1556,167,150,1650,1406,3373,3056,317
"34",37,"Dearborn St & Adams St",41.8791093333333,-87.6294291666667,913,887,65,66,848,821,1800,1669,131
"35",38,"Clark St & Lake St",41.8856511666667,-87.6308355,2147,2071,187,181,1960,1890,4218,3850,368
"36",39,"Wabash Ave & Adams St",41.8794195,-87.6256838333333,1397,1347,105,100,1292,1247,2744,2539,205
"37",40,"LaSalle St & Adams St",41.8795891666667,-87.6321683333333,527,529,42,41,485,488,1056,973,83
"38",41,"Federal St & Polk St",41.872069,-87.6296256666667,2292,2306,212,213,2080,2093,4598,4173,425
"39",42,"Wabash Ave & Cermak Rd",41.8526008333333,-87.6265043333333,412,447,51,53,361,394,859,755,104
"40",43,"Michigan Ave & Washington St",41.8836698333333,-87.6243331666667,3188,3071,191,186,2997,2885,6259,5882,377
"41",44,"State St & Randolph St",41.8848503333333,-87.6277693333333,2103,2095,156,146,1947,1949,4198,3896,302
"42",45,"Michigan Ave & Ida B Wells Dr",41.8761311666667,-87.6243745,857,798,30,28,827,770,1655,1597,58
"43",46,"Wells St & Walton St",41.8999661666667,-87.634474,1363,1036,78,66,1285,970,2399,2255,144
"44",47,"State St & Kinzie St",41.8893836666667,-87.6273583333333,2550,2619,228,226,2322,2393,5169,4715,454
"45",48,"Larrabee St & Kingsbury St",41.8975771666667,-87.6434146666667,1672,1565,155,151,1517,1414,3237,2931,306
"46",49,"Dearborn St & Monroe St",41.8808755,-87.6296901666667,1887,1826,164,160,1723,1666,3713,3389,324
"47",50,"Clark St & Ida B Wells Dr",41.875945,-87.63126,556,512,32,31,524,481,1068,1005,63
"48",51,"Clark St & Randolph St",41.8848711666667,-87.6309605,1637,1552,120,118,1517,1434,3189,2951,238
"49",52,"Michigan Ave & Lake St",41.8859716666667,-87.6245628333333,3417,3506,203,202,3214,3304,6923,6518,405
"50",53,"Wells St & Huron St",41.894693,-87.634353,3831,3716,352,356,3479,3360,7547,6839,708
"51",54,"Ogden Ave & Chicago Ave",41.8963866666667,-87.6539458333333,1269,1206,140,143,1129,1063,2475,2192,283
"52",55,"Halsted St & Roosevelt Rd",41.867346,-87.648616,403,337,21,21,382,316,740,698,42
"53",56,"Desplaines St & Kinzie St",41.888716,-87.644447,3383,3098,336,333,3047,2765,6481,5812,669
"54",57,"Clinton St & Roosevelt Rd",41.8669596666667,-87.641,957,1086,102,105,855,981,2043,1836,207
"55",58,"Marshfield Ave & Cortland St",41.9159578333333,-87.6690963333333,1083,1079,90,85,993,994,2162,1987,175
"56",59,"Wabash Ave & Roosevelt Rd",41.8671525,-87.626061,3576,3971,338,336,3238,3635,7547,6873,674
"57",60,"Dayton St & North Ave",41.9106088333333,-87.6494043333333,1353,1406,104,100,1249,1306,2759,2555,204
"58",61,"Wood St & Milwaukee Ave",41.9077573333333,-87.6725863333333,2114,2244,171,170,1943,2074,4358,4017,341
"59",62,"McCormick Place",41.8514053333333,-87.6190863333333,298,216,28,22,270,194,514,464,50
"60",66,"Clinton St & Lake St",41.8853756666667,-87.6420776666667,1658,1702,177,168,1481,1534,3360,3015,345
"61",67,"Sheffield Ave & Fullerton Ave",41.9255463333333,-87.6536921666667,1659,1348,89,77,1570,1271,3007,2841,166
"62",68,"Clinton St & Tilden St",41.8758476666667,-87.6408456666667,387,346,50,42,337,304,733,641,92
"63",69,"Damen Ave & Pierce Ave",41.9094241666667,-87.6777063333333,2608,2903,295,294,2313,2609,5511,4922,589
"64",71,"Morgan St & Lake St",41.88549,-87.6523595,2010,2287,293,296,1717,1991,4297,3708,589
"65",72,"Wabash Ave & 16th St",41.8603151666667,-87.6257721666667,1288,1203,102,104,1186,1099,2491,2285,206
"66",73,"Jefferson St & Monroe St",41.8802338333333,-87.6427608333333,1071,929,73,71,998,858,2000,1856,144
"67",74,"Kingsbury St & Erie St",41.8937801666667,-87.641645,2571,2602,249,246,2322,2356,5173,4678,495
"68",75,"Canal St & Jackson Blvd",41.8772046666667,-87.639406,417,391,53,53,364,338,808,702,106
"69",76,"Lake Shore Dr & Monroe St",41.8810048333333,-87.6167616666667,6900,6867,324,295,6576,6572,13767,13148,619
"70",77,"Clinton St & Madison St",41.8819575,-87.6406655,2198,2108,192,188,2006,1920,4306,3926,380
"71",80,"Aberdeen St & Monroe St",41.8803861666667,-87.655557,1027,1100,118,118,909,982,2127,1891,236
"72",81,"Daley Center Plaza",41.8840928333333,-87.6296393333333,1992,1860,193,192,1799,1668,3852,3467,385
"73",84,"Milwaukee Ave & Grand Ave",41.8917385,-87.6484198333333,2150,2262,236,233,1914,2029,4412,3943,469
"74",85,"Michigan Ave & Oak St",41.9008283333333,-87.6237878333333,5428,5584,311,307,5117,5277,11012,10394,618
"75",86,"Eckhart Park",41.8964498333333,-87.661008,1362,1393,122,121,1240,1272,2755,2512,243
"76",87,"Racine Ave & Fullerton Ave",41.9256516666667,-87.658579,1452,1466,95,94,1357,1372,2918,2729,189
"77",88,"Racine Ave & Randolph St",41.8840298333333,-87.6569255,456,476,37,34,419,442,932,861,71
"78",89,"Financial Pl & Ida B Wells Dr",41.8749775,-87.633121,874,794,96,85,778,709,1668,1487,181
"79",90,"Millennium Park",41.8811833333333,-87.6240295,4679,4820,186,184,4493,4636,9499,9129,370
"80",91,"Clinton St & Washington Blvd",41.8833768333333,-87.6412908333333,1245,1160,93,91,1152,1069,2405,2221,184
"81",92,"Carpenter St & Huron St",41.8945935,-87.6534741666667,1242,1141,111,112,1131,1029,2383,2160,223
"82",93,"Sheffield Ave & Willow St",41.9137673333333,-87.6528716666667,1778,1878,144,149,1634,1729,3656,3363,293
"83",94,"Clark St & Armitage Ave",41.9182943333333,-87.636347,4550,4278,301,291,4249,3987,8828,8236,592
"84",95,"Stony Island Ave & 64th St",41.7788576666667,-87.5866698333333,92,76,16,14,76,62,168,138,30
"85",96,"Desplaines St & Randolph St",41.8845211666667,-87.6444521666667,1454,1391,133,134,1321,1257,2845,2578,267
"86",97,"Field Museum",41.8652645,-87.6178265,715,703,45,41,670,662,1418,1332,86
"87",98,"LaSalle St & Washington St",41.8826488333333,-87.6323181666667,1134,1265,116,114,1018,1151,2399,2169,230
"88",99,"Lake Shore Dr & Ohio St",41.8925643333333,-87.6143635,2688,2611,198,196,2490,2415,5299,4905,394
"89",100,"Orleans St & Merchandise Mart Plaza",41.8878953333333,-87.6368153333333,1582,1249,127,109,1455,1140,2831,2595,236
"90",101,"63rd St Beach",41.7810776666667,-87.5760501666667,650,648,45,39,605,609,1298,1214,84
"91",102,"Stony Island Ave & 67th St",41.7734513333333,-87.5853053333333,131,132,32,33,99,99,263,198,65
"92",103,"Clinton St & Polk St",41.8714001666667,-87.6409578333333,117,135,13,14,104,121,252,225,27
"93",106,"State St & Pearson St",41.89735,-87.6285985,1547,1357,127,114,1420,1243,2904,2663,241
"94",107,"Desplaines St & Jackson Blvd",41.8780286666667,-87.6441195,1636,1605,220,218,1416,1387,3241,2803,438
"95",108,"Halsted St & Polk St",41.8718071666667,-87.6466195,760,753,83,77,677,676,1513,1353,160
"96",109,"900 W Harrison St",41.8747513333333,-87.6498141666667,575,506,43,38,532,468,1081,1000,81
"97",110,"Dearborn St & Erie St",41.8942525,-87.6291886666667,3968,3925,325,325,3643,3600,7893,7243,650
"98",111,"Sedgwick St & Huron St",41.894663,-87.6381683333333,1667,1612,189,189,1478,1423,3279,2901,378
"99",112,"Green St & Randolph St",41.8835898333333,-87.648541,2100,2401,254,255,1846,2146,4501,3992,509
"100",113,"Bissell St & Armitage Ave",41.9185355,-87.65223,2923,3038,194,192,2729,2846,5961,5575,386
"101",114,"Sheffield Ave & Waveland Ave",41.9493081666667,-87.6546266666667,2394,2447,199,202,2195,2245,4841,4440,401
"102",115,"Sheffield Ave & Wellington Ave",41.9362643333333,-87.652624,2614,2617,210,198,2404,2419,5231,4823,408
"103",116,"Western Ave & Winnebago Ave",41.9156715,-87.6870825,1160,1147,101,98,1059,1049,2307,2108,199
"104",117,"Wilton Ave & Belmont Ave",41.9400798333333,-87.6529881666667,3340,3485,255,248,3085,3237,6825,6322,503
"105",118,"Sedgwick St & North Ave",41.9113775,-87.6386508333333,2002,1908,130,127,1872,1781,3910,3653,257
"106",119,"Ashland Ave & Lake St",41.8859481666667,-87.6671698333333,412,441,46,40,366,401,853,767,86
"107",120,"Wentworth Ave & Cermak Rd",41.8531255,-87.6318628333333,866,1040,70,69,796,971,1906,1767,139
"108",121,"Blackstone Ave & Hyde Park Blvd",41.802558,-87.5902711666667,813,790,112,106,701,684,1603,1385,218
"109",122,"Ogden Ave & Congress Pkwy",41.8750095,-87.673133,228,166,32,22,196,144,394,340,54
"110",123,"California Ave & Milwaukee Ave",41.9226321666667,-87.6970726666667,1433,1416,203,191,1230,1225,2849,2455,394
"111",124,"Damen Ave & Cullerton St",41.8549545,-87.6756771666667,506,500,85,85,421,415,1006,836,170
"112",125,"Rush St & Hubbard St",41.8904623333333,-87.6257675,1041,997,101,101,940,896,2038,1836,202
"113",126,"Clark St & North Ave",41.9118623333333,-87.6320495,2295,2299,161,159,2134,2140,4594,4274,320
"114",127,"Lincoln Ave & Fullerton Ave",41.9259288333333,-87.6492398333333,3122,3160,257,261,2865,2899,6282,5764,518
"115",128,"Damen Ave & Chicago Ave",41.8957,-87.677138,1352,1454,138,141,1214,1313,2806,2527,279
"116",129,"Blue Island Ave & 18th St",41.857431,-87.6615196666667,677,708,82,81,595,627,1385,1222,163
"117",130,"Damen Ave & Division St",41.9032381666667,-87.6785681666667,1307,1276,169,163,1138,1113,2583,2251,332
"118",131,"Lincoln Ave & Belmont Ave",41.9394346666667,-87.6681763333333,1377,1398,116,112,1261,1286,2775,2547,228
"119",132,"Wentworth Ave & 24th St (Temp)",41.8501426666667,-87.63221,255,267,20,20,235,247,522,482,40
"120",133,"Kingsbury St & Kinzie St",41.889131,-87.6385785,3613,3495,317,318,3296,3177,7108,6473,635
"121",134,"Peoria St & Jackson Blvd",41.8776705,-87.6493893333333,1745,1708,155,157,1590,1551,3453,3141,312
"122",135,"Halsted St & 21st St",41.853526,-87.6462973333333,132,150,9,10,123,140,282,263,19
"123",136,"Racine Ave & 13th St",41.865002,-87.6570665,148,124,15,8,133,116,272,249,23
"124",137,"Morgan Ave & 14th Pl",41.862413,-87.6511158333333,469,478,32,33,437,445,947,882,65
"125",138,"Clybourn Ave & Division St",41.9045136666667,-87.640571,799,816,57,57,742,759,1615,1501,114
"126",140,"Dearborn Pkwy & Delaware Pl",41.8987625,-87.6299478333333,3346,3336,261,261,3085,3075,6682,6160,522
"127",141,"Clark St & Lincoln Ave",41.915724,-87.6345976666667,4590,4599,293,284,4297,4315,9189,8612,577
"128",142,"McClurg Ct & Erie St",41.8945311666667,-87.6186223333333,2416,2370,229,215,2187,2155,4786,4342,444
"129",143,"Sedgwick St & Webster Ave",41.922209,-87.6389673333333,1765,1741,136,128,1629,1613,3506,3242,264
"130",144,"Larrabee St & Webster Ave",41.9217761666667,-87.6441001666667,4053,4175,315,307,3738,3868,8228,7606,622
"131",145,"Mies van der Rohe Way & Chestnut St",41.8980778333333,-87.623011,2756,2630,190,189,2566,2441,5386,5007,379
"132",146,"Loomis St & Jackson Blvd",41.8779965,-87.6620336666667,775,864,70,69,705,795,1639,1500,139
"133",147,"Indiana Ave & 26th St",41.8457015,-87.6225135,766,776,101,100,665,676,1542,1341,201
"134",148,"State St & 33rd St",41.8347458333333,-87.6257415,736,749,61,62,675,687,1485,1362,123
"135",149,"Calumet Ave & 33rd St",41.8348135,-87.6179058333333,599,602,61,59,538,543,1201,1081,120
"136",150,"Fort Dearborn Dr & 31st St",41.8385571666667,-87.6080588333333,2695,2660,165,158,2530,2502,5355,5032,323
"137",152,"Lincoln Ave & Diversey Pkwy",41.9321931666667,-87.6586805,1962,1942,149,151,1813,1791,3904,3604,300
"138",153,"Southport Ave & Wellington Ave",41.9357291666667,-87.6639663333333,1722,1761,140,137,1582,1624,3483,3206,277
"139",154,"Southport Ave & Belmont Ave",41.9392535,-87.6637745,1364,1301,171,167,1193,1134,2665,2327,338
"140",156,"Clark St & Wellington Ave",41.9365695,-87.6475853333333,3057,3093,233,231,2824,2862,6150,5686,464
"141",157,"Lake Shore Dr & Wellington Ave",41.9367881666667,-87.6368148333333,5175,5228,295,290,4880,4938,10403,9818,585
"142",158,"Milwaukee Ave & Wabansia Ave",41.9126278333333,-87.6813928333333,1722,1735,138,138,1584,1597,3457,3181,276
"143",159,"Claremont Ave & Hirsch St",41.907747,-87.6858243333333,325,314,33,30,292,284,639,576,63
"144",160,"Campbell Ave & North Ave",41.9105693333333,-87.6895675,787,791,111,110,676,681,1578,1357,221
"145",161,"Rush St & Superior St",41.895657,-87.626511,2357,2340,177,175,2180,2165,4697,4345,352
"146",162,"Damen Ave & Wellington Ave",41.9358765,-87.6784221666667,678,715,84,83,594,632,1393,1226,167
"147",163,"Damen Ave & Clybourn Ave",41.9319011666667,-87.6778015,606,682,51,51,555,631,1288,1186,102
"148",164,"Franklin St & Lake St",41.8857946666667,-87.6348971666667,1709,1636,154,154,1555,1482,3345,3037,308
"149",165,"Clark St & Grace St",41.950959,-87.659181,1842,1778,191,187,1651,1591,3620,3242,378
"150",166,"Ashland Ave & Wrightwood Ave",41.9288491666667,-87.6685946666667,892,954,100,99,792,855,1846,1647,199
"151",167,"Damen Ave & Coulter St",41.8491953333333,-87.6756631666667,194,202,29,29,165,173,396,338,58
"152",168,"Michigan Ave & 14th St",41.8643791666667,-87.6236811666667,1899,1851,261,256,1638,1595,3750,3233,517
"153",169,"Canal St & Harrison St",41.8742556666667,-87.6396271666667,275,232,24,17,251,215,507,466,41
"154",170,"Clinton St & 18th St",41.8578731666667,-87.640876,374,363,44,35,330,328,737,658,79
"155",171,"May St & Cullerton St",41.8551723333333,-87.6541725,353,357,47,47,306,310,710,616,94
"156",172,"Rush St & Cedar St",41.9023133333333,-87.6277883333333,2603,2645,255,253,2348,2392,5248,4740,508
"157",173,"Mies van der Rohe Way & Chicago Ave",41.8971241666667,-87.6215775,2236,2277,175,172,2061,2105,4513,4166,347
"158",174,"Canal St & Madison St",41.8817011666667,-87.6400576666667,806,769,61,62,745,707,1575,1452,123
"159",175,"Wells St & Polk St",41.8722906666667,-87.6334895,1599,1603,200,198,1399,1405,3202,2804,398
"160",176,"Clark St & Elm St",41.902948,-87.6316251666667,5660,5535,430,422,5230,5113,11195,10343,852
"161",177,"Theater on the Lake",41.92627,-87.6309553333333,8860,9489,465,451,8395,9038,18349,17433,916
"162",178,"State St & 19th St",41.856528,-87.6275925,449,454,44,39,405,415,903,820,83
"163",179,"MLK Jr Dr & Pershing Rd",41.824502,-87.6167921666667,339,330,52,52,287,278,669,565,104
"164",180,"Ritchie Ct & Banks St",41.9068306666667,-87.6262106666667,2038,2064,191,190,1847,1874,4102,3721,381
"165",181,"LaSalle St & Illinois St",41.8908286666667,-87.6317805,2656,2768,257,252,2399,2516,5424,4915,509
"166",182,"Wells St & Elm St",41.9029985,-87.6346211666667,3942,3686,326,319,3616,3367,7628,6983,645
"167",183,"Damen Ave & Thomas St (Augusta Blvd)",41.9014648333333,-87.6774725,1123,1031,120,104,1003,927,2154,1930,224
"168",184,"State St & 35th St",41.8310371666667,-87.6268833333333,374,380,27,27,347,353,754,700,54
"169",185,"Stave St & Armitage Ave",41.9177508333333,-87.69151,621,609,102,99,519,510,1230,1029,201
"170",186,"Ogden Ave & Race Ave",41.8917588333333,-87.6588203333333,1139,1187,142,144,997,1043,2326,2040,286
"171",188,"Greenview Ave & Fullerton Ave",41.9254015,-87.6658645,1353,1528,125,120,1228,1408,2881,2636,245
"172",190,"Southport Ave & Wrightwood Ave",41.9288425,-87.6638993333333,1208,1225,90,89,1118,1136,2433,2254,179
"173",191,"Canal St & Monroe St",41.8815341666667,-87.6393425,509,305,36,21,473,284,814,757,57
"174",192,"Canal St & Adams St",41.8794043333333,-87.6399956666667,1312,1202,85,84,1227,1118,2514,2345,169
"175",193,"State St & 29th St",41.8417438333333,-87.6269216666667,141,140,21,21,120,119,281,239,42
"176",194,"Wabash Ave & Wacker Pl",41.8867303333333,-87.626068,2209,2352,143,144,2066,2208,4561,4274,287
"177",195,"Columbus Dr & Randolph St",41.8846406666667,-87.619549,3465,2587,260,225,3205,2362,6052,5567,485
"178",196,"Cityfront Plaza Dr & Pioneer Ct",41.8903258333333,-87.6217,1812,1352,135,116,1677,1236,3164,2913,251
"179",197,"Michigan Ave & Madison St",41.8823978333333,-87.6248745,1368,1356,84,84,1284,1272,2724,2556,168
"180",198,"Green St & Madison St",41.881823,-87.6487738333333,2839,3105,302,303,2537,2802,5944,5339,605
"181",199,"Wabash Ave & Grand Ave",41.8912691666667,-87.6268575,3693,3723,301,291,3392,3432,7416,6824,592
"182",200,"MLK Jr Dr & 47th St",41.8098646666667,-87.6162835,235,242,68,65,167,177,477,344,133
"183",201,"Indiana Ave & 40th St",41.8216426666667,-87.621419,119,107,23,21,96,86,226,182,44
"184",202,"Halsted St & 18th St",41.8574886666667,-87.646063,392,409,44,47,348,362,801,710,91
"185",203,"Western Ave & 21st St",41.8540803333333,-87.685862,241,267,60,57,181,210,508,391,117
"186",204,"Prairie Ave & Garfield Blvd",41.7948471666667,-87.618806,84,96,14,16,70,80,180,150,30
"187",205,"Paulina St & 18th St",41.85787,-87.6685203333333,690,708,81,79,609,629,1398,1238,160
"188",206,"Halsted St & Archer Ave",41.847126,-87.646812,177,184,21,20,156,164,361,320,41
"189",207,"Emerald Ave & 28th St",41.843574,-87.6454733333333,285,287,37,29,248,258,572,506,66
"190",208,"Laflin St & Cullerton St",41.8548526666667,-87.6636985,309,350,41,43,268,307,659,575,84
"191",209,"Normal Ave & Archer Ave",41.849597,-87.6406268333333,176,194,11,12,165,182,370,347,23
"192",210,"Ashland Ave & Division St",41.9033153333333,-87.6682533333333,2867,2872,266,263,2601,2609,5739,5210,529
"193",211,"St. Clair St & Erie St",41.8945841666667,-87.6226418333333,3465,3634,254,267,3211,3367,7099,6578,521
"194",212,"Wells St & Hubbard St",41.8900423333333,-87.6340318333333,2645,2578,238,231,2407,2347,5223,4754,469
"195",213,"Leavitt St & North Ave",41.9100788333333,-87.6823511666667,809,799,68,71,741,728,1608,1469,139
"196",214,"Damen Ave & Grand Ave",41.8912946666667,-87.676936,557,561,74,60,483,501,1118,984,134
"197",215,"Damen Ave & Madison St",41.8814578333333,-87.6749985,227,243,24,25,203,218,470,421,49
"198",216,"California Ave & Division St",41.9030145,-87.697441,745,773,97,95,648,678,1518,1326,192
"199",217,"Elizabeth (May) St & Fulton St",41.8865903333333,-87.6584216666667,636,665,108,107,528,558,1301,1086,215
"200",218,"Wells St & 19th St",41.8567253333333,-87.633932,368,386,36,37,332,349,754,681,73
"201",219,"Damen Ave & Cortland St",41.9160013333333,-87.677318,1614,1664,154,154,1460,1510,3278,2970,308
"202",220,"Clark St & Drummond Pl",41.9313411666667,-87.6442301666667,3386,3376,257,249,3129,3127,6762,6256,506
"203",222,"Milwaukee Ave & Rockwell St",41.9203386666667,-87.69265,644,580,87,87,557,493,1224,1050,174
"204",223,"Clifton Ave & Armitage Ave",41.918119,-87.6571248333333,1458,1513,108,107,1350,1406,2971,2756,215
"205",224,"Halsted St & Willow St",41.9138545,-87.6488113333333,1549,1501,116,114,1433,1387,3050,2820,230
"206",225,"Halsted St & Dickens Ave",41.9199355,-87.648934,2519,2631,199,199,2320,2432,5150,4752,398
"207",226,"Racine Ave & Belmont Ave",41.9396513333333,-87.6588498333333,1791,1785,141,141,1650,1644,3576,3294,282
"208",227,"Southport Ave & Waveland Ave",41.948111,-87.6641606666667,2434,2517,208,206,2226,2311,4951,4537,414
"209",228,"Damen Ave & Melrose Ave",41.9404656666667,-87.678438,396,401,49,48,347,353,797,700,97
"210",229,"Southport Ave & Roscoe St",41.9436725,-87.6639726666667,2621,2695,213,211,2408,2484,5316,4892,424
"211",230,"Lincoln Ave & Roscoe St",41.9432861666667,-87.6707003333333,1556,1609,171,170,1385,1439,3165,2824,341
"212",231,"Sheridan Rd & Montrose Ave",41.9615541666667,-87.6546376666667,2231,2276,267,260,1964,2016,4507,3980,527
"213",232,"Pine Grove Ave & Waveland Ave",41.9493465,-87.6464728333333,3705,3609,271,269,3434,3340,7314,6774,540
"214",233,"Sangamon St & Washington Blvd",41.882985,-87.651173,1030,1041,124,123,906,918,2071,1824,247
"215",234,"Clark St & Montrose Ave",41.9615106666667,-87.6663308333333,890,876,83,84,807,792,1766,1599,167
"216",236,"Sedgwick St & Schiller St",41.9075855,-87.6383305,658,596,62,62,596,534,1254,1130,124
"217",237,"MLK Jr Dr & 29th St",41.84198,-87.6169073333333,1091,1068,120,121,971,947,2159,1918,241
"218",238,"Wolcott (Ravenswood) Ave & Montrose Ave",41.9614728333333,-87.6763083333333,798,796,67,67,731,729,1594,1460,134
"219",239,"Western Ave & Leland Ave",41.9664971666667,-87.6885496666667,791,852,87,86,704,766,1643,1470,173
"220",240,"Sheridan Rd & Irving Park Rd",41.9542903333333,-87.6544646666667,1724,1664,149,147,1575,1517,3388,3092,296
"221",241,"Morgan St & Polk St",41.871997,-87.6509825,1101,1060,105,105,996,955,2161,1951,210
"222",242,"Damen Ave & Leland Ave",41.9671116666667,-87.679064,796,772,76,73,720,699,1568,1419,149
"223",243,"Lincoln Ave & Sunnyside Ave",41.9629848333333,-87.6848745,733,743,80,78,653,665,1476,1318,158
"224",244,"Ravenswood Ave & Irving Park Rd",41.9546931666667,-87.6739315,734,760,63,63,671,697,1494,1368,126
"225",245,"Clarendon Ave & Junior Ter",41.961069,-87.6495081666667,2110,2076,224,223,1886,1853,4186,3739,447
"226",246,"Ashland Ave & Belle Plaine Ave",41.956084,-87.6689735,520,502,62,60,458,442,1022,900,122
"227",247,"Shore Dr & 55th St",41.7951856666667,-87.5809523333333,2498,2483,234,227,2264,2256,4981,4520,461
"228",248,"Woodlawn Ave & 55th St",41.79525,-87.5964825,502,472,46,40,456,432,974,888,86
"229",249,"Montrose Harbor",41.9639333333333,-87.6381925,3960,3953,296,284,3664,3669,7913,7333,580
"230",250,"Ashland Ave & Wellington Ave",41.936102,-87.669863,783,746,65,65,718,681,1529,1399,130
"231",251,"Clarendon Ave & Leland Ave",41.9679773333333,-87.6500433333333,1176,1179,92,91,1084,1088,2355,2172,183
"232",252,"Greenwood Ave & 47th St",41.8098241666667,-87.5992563333333,485,498,62,63,423,435,983,858,125
"233",253,"Winthrop Ave & Lawrence Ave",41.9689283333333,-87.6577778333333,801,816,97,100,704,716,1617,1420,197
"234",254,"Pine Grove Ave & Irving Park Rd",41.9543653333333,-87.648068,2616,2635,226,229,2390,2406,5251,4796,455
"235",255,"Indiana Ave & Roosevelt Rd",41.8679328333333,-87.6230271666667,4531,4536,324,311,4207,4225,9067,8432,635
"236",256,"Broadway & Sheridan Rd",41.9527401666667,-87.6500693333333,1691,1719,193,190,1498,1529,3410,3027,383
"237",257,"Lincoln Ave & Waveland Ave",41.9487811666667,-87.6753316666667,800,810,80,80,720,730,1610,1450,160
"238",258,"Logan Blvd & Elston Ave",41.9294136666667,-87.6841775,819,913,122,125,697,788,1732,1485,247
"239",259,"California Ave & Francis Pl (Temp)",41.918527,-87.6975281666667,683,683,125,122,558,561,1366,1119,247
"240",260,"Kedzie Ave & Milwaukee Ave",41.9295401666667,-87.70788,1738,1787,210,211,1528,1576,3525,3104,421
"241",261,"Hermitage Ave & Polk St",41.871481,-87.6698583333333,528,565,60,60,468,505,1093,973,120
"242",262,"Halsted St & 37th St",41.8270466666667,-87.6457556666667,126,127,25,23,101,104,253,205,48
"243",263,"Rhodes Ave & 32nd St",41.8367141666667,-87.6133855,692,668,108,107,584,561,1360,1145,215
"244",264,"Stetson Ave & South Water St",41.8866695,-87.6221483333333,1374,1234,157,158,1217,1076,2608,2293,315
"245",265,"Cottage Grove Ave & Oakwood Blvd",41.8229458333333,-87.607151,622,616,168,162,454,454,1238,908,330
"246",267,"Lake Park Ave & 47th St",41.8094145,-87.5919216666667,528,521,55,52,473,469,1049,942,107
"247",268,"Lake Shore Dr & North Blvd",41.9116205,-87.6267606666667,6450,6658,380,367,6070,6291,13108,12361,747
"248",270,"Stony Island Ave & 75th St",41.7586773333333,-87.5869195,51,70,17,15,34,55,121,89,32
"249",271,"Cottage Grove Ave & 43rd St",41.8164663333333,-87.606597,257,265,56,56,201,209,522,410,112
"250",272,"Indiana Ave & 31st St",41.8388141666667,-87.6218901666667,606,600,84,80,522,520,1206,1042,164
"251",273,"Michigan Ave & 18th St",41.857891,-87.6245151666667,1639,1607,127,128,1512,1479,3246,2991,255
"252",274,"Racine Ave & 15th St",41.8612236666667,-87.6565541666667,281,255,14,13,267,242,536,509,27
"253",275,"Ashland Ave & 13th St",41.865236,-87.6664848333333,308,354,29,29,279,325,662,604,58
"254",276,"California Ave & North Ave",41.9105453333333,-87.697088,680,689,70,71,610,618,1369,1228,141
"255",277,"Ashland Ave & Grand Ave",41.8910876666667,-87.6667313333333,683,746,83,84,600,662,1429,1262,167
"256",278,"Wallace St & 35th St",41.830629,-87.64129,222,228,24,22,198,206,450,404,46
"257",279,"Halsted St & 35th St",41.8306498333333,-87.6470948333333,227,221,18,19,209,202,448,411,37
"258",280,"Morgan St & 31st St",41.8377825,-87.6510828333333,343,358,46,43,297,315,701,612,89
"259",281,"Western Ave & 24th St",41.8484965,-87.685143,150,156,17,14,133,142,306,275,31
"260",282,"Halsted St & Maxwell St",41.8649525,-87.64708,762,784,76,77,686,707,1546,1393,153
"261",283,"LaSalle St & Jackson Blvd",41.877715,-87.6318025,1172,997,121,96,1051,901,2169,1952,217
"262",284,"Michigan Ave & Jackson Blvd",41.8777475,-87.6240856666667,1254,1207,86,81,1168,1126,2461,2294,167
"263",285,"Wood St & Hubbard St",41.8899543333333,-87.671584,471,494,37,36,434,458,965,892,73
"264",286,"Franklin St & Adams St (Temp)",41.8789393333333,-87.6361711666667,825,837,67,66,758,771,1662,1529,133
"265",287,"Franklin St & Monroe St",41.8792975,-87.635552,1447,1322,149,134,1298,1188,2769,2486,283
"266",288,"Larrabee St & Armitage Ave",41.9181283333333,-87.6437836666667,1530,1425,92,93,1438,1332,2955,2770,185
"267",289,"Wells St & Concord Ln",41.9118903333333,-87.6348145,4812,4975,373,375,4439,4600,9787,9039,748
"268",290,"Kedzie Ave & Palmer Ct",41.921519,-87.7073491666667,736,745,121,119,615,626,1481,1241,240
"269",291,"Wells St & Evergreen Ave",41.9066465,-87.635088,3484,3521,293,292,3191,3229,7005,6420,585
"270",292,"Southport Ave & Clark St",41.9571451666667,-87.664165,454,413,44,45,410,368,867,778,89
"271",293,"Broadway & Wilson Ave",41.9652095,-87.658318,1356,1435,163,162,1193,1273,2791,2466,325
"272",294,"Broadway & Berwyn Ave",41.9783656666667,-87.6597546666667,1301,1317,131,127,1170,1190,2618,2360,258
"273",295,"Broadway & Argyle St",41.9737788333333,-87.6598518333333,1193,1207,99,99,1094,1108,2400,2202,198
"274",296,"Broadway & Belmont Ave",41.9401421666667,-87.6454281666667,2643,2715,208,203,2435,2512,5358,4947,411
"275",297,"Paulina St & Montrose Ave",41.9614651666667,-87.6714538333333,486,443,25,24,461,419,929,880,49
"276",298,"Lincoln Ave & Belle Plaine Ave",41.9558853333333,-87.68032,870,848,82,80,788,768,1718,1556,162
"277",299,"Halsted St & Roscoe St",41.9437456666667,-87.6488258333333,3003,3047,359,360,2644,2687,6050,5331,719
"278",300,"Broadway & Barry Ave",41.9376331666667,-87.6440393333333,4487,4653,339,338,4148,4315,9140,8463,677
"279",301,"Clark St & Schiller St",41.9080636666667,-87.6315713333333,3193,2883,220,213,2973,2670,6076,5643,433
"280",302,"Sheffield Ave & Wrightwood Ave",41.9287308333333,-87.6537961666667,2479,2229,170,158,2309,2071,4708,4380,328
"281",303,"Broadway & Cornelia Ave",41.9455513333333,-87.646507,3427,3401,281,281,3146,3120,6828,6266,562
"282",304,"Broadway & Waveland Ave",41.9490831666667,-87.6485165,2912,2952,228,229,2684,2723,5864,5407,457
"283",305,"Western Ave & Division St",41.9029088333333,-87.6873243333333,775,768,187,177,588,591,1543,1179,364
"284",306,"Sheridan Rd & Buena Ave",41.9584695,-87.6550106666667,1412,1378,141,141,1271,1237,2790,2508,282
"285",307,"Southport Ave & Clybourn Ave",41.9207845,-87.6637473333333,900,969,92,87,808,882,1869,1690,179
"286",308,"Seeley Ave & Roscoe St",41.9433735,-87.6796445,727,802,85,85,642,717,1529,1359,170
"287",309,"Leavitt St & Armitage Ave",41.9178036666667,-87.6824763333333,798,788,93,83,705,705,1586,1410,176
"288",310,"Damen Ave & Charleston St",41.9199871666667,-87.6778925,759,796,72,73,687,723,1555,1410,145
"289",311,"Leavitt St & Lawrence Ave",41.9689291666667,-87.6840511666667,410,410,28,29,382,381,820,763,57
"290",312,"Clarendon Ave & Gordon Ter",41.9576558333333,-87.6494313333333,1922,1908,148,153,1774,1755,3830,3529,301
"291",313,"Lakeview Ave & Fullerton Pkwy",41.9257491666667,-87.639129,4045,3931,279,262,3766,3669,7976,7435,541
"292",314,"Ravenswood Ave & Berteau Ave",41.9578833333333,-87.6736553333333,462,451,49,51,413,400,913,813,100
"293",315,"Elston Ave & Wabansia Ave",41.9128873333333,-87.6642463333333,406,445,49,46,357,399,851,756,95
"294",316,"Damen Ave & Sunnyside Ave",41.963279,-87.679313,496,491,58,59,438,432,987,870,117
"295",317,"Wood St & Taylor St",41.8691585,-87.6734308333333,804,725,82,83,722,642,1529,1364,165
"296",318,"Southport Ave & Irving Park Rd",41.954119,-87.6643053333333,870,780,62,57,808,723,1650,1531,119
"297",319,"Greenview Ave & Diversey Pkwy",41.9326106666667,-87.6659943333333,733,696,65,58,668,638,1429,1306,123
"298",320,"Loomis St & Lexington St",41.8721546666667,-87.6615735,1606,1623,147,145,1459,1478,3229,2937,292
"299",321,"Wabash Ave & 9th St",41.8707095,-87.6258561666667,2643,2716,238,238,2405,2478,5359,4883,476
"300",322,"Kimbark Ave & 53rd St",41.7995298333333,-87.5946588333333,1252,1243,156,149,1096,1094,2495,2190,305
"301",323,"Sheridan Rd & Lawrence Ave",41.969529,-87.6547458333333,1071,1010,139,140,932,870,2081,1802,279
"302",324,"Stockton Dr & Wrightwood Ave",41.9313043333333,-87.6387758333333,3181,3199,231,230,2950,2969,6380,5919,461
"303",325,"Clark St & Winnemac Ave",41.9733446666667,-87.6678261666667,1562,1580,147,149,1415,1431,3142,2846,296
"304",326,"Clark St & Leland Ave",41.9670201666667,-87.6674238333333,1184,1184,116,120,1068,1064,2368,2132,236
"305",327,"Sheffield Ave & Webster Ave",41.9216855,-87.6537765,2433,2435,171,163,2262,2272,4868,4534,334
"306",328,"Ellis Ave & 58th St",41.788756,-87.6012993333333,569,603,75,74,494,529,1172,1023,149
"307",329,"Lake Shore Dr & Diversey Pkwy",41.932588,-87.636427,3950,4051,295,283,3655,3768,8001,7423,578
"308",330,"Lincoln Ave & Addison St",41.9461983333333,-87.673325,444,466,43,39,401,427,910,828,82
"309",331,"Halsted St & Clybourn Ave",41.9094755,-87.6481578333333,2139,2194,166,169,1973,2025,4333,3998,335
"310",332,"Burling St (Halsted) & Diversey Pkwy (Temp)",41.9331165,-87.6477228333333,2042,2054,126,125,1916,1929,4096,3845,251
"311",333,"Ashland Ave & Blackhawk St",41.9070741666667,-87.6671841666667,1459,1516,167,160,1292,1356,2975,2648,327
"312",334,"Lake Shore Dr & Belmont Ave",41.940736,-87.6391636666667,4305,4383,299,289,4006,4094,8688,8100,588
"313",335,"Calumet Ave & 35th St",41.8314356666667,-87.6180338333333,321,302,51,50,270,252,623,522,101
"314",336,"Cottage Grove Ave & 47th St",41.8098973333333,-87.6067188333333,313,304,59,52,254,252,617,506,111
"315",337,"Clark St & Chicago Ave",41.8966801666667,-87.6307458333333,1972,1792,167,166,1805,1626,3764,3431,333
"316",338,"Calumet Ave & 18th St",41.8576978333333,-87.6194346666667,1383,1398,110,112,1273,1286,2781,2559,222
"317",339,"Emerald Ave & 31st St",41.8382458333333,-87.6450795,546,571,60,51,486,520,1117,1006,111
"318",340,"Clark St & Wrightwood Ave",41.9296476666667,-87.6431225,3124,3170,256,256,2868,2914,6294,5782,512
"319",341,"Adler Planetarium",41.8661178333333,-87.6073548333333,3406,3294,237,220,3169,3074,6700,6243,457
"320",342,"Wolcott Ave & Polk St",41.8713551666667,-87.6736395,1090,1013,113,90,977,923,2103,1900,203
"321",343,"Racine Ave & Wrightwood Ave",41.9289655,-87.6589995,1016,1008,73,76,943,932,2024,1875,149
"322",344,"Ravenswood Ave & Lawrence Ave",41.9691345,-87.6742568333333,1345,1381,144,150,1201,1231,2726,2432,294
"323",345,"Lake Park Ave & 56th St",41.7932825,-87.5878671666667,851,856,86,88,765,768,1707,1533,174
"324",346,"Ada St & Washington Blvd",41.8828151666667,-87.661182,1102,1099,101,97,1001,1002,2201,2003,198
"325",347,"Ashland Ave & Grace St",41.9506563333333,-87.668603,746,747,70,72,676,675,1493,1351,142
"326",348,"California Ave & 21st St",41.8537923333333,-87.6958461666667,157,139,24,22,133,117,296,250,46
"327",349,"Halsted St & Wrightwood Ave",41.9291521666667,-87.6491401666667,2170,2176,186,186,1984,1990,4346,3974,372
"328",350,"Ashland Ave & Chicago Ave",41.8959788333333,-87.6677463333333,1130,1135,106,108,1024,1027,2265,2051,214
"329",351,"Cottage Grove Ave & 51st St",41.8030295,-87.6065988333333,376,391,46,50,330,341,767,671,96
"330",352,"Jeffery Blvd & 67th St",41.773518,-87.5773238333333,196,189,38,37,158,152,385,310,75
"331",353,"Clark St & Touhy Ave",42.0125708333333,-87.674251,124,120,22,22,102,98,244,200,44
"332",354,"Sheridan Rd & Greenleaf Ave",42.010586,-87.6624018333333,550,535,59,51,491,484,1085,975,110
"333",355,"South Shore Dr & 67th St",41.7736891666667,-87.5674013333333,384,357,66,50,318,307,741,625,116
"334",356,"Stony Island Ave & 71st St",41.7664681666667,-87.5864658333333,75,77,26,24,49,53,152,102,50
"335",359,"Larrabee St & Division St",41.9035515,-87.6432878333333,1512,1514,132,131,1380,1383,3026,2763,263
"336",364,"Larrabee St & Oak St",41.9002266666667,-87.6430193333333,884,859,65,65,819,794,1743,1613,130
"337",365,"Halsted St & North Branch St",41.8993046666667,-87.6484481666667,207,193,32,32,175,161,400,336,64
"338",366,"Loomis St & Archer Ave",41.8416671666667,-87.6573773333333,234,245,51,52,183,193,479,376,103
"339",367,"Racine Ave & 35th St",41.8306795,-87.6561881666667,149,149,15,15,134,134,298,268,30
"340",368,"Ashland Ave & Archer Ave",41.8389735,-87.6654968333333,137,120,12,10,125,110,257,235,22
"341",369,"Wood St & 35th St",41.8301838333333,-87.6702623333333,133,141,29,28,104,113,274,217,57
"342",370,"Calumet Ave & 21st St",41.8540565,-87.6190953333333,477,514,43,43,434,471,991,905,86
"343",373,"Kedzie Ave & Chicago Ave",41.8955225,-87.7061981666667,276,300,102,102,174,198,576,372,204
"344",374,"Western Ave & Walton St",41.8984586666667,-87.6865203333333,1002,930,140,117,862,813,1932,1675,257
"345",375,"Sacramento Blvd & Franklin Blvd",41.890468,-87.702607,75,77,10,11,65,66,152,131,21
"346",376,"Artesian Ave & Hubbard St",41.8895196666667,-87.6881911666667,265,223,103,92,162,131,488,293,195
"347",377,"Kedzie Ave & Lake St",41.8845881666667,-87.7063255,123,114,34,23,89,91,237,180,57
"348",378,"California Ave & Lake St",41.884453,-87.696298,116,110,21,22,95,88,226,183,43
"349",381,"Western Ave & Monroe St",41.8798301666667,-87.6860528333333,340,367,73,72,267,295,707,562,145
"350",382,"Western Ave & Congress Pkwy",41.8746783333333,-87.6864073333333,466,469,172,169,294,300,935,594,341
"351",383,"Paulina St & Flournoy St",41.8732445,-87.66912,1027,931,138,101,889,830,1958,1719,239
"352",384,"Halsted St & 51st St",41.8017115,-87.6452181666667,17,25,1,3,16,22,42,38,4
"353",385,"Princeton Ave & Garfield Blvd",41.794964,-87.6331288333333,32,32,10,13,22,19,64,41,23
"354",386,"Halsted St & 56th St",41.792929,-87.64499,15,11,0,0,15,11,26,26,0
"355",388,"Halsted St & 63rd St",41.779381,-87.64462,48,53,1,1,47,52,101,99,2
"356",390,"Wentworth Ave & 63rd St",41.7801006666667,-87.6297703333333,28,37,8,5,20,32,65,52,13
"357",391,"Halsted St & 69th St",41.7690935,-87.6446885,18,16,4,4,14,12,34,26,8
"358",392,"Perry Ave & 69th St",41.769293,-87.628195,12,8,1,1,11,7,20,18,2
"359",393,"Calumet Ave & 71st St",41.7655851666667,-87.6169423333333,45,47,13,14,32,33,92,65,27
"360",394,"Clark St & 9th St (AMLI)",41.8707791666667,-87.6310686666667,929,901,98,90,831,811,1830,1642,188
"361",395,"Jeffery Blvd & 76th St",41.7571413333333,-87.5758648333333,72,73,8,8,64,65,145,129,16
"362",396,"Yates Blvd & 75th St",41.7586705,-87.5663875,78,73,32,25,46,48,151,94,57
"363",398,"Rainbow Beach",41.7579091666667,-87.5494081666667,117,100,23,23,94,77,217,171,46
"364",399,"South Shore Dr & 74th St",41.7622818333333,-87.5591285,267,244,124,107,143,137,511,280,231
"365",400,"Cottage Grove Ave & 71st St",41.7657288333333,-87.6050928333333,22,16,5,0,17,16,38,33,0
"366",401,"Shields Ave & 28th Pl",41.8427546666667,-87.6354843333333,163,147,6,7,157,140,310,297,13
"367",402,"Shields Ave & 31st St",41.83837,-87.6354401666667,372,363,41,38,331,325,735,656,79
"368",403,"Wentworth Ave & 33rd St",41.8345436666667,-87.6318113333333,202,177,5,4,197,173,379,370,9
"369",405,"Wentworth Ave & 35th St",41.8307341666667,-87.6324836666667,105,87,3,3,102,84,192,186,6
"370",406,"Lake Park Ave & 35th St",41.8313255,-87.6088686666667,998,981,113,100,885,881,1979,1766,213
"371",407,"State St & Pershing Rd",41.8230585,-87.6265945,46,51,9,8,37,43,97,80,17
"372",408,"Union Ave & Root St",41.819167,-87.6432618333333,125,130,35,33,90,97,255,187,68
"373",409,"Shields Ave & 43rd St",41.816208,-87.634819,3,7,0,0,3,7,10,10,0
"374",410,"Prairie Ave & 43rd St",41.816627,-87.6193388333333,161,169,34,30,127,139,330,266,64
"375",411,"Halsted St & 47th Pl",41.808197,-87.6456521666667,100,90,27,24,73,66,190,139,51
"376",412,"Princeton Ave & 47th St",41.809331,-87.6334738333333,60,46,13,12,47,34,106,81,25
"377",413,"Woodlawn Ave & Lake Park Ave",41.8140151666667,-87.5970048333333,356,347,54,47,302,300,703,602,101
"378",414,"Canal St & Taylor St",41.8700646666667,-87.6395003333333,684,708,66,66,618,642,1392,1260,132
"379",415,"Calumet Ave & 51st St",41.8022733333333,-87.6180983333333,162,151,42,35,120,116,313,236,77
"380",416,"Dorchester Ave & 49th St",41.8058196666667,-87.5925173333333,264,255,75,72,189,183,519,372,147
"381",417,"Cornell Ave & Hyde Park Blvd",41.8023988333333,-87.5869623333333,1473,1421,271,245,1202,1176,2894,2378,516
"382",418,"Ellis Ave & 53rd St",41.7994,-87.6008771666667,626,617,115,112,511,505,1243,1016,227
"383",419,"Lake Park Ave & 53rd St",41.7995611666667,-87.5864585,1026,1027,100,102,926,925,2053,1851,202
"384",420,"Ellis Ave & 55th St",41.7943638333333,-87.6015456666667,430,428,42,42,388,386,858,774,84
"385",421,"MLK Jr Dr & 56th St",41.7934306666667,-87.6158353333333,72,78,5,5,67,73,150,140,10
"386",422,"DuSable Museum",41.7915248333333,-87.6078546666667,95,95,14,13,81,82,190,163,27
"387",423,"University Ave & 57th St",41.7915046666667,-87.599903,874,863,111,111,763,752,1737,1515,222
"388",424,"Museum of Science and Industry",41.7916513333333,-87.5839381666667,735,729,90,82,645,647,1464,1292,172
"389",425,"Harper Ave & 59th St",41.7879096666667,-87.588313,286,270,48,40,238,230,556,468,88
"390",426,"Ellis Ave & 60th St",41.7851538333333,-87.6012586666667,350,342,49,47,301,295,692,596,96
"391",427,"Cottage Grove Ave & 63rd St",41.780564,-87.6061865,93,105,17,14,76,91,198,167,31
"392",428,"Dorchester Ave & 63rd St",41.7804055,-87.591383,212,202,69,60,143,142,414,285,129
"393",429,"Cottage Grove Ave & 67th St",41.7737838333333,-87.605666,44,34,5,4,39,30,78,69,9
"394",430,"MLK Jr Dr & 63rd St",41.7801391666667,-87.6159966666667,74,74,12,12,62,62,148,124,24
"395",431,"Eberhart Ave & 61st St",41.7841088333333,-87.6132296666667,86,94,9,8,77,86,180,163,17
"396",432,"Clark St & Lunt Ave",42.0090443333333,-87.6743008333333,233,218,27,26,206,192,451,398,53
"397",433,"Kedzie Ave & Harrison St",41.8736211666667,-87.704938,35,42,4,4,31,38,77,69,8
"398",434,"Ogden Ave & Roosevelt Rd",41.866544,-87.684601,377,318,41,40,336,278,695,614,81
"399",435,"Kedzie Ave & Roosevelt Rd",41.866495,-87.706411,60,71,19,18,41,53,131,94,37
"400",436,"Fairfield Ave & Roosevelt Rd",41.866676,-87.6944838333333,107,107,43,41,64,66,214,130,84
"401",437,"Washtenaw Ave & Ogden Ave",41.861918,-87.693447,178,157,37,32,141,125,335,266,69
"402",438,"Central Park Ave & Ogden Ave",41.8539608333333,-87.7151403333333,82,62,8,8,74,54,144,128,16
"403",439,"Kedzie Ave & 21st St",41.8535135,-87.7050931666667,52,57,12,10,40,47,109,87,22
"404",440,"Central Park Ave & 24th St",41.8481063333333,-87.7151101666667,39,47,3,3,36,44,86,80,6
"405",441,"Kedzie Ave & 24th St",41.8482891666667,-87.7054271666667,42,44,6,5,36,39,86,75,11
"406",442,"California Ave & 23rd Pl",41.8491456666667,-87.695134,176,174,79,72,97,102,350,199,151
"407",443,"Millard Ave & 26th St",41.844589,-87.7160228333333,85,91,24,24,61,67,176,128,48
"408",444,"Albany Ave & 26th St",41.8445538333333,-87.7020401666667,70,81,7,7,63,74,151,137,14
"409",445,"California Ave & 26th St",41.8440576666667,-87.6953408333333,32,33,7,7,25,26,65,51,14
"410",446,"Western Ave & 28th St",41.8414841666667,-87.685113,59,49,13,12,46,37,108,83,25
"411",447,"Glenwood Ave & Morse Ave",42.0079541666667,-87.6655085,610,591,88,87,522,504,1201,1026,175
"412",448,"Warren Park East",42.0045183333333,-87.6806543333333,172,155,14,14,158,141,327,299,28
"413",449,"Clark St & Columbia Ave",42.00446,-87.67242,264,252,39,39,225,213,516,438,78
"414",450,"Warren Park West",42.0017656666667,-87.688802,250,250,47,46,203,204,500,407,93
"415",451,"Sheridan Rd & Loyola Ave",42.001141,-87.6613058333333,1007,1058,105,105,902,953,2065,1855,210
"416",452,"Western Ave & Granville Ave",41.9941933333333,-87.6893995,233,255,44,43,189,212,488,401,87
"417",453,"Clark St & Schreiber Ave",41.9992253333333,-87.6713205,388,399,46,41,342,358,787,700,87
"418",454,"Broadway & Granville Ave",41.9947865,-87.6602151666667,1590,1614,196,195,1394,1419,3204,2813,391
"419",455,"Maplewood Ave & Peterson Ave",41.9902583333333,-87.6933873333333,132,145,21,22,111,123,277,234,43
"420",456,"2112 W Peterson Ave",41.9911555,-87.683559,131,167,19,21,112,146,298,258,40
"421",457,"Clark St & Elmdale Ave",41.9903978333333,-87.6698685,559,582,106,106,453,476,1141,929,212
"422",458,"Broadway & Thorndale Ave",41.9897823333333,-87.6601203333333,1054,1097,133,132,921,965,2151,1886,265
"423",459,"Lakefront Trail & Bryn Mawr Ave",41.9840231666667,-87.6523606666667,3982,3990,329,313,3653,3677,7972,7330,642
"424",460,"Clark St & Bryn Mawr Ave",41.9835758333333,-87.6691996666667,987,1040,127,128,860,912,2027,1772,255
"425",461,"Broadway & Ridge Ave",41.9840365,-87.6602926666667,1204,1202,149,152,1055,1050,2406,2105,301
"426",462,"Winchester (Ravenswood) Ave & Balmoral Ave",41.9798443333333,-87.6775093333333,172,197,26,27,146,170,369,316,53
"427",463,"Clark St & Berwyn Ave",41.9780465,-87.668013,1564,1554,190,184,1374,1370,3118,2744,374
"428",464,"Damen Ave & Foster Ave",41.9756843333333,-87.6794443333333,666,694,63,67,603,627,1360,1230,130
"429",465,"Marine Dr & Ainslie St",41.9716826666667,-87.650111,1978,1958,182,180,1796,1778,3936,3574,362
"430",466,"Ridge Blvd & Touhy Ave",42.0121565,-87.6829011666667,81,87,8,10,73,77,168,150,18
"431",467,"Western Ave & Lunt Ave",42.00868,-87.690393,323,317,132,131,191,186,640,377,263
"432",468,"Budlong Woods Library",41.9836595,-87.6964308333333,145,145,44,43,101,102,290,203,87
"433",469,"St. Louis Ave & Balmoral Ave",41.9803465,-87.7161406666667,173,169,14,13,159,156,342,315,27
"434",470,"Kedzie Ave & Foster Ave",41.9756693333333,-87.7092886666667,203,206,48,51,155,155,409,310,99
"435",471,"Francisco Ave & Foster Ave",41.9756416666667,-87.7014345,371,366,92,90,279,276,737,555,182
"436",472,"Lincoln Ave & Winona St",41.9749021666667,-87.6926725,318,325,71,74,247,251,643,498,145
"437",474,"Christiana Ave & Lawrence Ave",41.9683811666667,-87.7118323333333,235,247,59,59,176,188,482,364,118
"438",475,"Washtenaw Ave & Lawrence Ave",41.9687398333333,-87.6961711666667,452,443,108,102,344,341,895,685,210
"439",476,"Kedzie Ave & Leland Ave",41.966685,-87.7081161666667,235,226,43,44,192,182,461,374,87
"440",477,"Manor Ave & Leland Ave",41.9658651666667,-87.7008131666667,275,263,27,24,248,239,538,487,51
"441",478,"Rockwell St & Eastwood Ave",41.9658716666667,-87.6936096666667,322,308,50,48,272,260,630,532,98
"442",479,"Drake Ave & Montrose Ave",41.961116,-87.7165956666667,177,165,28,29,149,136,342,285,57
"443",480,"Albany Ave & Montrose Ave",41.9610266666667,-87.7059058333333,347,362,89,91,258,271,709,529,180
"444",481,"California Ave & Montrose Ave",41.9610855,-87.6954356666667,610,600,86,85,524,515,1210,1039,171
"445",482,"Campbell Ave & Montrose Ave",41.9615868333333,-87.6911801666667,400,381,71,72,329,309,781,638,143
"446",483,"Avondale Ave & Irving Park Rd",41.9533581666667,-87.7318361666667,210,211,40,34,170,177,421,347,74
"447",484,"Monticello Ave & Irving Park Rd",41.9540325,-87.7190198333333,229,232,72,70,157,162,461,319,142
"448",485,"Sawyer Ave & Irving Park Rd",41.9536133333333,-87.7093553333333,224,232,38,38,186,194,456,380,76
"449",486,"Oakley Ave & Irving Park Rd",41.9543318333333,-87.6860583333333,375,337,47,42,328,295,712,623,89
"450",487,"California Ave & Byron St",41.9521916666667,-87.6980811666667,360,360,67,62,293,298,720,591,129
"451",488,"Pulaski Rd & Eddy St (Temp)",41.9462223333333,-87.7310875,142,140,28,30,114,110,282,224,58
"452",489,"Drake Ave & Addison St",41.9473953333333,-87.7176151666667,73,57,14,14,59,43,130,102,28
"453",490,"Troy St & Elston Ave",41.945228,-87.7066261666667,320,359,75,75,245,284,679,529,150
"454",491,"Talman Ave & Addison St",41.9466193333333,-87.6946808333333,358,370,49,48,309,322,728,631,97
"455",492,"Leavitt St & Addison St",41.9466363333333,-87.683415,301,287,31,31,270,256,588,526,62
"456",493,"Western Ave & Roscoe St",41.9430518333333,-87.6872766666667,378,397,52,48,326,349,775,675,100
"457",494,"Kedzie Ave & Bryn Mawr Ave",41.982281,-87.7088875,177,174,29,29,148,145,351,293,58
"458",495,"Keystone Ave & Montrose Ave",41.9609996666667,-87.7289933333333,153,160,27,27,126,133,313,259,54
"459",496,"Avers Ave & Belmont Ave",41.939377,-87.723549,260,271,47,49,213,222,531,435,96
"460",497,"Kimball Ave & Belmont Ave",41.939473,-87.7116006666667,319,331,42,43,277,288,650,565,85
"461",498,"California Ave & Fletcher St",41.9384315,-87.6979236666667,524,659,80,80,444,579,1183,1023,160
"462",499,"Kosciuszko Park",41.930465,-87.7238683333333,353,394,82,86,271,308,747,579,168
"463",500,"Central Park Ave & Elbridge Ave",41.9353445,-87.7168278333333,278,260,40,32,238,228,538,466,72
"464",501,"Richmond St & Diversey Ave",41.9319193333333,-87.7012728333333,370,387,48,47,322,340,757,662,95
"465",502,"California Ave & Altgeld St",41.9266401666667,-87.697799,736,750,170,170,566,580,1486,1146,340
"466",503,"Drake Ave & Fullerton Ave",41.924377,-87.7154511666667,587,580,128,131,459,449,1167,908,259
"467",504,"Campbell Ave & Fullerton Ave",41.924676,-87.6893015,659,664,140,142,519,522,1323,1041,282
"468",505,"Winchester Ave & Elston Ave",41.9241306666667,-87.6764721666667,549,590,62,64,487,526,1139,1013,126
"469",506,"Spaulding Ave & Armitage Ave",41.917163,-87.710209,456,466,72,70,384,396,922,780,142
"470",507,"Humboldt Blvd & Armitage Ave",41.9175401666667,-87.7017366666667,918,918,115,113,803,805,1836,1608,228
"471",508,"Central Park Ave & North Ave",41.9097318333333,-87.7166366666667,249,266,68,68,181,198,515,379,136
"472",509,"Troy St & North Ave",41.9098275,-87.7053208333333,506,495,56,55,450,440,1001,890,111
"473",510,"Spaulding Ave & Division St",41.9027601666667,-87.7092111666667,380,346,72,72,308,274,726,582,144
"474",511,"Albany Ave & Bloomingdale Ave",41.9140416666667,-87.7051358333333,499,485,52,45,447,440,984,887,97
"475",514,"Ridge Blvd & Howard St",42.0193206666667,-87.6846586666667,78,65,17,17,61,48,143,109,34
"476",515,"Paulina St & Howard St",42.0191626666667,-87.673555,225,238,23,24,202,214,463,416,47
"477",517,"Clark St & Jarvis Ave",42.0159743333333,-87.6749461666667,170,155,26,26,144,129,325,273,52
"478",518,"Conservatory Dr & Lake St",41.8855298333333,-87.716843,99,120,14,13,85,107,219,192,27
"479",519,"Wolcott Ave & Fargo Ave",42.0169126666667,-87.6777056666667,66,62,6,6,60,56,128,116,12
"480",520,"Greenview Ave & Jarvis Ave",42.015943,-87.6686636666667,320,312,44,45,276,267,632,543,89
"481",522,"Bosworth Ave & Howard St",42.0195266666667,-87.6694458333333,74,48,7,7,67,41,122,108,14
"482",523,"Eastlake Ter & Rogers Ave",42.0209226666667,-87.6650803333333,498,481,45,43,453,438,979,891,88
"483",524,"Austin Blvd & Chicago Ave",41.8949261666667,-87.7743815,66,80,29,29,37,51,146,88,58
"484",525,"Glenwood Ave & Touhy Ave",42.0128008333333,-87.6660216666667,237,214,26,26,211,188,451,399,52
"485",526,"Oakley Ave & Touhy Ave",42.0123506666667,-87.6882315,97,102,17,17,80,85,199,165,34
"486",527,"Western Ave & Howard St",42.018935,-87.6900325,105,101,25,20,80,81,206,161,45
"487",528,"Pulaski Rd & Lake St",41.88542,-87.7267056666667,42,47,9,8,33,39,89,72,17
"488",529,"Cicero Ave & Lake St",41.8868673333333,-87.7455678333333,38,27,5,2,33,25,65,58,7
"489",530,"Laramie Ave & Kinzie St",41.8878713333333,-87.7554678333333,19,10,2,1,17,9,29,26,3
"490",531,"Central Ave & Lake St",41.8876141666667,-87.7654786666667,44,45,8,4,36,41,89,77,12
"491",532,"Austin Blvd & Lake St",41.8879091666667,-87.7744565,99,121,21,27,78,94,220,172,48
"492",533,"Central Park Blvd & 5th Ave",41.875669,-87.7155076666667,57,72,9,10,48,62,129,110,19
"493",534,"Karlov Ave & Madison St",41.88085,-87.727907,28,34,0,0,28,34,62,62,0
"494",535,"Pulaski Rd & Congress Pkwy",41.874325,-87.725704,35,23,0,0,35,23,58,58,0
"495",536,"Kostner Ave & Lake St",41.8859241666667,-87.7353996666667,7,9,2,2,5,7,16,12,4
"496",537,"Kenton Ave & Madison St",41.880708,-87.741018,29,24,3,2,26,22,53,48,5
"497",538,"Cicero Ave & Flournoy St",41.872131,-87.746619,7,8,1,1,6,7,15,13,2
"498",539,"Cicero Ave & Quincy St",41.877613,-87.745405,41,36,4,4,37,32,77,69,8
"499",540,"Laramie Ave & Madison St",41.8802255,-87.755383,45,47,5,5,40,42,92,82,10
"500",541,"Central Ave & Harrison St",41.8729986666667,-87.7644765,49,42,11,13,38,29,91,67,24
"501",542,"Central Ave & Madison St",41.8801195,-87.7632006666667,52,44,4,5,48,39,96,87,9
"502",543,"Laramie Ave & Gladys Ave",41.875806,-87.755285,25,25,3,3,22,22,50,44,6
"503",544,"Austin Blvd & Madison St",41.8802723333333,-87.7744671666667,74,68,9,8,65,60,142,125,17
"504",545,"Kostner Ave & Adams St",41.8778948333333,-87.736044,82,74,38,31,44,43,156,87,69
"505",546,"Damen Ave & Pershing Rd",41.8231926666667,-87.6765465,116,104,29,22,87,82,220,169,51
"506",547,"Ashland Ave & Pershing Rd",41.8234538333333,-87.6656196666667,50,46,6,5,44,41,96,85,11
"507",548,"Morgan St & Pershing Rd",41.8236645,-87.6509836666667,16,22,4,4,12,18,38,30,8
"508",549,"Marshfield Ave & 44th St",41.813996,-87.666589,33,35,8,8,25,27,68,52,16
"509",550,"Central Ave & Chicago Ave",41.8949485,-87.7648568333333,58,62,4,4,54,58,120,112,8
"510",551,"Hoyne Ave & 47th St",41.808238,-87.6771955,43,55,13,14,30,41,98,71,27
"511",552,"Ashland Ave & McDowell Ave",41.8088265,-87.664591,37,41,7,7,30,34,78,64,14
"512",553,"Elizabeth St & 47th St",41.8084893333333,-87.6565605,25,21,4,3,21,18,46,39,7
"513",554,"Damen Ave & 51st St",41.8008871666667,-87.6746221666667,16,22,4,5,12,17,38,29,9
"514",555,"Ashland Ave & 50th St",41.80306,-87.6647015,32,32,11,11,21,21,64,42,22
"515",556,"Throop St & 52nd St",41.7996545,-87.6572218333333,16,15,6,7,10,8,31,18,13
"516",557,"Seeley Ave & Garfield Blvd",41.794087,-87.675478,34,24,1,1,33,23,58,56,2
"517",558,"Ashland Ave & Garfield Blvd",41.7928353333333,-87.6644026666667,30,26,15,13,15,13,56,28,28
"518",559,"Racine Ave & Garfield Blvd",41.794228,-87.655073,39,44,4,4,35,40,83,75,8
"519",560,"Marshfield Ave & 59th St",41.7868255,-87.6661831666667,10,2,5,0,5,2,12,7,0
"520",561,"Damen Ave & 59th St",41.78602,-87.674167,41,45,0,0,41,45,86,86,0
"521",562,"Racine Ave & 61st St",41.783189,-87.654372,7,8,0,0,7,8,15,15,0
"522",563,"Ashland Ave & 63rd St",41.779374,-87.664843,23,23,2,2,21,21,46,42,4
"523",564,"Racine Ave & 65th St",41.7753725,-87.6542591666667,18,14,9,5,9,9,32,18,14
"524",565,"Ashland Ave & 66th St",41.7740958333333,-87.6637231666667,17,14,7,7,10,7,31,17,14
"525",566,"Ashland Ave & 69th St",41.768726,-87.664069,7,8,0,0,7,8,15,15,0
"526",567,"May St & 69th St",41.7689598333333,-87.6529383333333,13,18,4,4,9,14,31,23,8
"527",568,"Vincennes Ave & 75th St",41.75797,-87.63121,11,7,0,0,11,6,18,17,0
"528",569,"Woodlawn Ave & 75th St",41.75916,-87.595751,24,18,3,3,21,15,42,36,6
"529",570,"Evans Ave & 75th St",41.7584965,-87.6064398333333,33,37,9,11,24,26,70,50,20
"530",571,"Vernon Ave & 75th St",41.7583521666667,-87.614101,57,54,23,18,34,36,111,70,41
"531",572,"State St & 76th St",41.7570535,-87.6246295,11,9,5,3,6,6,20,12,8
"532",573,"State St & 79th St",41.7507978333333,-87.6244448333333,45,55,9,10,36,45,100,81,19
"533",574,"Vernon Ave & 79th St",41.75094,-87.61379,23,19,2,2,21,17,42,38,4
"534",575,"Cottage Grove Ave & 78th St",41.7532018333333,-87.6049618333333,45,49,2,2,43,47,94,90,4
"535",576,"Greenwood Ave & 79th St",41.7512893333333,-87.5975256666667,58,58,10,10,48,48,116,96,20
"536",577,"Stony Island Ave & South Chicago Ave",41.7511401666667,-87.5853241666667,48,54,11,11,37,43,102,80,22
"537",578,"Bennett Ave & 79th St",41.751785,-87.578496,23,18,2,2,21,16,41,37,4
"538",579,"Phillips Ave & 79th St",41.7518165,-87.5652441666667,80,82,24,24,56,58,162,114,48
"539",580,"Exchange Ave & 79th St",41.7517311666667,-87.5527985,48,43,17,10,31,33,91,64,27
"540",581,"Commercial Ave & 83rd St",41.7446548333333,-87.5511726666667,56,62,17,22,39,40,118,79,39
"541",582,"Phillips Ave & 83rd St",41.7445431666667,-87.5651206666667,32,31,2,3,30,28,63,58,5
"542",583,"Stony Island Ave & 82nd St",41.7465376666667,-87.5859738333333,41,35,11,11,30,24,76,54,22
"543",584,"Ellis Ave & 83rd St",41.7440738333333,-87.5990521666667,36,33,12,11,24,22,69,46,23
"544",585,"Cottage Grove Ave & 83rd St",41.7434025,-87.6048735,46,42,11,11,35,31,88,66,22
"545",586,"MLK Jr Dr & 83rd St",41.743116,-87.6148,26,22,4,3,22,19,48,41,7
"546",587,"Wabash Ave & 83rd St",41.743316,-87.622849,13,9,0,0,13,9,22,22,0
"547",588,"South Chicago Ave & 83rd St",41.743921,-87.575225,15,7,1,0,14,7,22,21,0
"548",589,"Milwaukee Ave & Cuyler Ave",41.9544566666667,-87.7495781666667,166,173,42,42,124,131,339,255,84
"549",590,"Kilbourn Ave & Irving Park Rd",41.9536776666667,-87.7404813333333,66,64,11,8,55,56,130,111,19
"550",591,"Kilbourn Ave & Milwaukee Ave",41.9488261666667,-87.7399666666667,109,117,34,34,75,83,226,158,68
"551",592,"Knox Ave & Montrose Ave",41.9606808333333,-87.74538,94,88,20,20,74,68,182,142,40
"552",593,"Halsted St & 59th St",41.787539,-87.644874,19,17,0,0,19,17,36,36,0
"553",594,"Western Blvd & 48th Pl",41.8056923333333,-87.683366,56,67,22,24,34,43,123,77,46
"554",595,"Wabash Ave & 87th St",41.7366151666667,-87.6226598333333,29,31,3,3,26,28,60,54,6
"555",596,"Benson Ave & Church St",42.0482195,-87.6835038333333,713,756,105,105,608,651,1469,1259,210
"556",597,"Chicago Ave & Washington St",42.032606,-87.6791946666667,534,541,121,118,413,423,1075,836,239
"557",598,"Elmwood Ave & Austin St",42.025784,-87.6841311666667,109,134,23,24,86,110,243,196,47
"558",599,"Valli Produce - Evanston Plaza",42.0397255,-87.6994563333333,196,201,49,49,147,152,397,299,98
"559",600,"Dodge Ave & Church St",42.048351,-87.6984945,141,142,40,42,101,100,283,201,82
"560",601,"Central St Metra",42.0638446666667,-87.6987043333333,219,223,13,13,206,210,442,416,26
"561",602,"Central St & Girard Ave",42.0643158333333,-87.6861046666667,225,232,26,25,199,207,457,406,51
"562",603,"Chicago Ave & Sheridan Rd",42.0504238333333,-87.6778333333333,514,549,59,54,455,495,1063,950,113
"563",604,"Sheridan Rd & Noyes St (NU)",42.058239,-87.677432,348,352,15,15,333,337,700,670,30
"564",605,"University Library (NU)",42.0529665,-87.6734585,352,344,39,42,313,302,696,615,81
"565",619,"Keystone Ave & Fullerton Ave",41.9246096666667,-87.7279015,184,218,44,43,140,175,402,315,87
"566",620,"Orleans St & Chestnut St (NEXT Apts)",41.8980051666667,-87.6374538333333,1433,1415,129,123,1304,1292,2848,2596,252
"567",621,"Aberdeen St & Randolph St",41.884099,-87.6542701666667,996,1074,100,101,896,973,2070,1869,201
"568",622,"California Ave & Cortez St",41.9003231666667,-87.6967306666667,656,664,106,100,550,564,1320,1114,206
"569",623,"Michigan Ave & 8th St",41.8724708333333,-87.6237006666667,2632,2524,110,103,2522,2421,5156,4943,213
"570",624,"Dearborn St & Van Buren St",41.876224,-87.629077,582,551,68,66,514,485,1133,999,134
"571",625,"Chicago Ave & Dempster St",42.0417051666667,-87.6808035,386,403,60,57,326,346,789,672,117
"572",626,"Delano Ct & Roosevelt Rd",41.8675525,-87.632178,872,813,81,78,791,735,1685,1526,159
"573",627,"LaSalle Dr & Huron St",41.8946898333333,-87.6323933333333,1741,1715,178,176,1563,1539,3456,3102,354
"574",628,"Walsh Park",41.914377,-87.6679153333333,777,629,41,40,736,589,1406,1325,81
"575",630,"Kildare Ave & Montrose Ave",41.9611066666667,-87.7356763333333,101,104,17,16,84,88,205,172,33
"576",631,"Malcolm X College",41.8776185,-87.6739573333333,163,150,27,19,136,131,313,267,46
"577",632,"Clark St & Newport St",41.9445638333333,-87.6547221666667,2600,2625,264,260,2336,2365,5225,4701,524
"578",635,"Fairbanks St & Superior St",41.8962016666667,-87.6199521666667,1048,1246,93,95,955,1151,2294,2106,188
"579",636,"Orleans St & Hubbard St",41.889679,-87.6367686666667,1025,1026,82,80,943,946,2051,1889,162
"580",637,"Wood St & Chicago Ave",41.8956035,-87.672136,742,729,66,62,676,667,1471,1343,128
"581",638,"Clinton St & Jackson Blvd",41.8780651666667,-87.6399753333333,730,703,71,68,659,635,1433,1294,139
"582",639,"Lakefront Trail & Wilson Ave",41.9658113333333,-87.6454071666667,1847,1857,114,115,1733,1742,3704,3475,229
"583",640,"Bernard St & Elston Ave",41.9499451666667,-87.7139778333333,157,146,50,49,107,97,303,204,99
"584",641,"Central Park Ave & Bloomingdale Ave",41.9141781666667,-87.7167796666667,508,501,64,62,444,439,1009,883,126
"585",642,"Latrobe Ave & Chicago Ave",41.8947078333333,-87.7568911666667,29,34,4,3,25,31,63,56,7
"586",643,"Smith Park",41.892047,-87.6894191666667,320,345,62,66,258,279,665,537,128
"587",644,"Western Ave & Fillmore St",41.8686201666667,-87.6862361666667,550,556,146,148,404,408,1106,812,294
"588",645,"Archer (Damen) Ave & 37th St",41.8267071666667,-87.6831595,129,140,13,13,116,127,269,243,26
"589",646,"State St & 54th St",41.796556,-87.6259595,43,44,5,8,38,36,87,74,13
"590",647,"Elizabeth St & 59th St",41.786691,-87.655859,10,9,0,0,10,9,19,19,0
"591",648,"Carpenter St & 63rd St",41.77987,-87.650919,3,3,1,0,2,3,6,5,0
"592",649,"Stewart Ave & 63rd St",41.7798666666667,-87.6348005,17,23,4,4,13,19,40,32,8
"593",650,"Eggleston Ave & 69th St",41.768898,-87.635876,9,11,1,0,8,11,20,19,0
"594",652,"Rhodes Ave & 71st St",41.766,-87.611726,6,6,0,0,6,6,12,12,0
"595",653,"Cornell Dr & Hayes Dr",41.7805531666667,-87.585168,92,91,11,8,81,83,183,164,19
"596",654,"Racine Ave & Washington Blvd",41.883074,-87.6570225,502,490,50,49,452,441,992,893,99
"597",655,"Hoyne Ave & Balmoral Ave",41.9799566666667,-87.6819126666667,241,256,57,60,184,196,497,380,117
"598",656,"Damen Ave & Walnut (Lake) St",41.8859458333333,-87.6770405,279,290,41,46,238,244,569,482,87
"599",657,"Wood St & Augusta Blvd",41.8991663333333,-87.6721908333333,812,758,80,73,732,685,1570,1417,153
"600",658,"Leavitt St & Division St",41.902989,-87.6837665,491,442,62,54,429,388,933,817,116
"601",659,"Leavitt St & Chicago Ave",41.8955273333333,-87.6820863333333,660,626,92,92,568,534,1286,1102,184
"602",660,"Sheridan Rd & Columbia Ave",42.004564,-87.6615738333333,682,683,93,86,589,597,1365,1186,179
"603",661,"Evanston Civic Center",42.0569741666667,-87.686654,185,203,25,26,160,177,388,337,51
"604",662,"Dodge Ave & Mulford St",42.0236753333333,-87.6996231666667,200,208,30,30,170,178,408,348,60
"605",663,"Lincolnwood Dr & Central St",42.064854,-87.715297,92,93,2,2,90,91,185,181,4
"606",664,"Leavitt St & Belmont Ave",41.939255,-87.6832485,465,477,53,55,412,422,942,834,108
"607",665,"South Chicago Ave & Elliot Ave",41.747363,-87.580046,8,6,1,1,7,5,14,12,2
"608",666,"Cherry Ave & Blackhawk St",41.9072493333333,-87.6556245,135,122,17,15,118,107,257,225,32
"609",671,"HUBBARD ST BIKE CHECKING (LBS-WH-TEST)",41.889954,-87.68065,15,87,14,7,1,80,102,81,21
"610",672,"Franklin St & Illinois St",41.8909981666667,-87.6355003333333,1924,1939,221,219,1703,1720,3863,3423,440
"611",673,"Lincoln Park Conservatory",41.9240658333333,-87.635859,2404,2234,116,108,2288,2126,4638,4414,224
"612",674,"Michigan Ave & 71st St",41.7653246666667,-87.6217556666667,34,42,12,14,22,28,76,50,26
"613",676,"WATSON TESTING - DIVVY",41.8947398333333,-87.730888,1474,1463,1474,1463,0,0,2937,0,2937
"614",677,"Stewart Ave & 83rd St",41.7437405,-87.634091,14,10,1,1,13,9,24,22,2
"615",678,"Halsted St & 73rd St",41.761605,-87.644161,8,6,0,0,8,6,14,14,0
"616",679,"Ashland Ave & 73rd St",41.761225,-87.663361,11,8,0,0,11,8,19,19,0
"617",681,"Halsted St & 78th St",41.7525646666667,-87.643739,28,23,6,5,22,18,51,40,11
"618",682,"Eberhart Ave & 91st St",41.7292836666667,-87.611748,49,49,6,5,43,44,98,87,11
"619",683,"Ashland Ave & 78th St",41.752204,-87.663699,64,53,12,7,52,46,117,98,19
"620",684,"Prospect Sq & 91st St",41.7279095,-87.6676241666667,62,59,35,30,27,29,121,56,65
"621",685,"Summit Ave & 86th St",41.7378758333333,-87.6448438333333,20,19,12,8,8,11,39,19,20
"622",686,"East End Ave & 87th St",41.736815,-87.582801,24,23,4,2,20,21,47,41,6
"623",687,"Loomis Blvd & 84th St",41.7416421666667,-87.6584143333333,43,36,22,18,21,18,79,39,40
"624",689,"Elizabeth St & 92nd St",41.7268266666667,-87.6542981666667,63,61,46,44,17,17,124,34,90
"625",690,"State St & 95th St",41.7216208333333,-87.6228461666667,11,5,7,2,4,3,16,7,9
"626",692,"Marquette Ave & 89th St",41.7337558333333,-87.5585396666667,17,13,13,12,4,1,30,5,25
"627",693,"Baltimore Ave & 87th St",41.7373376666667,-87.5485473333333,26,25,16,13,10,12,51,22,29
"628",694,"Houston Ave & 92nd St",41.7281946666667,-87.549638,20,26,15,10,5,16,46,21,25
"629",695,"Dauphin Ave & 103rd St",41.7073196666667,-87.6077885,4,2,4,1,0,0,6,0,5
"630",696,"Indiana Ave & 103rd St",41.7071696666667,-87.6183555,9,6,7,4,2,2,15,4,11
"631",697,"Oglesby Ave & 100th St",41.7132816666667,-87.5658796666667,4,4,3,3,1,1,8,2,6
"632",698,"Cottage Grove Ave & 111th Pl",41.6916743333333,-87.609987,6,5,6,4,0,0,11,0,10
"633",700,"Halsted St & 96th St",41.719752,-87.6428315,6,4,4,1,2,3,10,5,5
"634",0,"",41.85,-87.69,7691,10110,7691,9170,0,0,17801,0,16861
