"","station_id","station_name","lat","long","start_n","end_n","e_start_n","e_end_n","c_start_n","c_end_n","total","classic","electric"
"1",2,"Buckingham Fountain",41.8764545,-87.6203528333333,1712,1573,198,171,1514,1402,3285,2916,369
"2",3,"Shedd Aquarium",41.867267,-87.6154948333333,2871,2321,393,301,2478,2020,5192,4498,694
"3",4,"Burnham Harbor",41.856305,-87.6133113333333,2211,2196,229,207,1982,1989,4407,3971,436
"4",5,"State St & Harrison St",41.873954,-87.6277376666667,1126,1166,235,230,891,936,2292,1827,465
"5",6,"Dusable Harbor",41.8870866666667,-87.612771,2312,2194,321,308,1991,1886,4506,3877,629
"6",7,"Field Blvd & South Water St",41.8865083333333,-87.6170586666667,1453,1449,291,289,1162,1160,2902,2322,580
"7",9,"Leavitt St & Archer Ave",41.8286956666667,-87.6807158333333,81,84,27,29,54,55,165,109,56
"8",11,"Jeffery Blvd & 71st St",41.7666091666667,-87.5764023333333,149,147,63,61,86,86,296,172,124
"9",12,"South Shore Dr & 71st St",41.7664158333333,-87.5657643333333,352,361,91,92,261,269,713,530,183
"10",13,"Wilton Ave & Diversey Pkwy",41.9324863333333,-87.6527983333333,1892,1843,400,390,1492,1453,3735,2945,790
"11",14,"Morgan St & 18th St",41.8580898333333,-87.6511521666667,467,495,114,117,353,378,962,731,231
"12",15,"Racine Ave & 18th St",41.8582113333333,-87.65651,628,628,164,165,464,463,1256,927,329
"13",16,"Paulina Ave & North Ave",41.9103833333333,-87.6700338333333,1125,1072,254,237,871,835,2197,1706,491
"14",17,"Honore St & Division St",41.9031383333333,-87.6738616666667,1386,1405,294,294,1092,1111,2791,2203,588
"15",18,"Wacker Dr & Washington St",41.882354,-87.6373445,814,798,203,204,611,594,1612,1205,407
"16",19,"Throop (Loomis) St & Taylor St",41.8688148333333,-87.6590855,846,873,181,181,665,692,1719,1357,362
"17",20,"Sheffield Ave & Kingsbury St",41.9105933333333,-87.6531101666667,1586,1678,321,319,1265,1359,3264,2624,640
"18",21,"Aberdeen St & Jackson Blvd",41.8777646666667,-87.6547551666667,1139,1122,257,263,882,859,2261,1741,520
"19",22,"May St & Taylor St",41.8694221666667,-87.6554263333333,1083,1077,160,161,923,916,2160,1839,321
"20",23,"Orleans St & Elm St",41.9028491666667,-87.637701,579,544,106,104,473,440,1123,913,210
"21",24,"Fairbanks Ct & Grand Ave",41.8918595,-87.621008,2846,2863,552,545,2294,2318,5709,4612,1097
"22",25,"Michigan Ave & Pearson St",41.8968715,-87.6243638333333,1812,1605,261,239,1551,1366,3417,2917,500
"23",26,"McClurg Ct & Illinois St",41.8903778333333,-87.617439,2664,2681,667,653,1997,2028,5345,4025,1320
"24",27,"Larrabee St & North Ave",41.9101811666667,-87.6435271666667,816,775,176,173,640,602,1591,1242,349
"25",28,"Larrabee St & Menomonee St",41.914701,-87.6433093333333,652,607,97,93,555,514,1259,1069,190
"26",29,"Noble St & Milwaukee Ave",41.9006666666667,-87.66264,1071,1061,250,245,821,816,2132,1637,495
"27",30,"Ashland Ave & Augusta Blvd",41.8996106666667,-87.6684813333333,697,708,129,134,568,574,1405,1142,263
"28",31,"Franklin St & Chicago Ave",41.8966823333333,-87.6359063333333,1613,1532,358,345,1255,1187,3145,2442,703
"29",32,"Racine Ave & Congress Pkwy",41.8746368333333,-87.657019,414,383,78,72,336,311,797,647,150
"30",33,"State St & Van Buren St",41.877075,-87.6281358333333,909,879,127,123,782,756,1788,1538,250
"31",34,"Cannon Dr & Fullerton Ave",41.9267516666667,-87.6345058333333,1052,1047,131,123,921,924,2099,1845,254
"32",35,"Streeter Dr & Grand Ave",41.8922338333333,-87.6120716666667,5622,6205,652,617,4970,5588,11827,10558,1269
"33",36,"Franklin St & Jackson Blvd",41.8774328333333,-87.6350783333333,1716,1502,343,323,1373,1179,3218,2552,666
"34",37,"Dearborn St & Adams St",41.8785878333333,-87.6295386666667,847,790,129,113,718,677,1637,1395,242
"35",38,"Clark St & Lake St",41.8852465,-87.631107,1842,1748,381,355,1461,1393,3590,2854,736
"36",39,"Wabash Ave & Adams St",41.8795063333333,-87.6257885,1055,1021,184,188,871,833,2076,1704,372
"37",40,"LaSalle St & Adams St",41.8794685,-87.6321326666667,534,509,111,93,423,416,1043,839,204
"38",41,"Federal St & Polk St",41.8722276666667,-87.6296975,2043,2050,438,422,1605,1628,4093,3233,860
"39",42,"Wabash Ave & Cermak Rd",41.8527151666667,-87.6265223333333,358,366,91,94,267,272,724,539,185
"40",43,"Michigan Ave & Washington St",41.8838766666667,-87.6238463333333,2657,2665,378,349,2279,2316,5322,4595,727
"41",44,"State St & Randolph St",41.8845595,-87.627794,2082,1986,389,375,1693,1611,4068,3304,764
"42",45,"Michigan Ave & Ida B Wells Dr",41.8761915,-87.6244546666667,812,718,111,98,701,620,1530,1321,209
"43",46,"Wells St & Walton St",41.9001163333333,-87.6344815,1266,922,189,147,1077,775,2188,1852,336
"44",47,"State St & Kinzie St",41.8889593333333,-87.627514,2328,2471,527,520,1801,1951,4799,3752,1047
"45",48,"Larrabee St & Kingsbury St",41.8976485,-87.6433506666667,1613,1416,352,330,1261,1086,3029,2347,682
"46",49,"Dearborn St & Monroe St",41.8806331666667,-87.6294246666667,1991,1895,379,367,1612,1528,3886,3140,746
"47",50,"Clark St & Ida B Wells Dr",41.8759165,-87.6311261666667,546,559,105,101,441,458,1105,899,206
"48",51,"Clark St & Randolph St",41.8849006666667,-87.6319493333333,1430,1397,274,265,1156,1132,2827,2288,539
"49",52,"Michigan Ave & Lake St",41.8866923333333,-87.6235606666667,3233,3170,559,535,2674,2635,6403,5309,1094
"50",53,"Wells St & Huron St",41.894818,-87.6345431666667,3520,3373,768,752,2752,2621,6893,5373,1520
"51",54,"Ogden Ave & Chicago Ave",41.8963948333333,-87.6539378333333,1138,1132,290,295,848,837,2270,1685,585
"52",55,"Halsted St & Roosevelt Rd",41.8673955,-87.6486223333333,563,502,64,57,499,445,1065,944,121
"53",56,"Desplaines St & Kinzie St",41.8885108333333,-87.6444516666667,3071,2728,683,651,2388,2077,5799,4465,1334
"54",57,"Clinton St & Roosevelt Rd",41.867073,-87.641049,875,986,222,222,653,764,1861,1417,444
"55",58,"Marshfield Ave & Cortland St",41.9160145,-87.6688843333333,983,942,168,167,815,775,1925,1590,335
"56",59,"Wabash Ave & Roosevelt Rd",41.8671933333333,-87.625956,2912,3133,568,592,2344,2541,6045,4885,1160
"57",60,"Dayton St & North Ave",41.9106305,-87.6494205,1278,1367,263,267,1015,1100,2645,2115,530
"58",61,"Wood St & Milwaukee Ave",41.9075895,-87.6725228333333,1728,1796,365,363,1363,1433,3524,2796,728
"59",62,"McCormick Place",41.8513091666667,-87.618785,225,157,38,25,187,132,382,319,63
"60",66,"Clinton St & Lake St",41.8855291666667,-87.6420498333333,1520,1595,367,375,1153,1220,3115,2373,742
"61",67,"Sheffield Ave & Fullerton Ave",41.9255215,-87.6536603333333,1313,1137,214,197,1099,940,2450,2039,411
"62",68,"Clinton St & Tilden St",41.875853,-87.6406845,315,304,89,88,226,216,619,442,177
"63",69,"Damen Ave & Pierce Ave",41.9094423333333,-87.6777066666667,2268,2430,619,623,1649,1807,4698,3456,1242
"64",71,"Morgan St & Lake St",41.8855106666667,-87.6524133333333,1788,2094,526,531,1262,1563,3882,2825,1057
"65",72,"Wabash Ave & 16th St",41.8603471666667,-87.6258185,1124,1111,222,217,902,894,2235,1796,439
"66",73,"Jefferson St & Monroe St",41.8802626666667,-87.642658,1051,904,211,194,840,710,1955,1550,405
"67",74,"Kingsbury St & Erie St",41.8938975,-87.6417775,2223,2230,451,451,1772,1779,4453,3551,902
"68",75,"Canal St & Jackson Blvd",41.8772998333333,-87.6394646666667,338,346,98,96,240,250,684,490,194
"69",76,"Lake Shore Dr & Monroe St",41.8810031666667,-87.6167535,5254,5226,553,522,4701,4704,10480,9405,1075
"70",77,"Clinton St & Madison St",41.8816906666667,-87.6413678333333,1888,1908,321,317,1567,1591,3796,3158,638
"71",80,"Aberdeen St & Monroe St",41.8802438333333,-87.6556146666667,929,969,229,232,700,737,1898,1437,461
"72",81,"Daley Center Plaza",41.8838066666667,-87.6300665,2017,1884,377,354,1640,1530,3901,3170,731
"73",84,"Milwaukee Ave & Grand Ave",41.8914673333333,-87.6483186666667,1869,1914,478,471,1391,1443,3783,2834,949
"74",85,"Michigan Ave & Oak St",41.9010775,-87.6236423333333,4269,4363,642,610,3627,3753,8632,7380,1252
"75",86,"Eckhart Park",41.8963681666667,-87.661017,1158,1211,276,277,882,934,2369,1816,553
"76",87,"Racine Ave & Fullerton Ave",41.925575,-87.6585805,1038,1010,168,165,870,845,2048,1715,333
"77",88,"Racine Ave & Randolph St",41.8840086666667,-87.6570466666667,406,430,94,90,312,340,836,652,184
"78",89,"Financial Pl & Ida B Wells Dr",41.874957,-87.6331545,749,657,134,132,615,525,1406,1140,266
"79",90,"Millennium Park",41.8812783333333,-87.6241141666667,4220,4564,532,527,3688,4037,8784,7725,1059
"80",91,"Clinton St & Washington Blvd",41.883305,-87.6413101666667,1223,1187,228,207,995,980,2410,1975,435
"81",92,"Carpenter St & Huron St",41.8945083333333,-87.653467,1104,1016,276,257,828,759,2120,1587,533
"82",93,"Sheffield Ave & Willow St",41.9138301666667,-87.652734,1482,1614,287,282,1195,1332,3096,2527,569
"83",94,"Clark St & Armitage Ave",41.918265,-87.6363605,3861,3587,805,764,3056,2823,7448,5879,1569
"84",95,"Stony Island Ave & 64th St",41.7788876666667,-87.5867068333333,75,70,23,23,52,47,145,99,46
"85",96,"Desplaines St & Randolph St",41.8847086666667,-87.6443655,1288,1187,245,224,1043,963,2475,2006,469
"86",97,"Field Museum",41.865298,-87.6183185,593,550,95,90,498,460,1143,958,185
"87",98,"LaSalle St & Washington St",41.8823945,-87.6323741666667,1043,1168,267,260,776,908,2211,1684,527
"88",99,"Lake Shore Dr & Ohio St",41.8925231666667,-87.6146955,2139,2076,372,363,1767,1713,4215,3480,735
"89",100,"Orleans St & Merchandise Mart Plaza",41.8879193333333,-87.6369245,1701,1216,314,217,1387,999,2917,2386,531
"90",101,"63rd St Beach",41.7811075,-87.5760991666667,337,344,48,47,289,297,681,586,95
"91",102,"Stony Island Ave & 67th St",41.7734618333333,-87.5853185,56,46,18,15,38,31,102,69,33
"92",103,"Clinton St & Polk St",41.8713976666667,-87.6408343333333,130,141,27,26,103,115,271,218,53
"93",106,"State St & Pearson St",41.8975763333333,-87.6282791666667,1338,1192,289,263,1049,929,2530,1978,552
"94",107,"Desplaines St & Jackson Blvd",41.8780858333333,-87.6442238333333,1476,1418,321,314,1155,1104,2894,2259,635
"95",108,"Halsted St & Polk St",41.871881,-87.6465818333333,905,963,110,112,795,851,1868,1646,222
"96",109,"900 W Harrison St",41.8747296666667,-87.649845,686,699,137,137,549,562,1385,1111,274
"97",110,"Dearborn St & Erie St",41.8942733333333,-87.6292896666667,3588,3592,685,684,2903,2908,7180,5811,1369
"98",111,"Sedgwick St & Huron St",41.8946793333333,-87.6383146666667,1530,1402,301,302,1229,1100,2932,2329,603
"99",112,"Green St & Randolph St",41.8834775,-87.6485318333333,2009,2091,546,548,1463,1543,4100,3006,1094
"100",113,"Bissell St & Armitage Ave",41.9184751666667,-87.6522478333333,2402,2481,415,414,1987,2067,4883,4054,829
"101",114,"Sheffield Ave & Waveland Ave",41.9492761666667,-87.6545673333333,2014,2005,395,394,1619,1611,4019,3230,789
"102",115,"Sheffield Ave & Wellington Ave",41.9363176666667,-87.6526245,2278,2289,439,442,1839,1847,4567,3686,881
"103",116,"Western Ave & Winnebago Ave",41.9156671666667,-87.6870816666667,933,913,198,190,735,723,1846,1458,388
"104",117,"Wilton Ave & Belmont Ave",41.940062,-87.65294,2769,2774,541,547,2228,2227,5543,4455,1088
"105",118,"Sedgwick St & North Ave",41.9113345,-87.638634,1737,1652,340,326,1397,1326,3389,2723,666
"106",119,"Ashland Ave & Lake St",41.8858533333333,-87.6671741666667,344,355,80,74,264,281,699,545,154
"107",120,"Wentworth Ave & Cermak Rd",41.8531615,-87.631848,852,963,144,149,708,814,1815,1522,293
"108",121,"Blackstone Ave & Hyde Park Blvd",41.802533,-87.5903616666667,637,613,192,166,445,447,1250,892,358
"109",122,"Ogden Ave & Congress Pkwy",41.8750081666667,-87.6732628333333,251,246,67,59,184,187,497,371,126
"110",123,"California Ave & Milwaukee Ave",41.9226106666667,-87.697167,1359,1351,441,447,918,904,2710,1822,888
"111",124,"Damen Ave & Cullerton St",41.8549413333333,-87.6761888333333,360,359,143,145,217,214,719,431,288
"112",125,"Rush St & Hubbard St",41.890035,-87.6262505,1101,1059,211,212,890,847,2160,1737,423
"113",126,"Clark St & North Ave",41.9119621666667,-87.6321158333333,1813,1819,296,289,1517,1530,3632,3047,585
"114",127,"Lincoln Ave & Fullerton Ave",41.9259001666667,-87.649216,2611,2645,433,432,2178,2213,5256,4391,865
"115",128,"Damen Ave & Chicago Ave",41.8956436666667,-87.6771273333333,1158,1270,334,335,824,935,2428,1759,669
"116",129,"Blue Island Ave & 18th St",41.8574265,-87.6616545,569,619,127,128,442,491,1188,933,255
"117",130,"Damen Ave & Division St",41.9032518333333,-87.6784836666667,1064,1056,291,291,773,765,2120,1538,582
"118",131,"Lincoln Ave & Belmont Ave",41.9392801666667,-87.6684241666667,1230,1261,261,256,969,1005,2491,1974,517
"119",132,"Wentworth Ave & 24th St (Temp)",41.85015,-87.6321385,198,211,35,34,163,177,409,340,69
"120",133,"Kingsbury St & Kinzie St",41.889205,-87.6385356666667,3149,3105,657,633,2492,2472,6254,4964,1290
"121",134,"Peoria St & Jackson Blvd",41.8776035,-87.649408,1519,1485,353,340,1166,1145,3004,2311,693
"122",135,"Halsted St & 21st St",41.8534233333333,-87.6463361666667,120,122,27,29,93,93,242,186,56
"123",136,"Racine Ave & 13th St",41.8650138333333,-87.6569505,157,145,26,27,131,118,302,249,53
"124",137,"Morgan Ave & 14th Pl",41.8623998333333,-87.6511293333333,436,439,79,78,357,361,875,718,157
"125",138,"Clybourn Ave & Division St",41.9046246666667,-87.6404775,819,851,139,141,680,710,1670,1390,280
"126",140,"Dearborn Pkwy & Delaware Pl",41.8989616666667,-87.629851,2713,2740,566,569,2147,2171,5453,4318,1135
"127",141,"Clark St & Lincoln Ave",41.9157186666667,-87.6345901666667,3426,3542,606,620,2820,2922,6968,5742,1226
"128",142,"McClurg Ct & Erie St",41.8949738333333,-87.6188141666667,2239,2135,433,409,1806,1726,4374,3532,842
"129",143,"Sedgwick St & Webster Ave",41.922246,-87.638935,1623,1574,290,280,1333,1294,3197,2627,570
"130",144,"Larrabee St & Webster Ave",41.9217791666667,-87.6441083333333,2984,3028,554,548,2430,2480,6012,4910,1102
"131",145,"Mies van der Rohe Way & Chestnut St",41.8982708333333,-87.6225916666667,2244,2150,410,400,1834,1750,4394,3584,810
"132",146,"Loomis St & Jackson Blvd",41.877937,-87.6620798333333,674,661,139,124,535,537,1335,1072,263
"133",147,"Indiana Ave & 26th St",41.8456798333333,-87.6226001666667,547,544,176,172,371,372,1091,743,348
"134",148,"State St & 33rd St",41.8347431666667,-87.6258401666667,859,823,185,172,674,651,1682,1325,357
"135",149,"Calumet Ave & 33rd St",41.834786,-87.6178143333333,552,555,115,110,437,445,1107,882,225
"136",150,"Fort Dearborn Dr & 31st St",41.8385026666667,-87.6082783333333,1459,1449,126,117,1333,1332,2908,2665,243
"137",152,"Lincoln Ave & Diversey Pkwy",41.932102,-87.65867,1633,1600,271,265,1362,1335,3233,2697,536
"138",153,"Southport Ave & Wellington Ave",41.935718,-87.6636723333333,1370,1385,279,280,1091,1105,2755,2196,559
"139",154,"Southport Ave & Belmont Ave",41.938968,-87.6638901666667,1247,1231,259,264,988,967,2478,1955,523
"140",156,"Clark St & Wellington Ave",41.9365563333333,-87.6476555,2496,2532,417,418,2079,2114,5028,4193,835
"141",157,"Lake Shore Dr & Wellington Ave",41.9367216666667,-87.636857,3386,3438,458,451,2928,2987,6824,5915,909
"142",158,"Milwaukee Ave & Wabansia Ave",41.9125898333333,-87.681352,1554,1581,329,325,1225,1256,3135,2481,654
"143",159,"Claremont Ave & Hirsch St",41.907764,-87.6858485,256,229,45,49,211,180,485,391,94
"144",160,"Campbell Ave & North Ave",41.9105488333333,-87.6895775,718,725,241,241,477,484,1443,961,482
"145",161,"Rush St & Superior St",41.8956266666667,-87.6269845,2212,2140,421,413,1791,1727,4352,3518,834
"146",162,"Damen Ave & Wellington Ave",41.9358873333333,-87.6784805,539,561,120,115,419,446,1100,865,235
"147",163,"Damen Ave & Clybourn Ave",41.9318981666667,-87.6777798333333,552,588,141,135,411,453,1140,864,276
"148",164,"Franklin St & Lake St",41.8859935,-87.6349135,1527,1498,466,429,1061,1069,3025,2130,895
"149",165,"Clark St & Grace St",41.9508491666667,-87.6591593333333,1600,1614,330,328,1270,1286,3214,2556,658
"150",166,"Ashland Ave & Wrightwood Ave",41.928856,-87.6685423333333,667,678,140,145,527,533,1345,1060,285
"151",167,"Damen Ave & Coulter St",41.8492116666667,-87.6756375,108,106,32,27,76,79,214,155,59
"152",168,"Michigan Ave & 14th St",41.8641338333333,-87.6238416666667,1608,1528,401,376,1207,1152,3136,2359,777
"153",169,"Canal St & Harrison St",41.8742815,-87.6395955,322,296,41,43,281,253,618,534,84
"154",170,"Clinton St & 18th St",41.8578906666667,-87.6408863333333,324,295,60,53,264,242,619,506,113
"155",171,"May St & Cullerton St",41.8552055,-87.6541185,267,281,69,70,198,211,548,409,139
"156",172,"Rush St & Cedar St",41.9025258333333,-87.6276776666667,2220,2229,525,520,1695,1709,4449,3404,1045
"157",173,"Mies van der Rohe Way & Chicago Ave",41.8973011666667,-87.6215853333333,2010,1970,416,404,1594,1566,3980,3160,820
"158",174,"Canal St & Madison St",41.8819241666667,-87.6399843333333,783,799,152,143,631,656,1582,1287,295
"159",175,"Wells St & Polk St",41.8725421666667,-87.6336158333333,1370,1366,327,319,1043,1047,2736,2090,646
"160",176,"Clark St & Elm St",41.9028155,-87.6316206666667,4863,4820,945,945,3918,3875,9683,7793,1890
"161",177,"Theater on the Lake",41.9263,-87.6309405,5701,6012,558,547,5143,5465,11713,10608,1105
"162",178,"State St & 19th St",41.8565583333333,-87.6276038333333,389,391,72,72,317,319,780,636,144
"163",179,"MLK Jr Dr & Pershing Rd",41.8245116666667,-87.616816,253,262,84,84,169,178,515,347,168
"164",180,"Ritchie Ct & Banks St",41.9067906666667,-87.6260666666667,1636,1626,392,389,1244,1237,3262,2481,781
"165",181,"LaSalle St & Illinois St",41.8908436666667,-87.6316528333333,2460,2546,513,511,1947,2035,5006,3982,1024
"166",182,"Wells St & Elm St",41.9030476666667,-87.6344325,3653,3485,766,736,2887,2749,7138,5636,1502
"167",183,"Damen Ave & Thomas St (Augusta Blvd)",41.9013721666667,-87.6776413333333,938,829,229,211,709,618,1767,1327,440
"168",184,"State St & 35th St",41.8310155,-87.6269516666667,333,349,55,57,278,292,682,570,112
"169",185,"Stave St & Armitage Ave",41.9177655,-87.691436,514,524,161,163,353,361,1038,714,324
"170",186,"Ogden Ave & Race Ave",41.8918563333333,-87.65888,1225,1265,312,309,913,956,2490,1869,621
"171",188,"Greenview Ave & Fullerton Ave",41.925357,-87.665812,1270,1387,294,304,976,1083,2657,2059,598
"172",190,"Southport Ave & Wrightwood Ave",41.9287785,-87.6638488333333,1127,1134,200,200,927,934,2261,1861,400
"173",191,"Canal St & Monroe St",41.8821971666667,-87.6395905,497,401,94,89,403,312,898,715,183
"174",192,"Canal St & Adams St",41.8795971666667,-87.6403896666667,1264,1225,273,275,991,950,2489,1941,548
"175",193,"State St & 29th St",41.8417036666667,-87.62696,93,86,21,22,72,64,179,136,43
"176",194,"Wabash Ave & Wacker Pl",41.8867855,-87.6258165,1896,1961,340,328,1556,1633,3857,3189,668
"177",195,"Columbus Dr & Randolph St",41.8845215,-87.6196901666667,3414,2399,746,538,2668,1861,5813,4529,1284
"178",196,"Cityfront Plaza Dr & Pioneer Ct",41.8903603333333,-87.6220418333333,1888,1534,356,319,1532,1215,3422,2747,675
"179",197,"Michigan Ave & Madison St",41.881991,-87.6250881666667,1158,1180,227,225,931,955,2338,1886,452
"180",198,"Green St & Madison St",41.8818171666667,-87.648743,2435,2740,586,580,1849,2160,5175,4009,1166
"181",199,"Wabash Ave & Grand Ave",41.8912565,-87.6267156666667,3122,3315,651,649,2471,2666,6437,5137,1300
"182",200,"MLK Jr Dr & 47th St",41.8097808333333,-87.6163373333333,126,129,39,39,87,90,255,177,78
"183",201,"Indiana Ave & 40th St",41.8216265,-87.6214081666667,53,54,20,19,33,35,107,68,39
"184",202,"Halsted St & 18th St",41.8574833333333,-87.645997,363,322,86,73,277,249,685,526,159
"185",203,"Western Ave & 21st St",41.854084,-87.6858673333333,241,250,109,109,132,141,491,273,218
"186",204,"Prairie Ave & Garfield Blvd",41.7948363333333,-87.6188548333333,85,79,32,27,53,52,164,105,59
"187",205,"Paulina St & 18th St",41.8580006666667,-87.6688188333333,564,570,154,156,410,414,1134,824,310
"188",206,"Halsted St & Archer Ave",41.847138,-87.6468601666667,145,171,46,45,99,126,316,225,91
"189",207,"Emerald Ave & 28th St",41.8435843333333,-87.645527,222,217,60,52,162,165,439,327,112
"190",208,"Laflin St & Cullerton St",41.8548081666667,-87.6637053333333,279,280,72,75,207,205,559,412,147
"191",209,"Normal Ave & Archer Ave",41.8494966666667,-87.6405655,185,201,28,28,157,173,386,330,56
"192",210,"Ashland Ave & Division St",41.9033083333333,-87.6679198333333,2392,2452,494,489,1898,1963,4844,3861,983
"193",211,"St. Clair St & Erie St",41.8944155,-87.6226198333333,3205,3575,533,641,2672,2934,6780,5606,1174
"194",212,"Wells St & Hubbard St",41.8898953333333,-87.6342771666667,2485,2347,516,502,1969,1845,4832,3814,1018
"195",213,"Leavitt St & North Ave",41.9101306666667,-87.6823738333333,669,684,161,150,508,534,1353,1042,311
"196",214,"Damen Ave & Grand Ave",41.8913615,-87.6769648333333,428,464,114,112,314,352,892,666,226
"197",215,"Damen Ave & Madison St",41.8814391666667,-87.674933,223,219,38,37,185,182,442,367,75
"198",216,"California Ave & Division St",41.9030226666667,-87.6975203333333,568,645,176,188,392,457,1213,849,364
"199",217,"Elizabeth (May) St & Fulton St",41.8865873333333,-87.6584486666667,526,529,152,153,374,376,1055,750,305
"200",218,"Wells St & 19th St",41.856781,-87.633826,329,349,42,41,287,308,678,595,83
"201",219,"Damen Ave & Cortland St",41.916046,-87.6773443333333,1129,1174,204,204,925,970,2303,1895,408
"202",220,"Clark St & Drummond Pl",41.9312686666667,-87.6444778333333,2699,2715,425,428,2274,2287,5414,4561,853
"203",222,"Milwaukee Ave & Rockwell St",41.9202398333333,-87.6926626666667,556,587,164,167,392,420,1143,812,331
"204",223,"Clifton Ave & Armitage Ave",41.9181248333333,-87.6569745,1177,1231,202,203,975,1028,2408,2003,405
"205",224,"Halsted St & Willow St",41.9138583333333,-87.6488595,1274,1275,229,232,1045,1043,2549,2088,461
"206",225,"Halsted St & Dickens Ave",41.919918,-87.648978,1901,2039,355,361,1546,1678,3940,3224,716
"207",226,"Racine Ave & Belmont Ave",41.9397178333333,-87.6589036666667,1551,1532,320,320,1231,1212,3083,2443,640
"208",227,"Southport Ave & Waveland Ave",41.9481238333333,-87.6641298333333,1998,2047,338,340,1660,1707,4045,3367,678
"209",228,"Damen Ave & Melrose Ave",41.9405485,-87.6786615,369,385,114,116,255,269,754,524,230
"210",229,"Southport Ave & Roscoe St",41.9436943333333,-87.6640415,2185,2302,399,400,1786,1902,4487,3688,799
"211",230,"Lincoln Ave & Roscoe St",41.9433788333333,-87.6710046666667,1357,1377,287,285,1070,1092,2734,2162,572
"212",231,"Sheridan Rd & Montrose Ave",41.9615871666667,-87.6546073333333,1728,1780,438,435,1290,1345,3508,2635,873
"213",232,"Pine Grove Ave & Waveland Ave",41.9493781666667,-87.6465188333333,2616,2611,437,438,2179,2173,5227,4352,875
"214",233,"Sangamon St & Washington Blvd",41.8829846666667,-87.6511733333333,970,972,216,219,754,753,1942,1507,435
"215",234,"Clark St & Montrose Ave",41.9615673333333,-87.666359,691,662,134,142,557,520,1353,1077,276
"216",236,"Sedgwick St & Schiller St",41.9075036666667,-87.6383016666667,608,532,113,108,495,424,1140,919,221
"217",237,"MLK Jr Dr & 29th St",41.8420448333333,-87.616953,992,954,203,199,789,755,1946,1544,402
"218",238,"Wolcott (Ravenswood) Ave & Montrose Ave",41.9615086666667,-87.6762841666667,611,616,107,111,504,505,1227,1009,218
"219",239,"Western Ave & Leland Ave",41.9665206666667,-87.6884821666667,799,843,208,209,591,634,1642,1225,417
"220",240,"Sheridan Rd & Irving Park Rd",41.9541661666667,-87.6544135,1374,1362,266,263,1108,1099,2736,2207,529
"221",241,"Morgan St & Polk St",41.8720185,-87.6509541666667,1120,1094,206,197,914,897,2214,1811,403
"222",242,"Damen Ave & Leland Ave",41.9671108333333,-87.6790841666667,698,683,156,157,542,526,1381,1068,313
"223",243,"Lincoln Ave & Sunnyside Ave",41.9629898333333,-87.6848045,672,676,123,123,549,553,1348,1102,246
"224",244,"Ravenswood Ave & Irving Park Rd",41.9545868333333,-87.6738431666667,708,702,153,154,555,548,1410,1103,307
"225",245,"Clarendon Ave & Junior Ter",41.9609205,-87.6495273333333,1642,1616,272,269,1370,1347,3258,2717,541
"226",246,"Ashland Ave & Belle Plaine Ave",41.9560605,-87.6689165,434,424,137,139,297,285,858,582,276
"227",247,"Shore Dr & 55th St",41.7952495,-87.5809486666667,1861,1903,364,371,1497,1532,3764,3029,735
"228",248,"Woodlawn Ave & 55th St",41.7952598333333,-87.5964575,669,610,166,138,503,472,1279,975,304
"229",249,"Montrose Harbor",41.9639025,-87.6382405,2516,2403,354,343,2162,2060,4919,4222,697
"230",250,"Ashland Ave & Wellington Ave",41.936087,-87.6698721666667,716,760,146,147,570,613,1476,1183,293
"231",251,"Clarendon Ave & Leland Ave",41.967918,-87.6499466666667,842,813,169,165,673,648,1655,1321,334
"232",252,"Greenwood Ave & 47th St",41.809868,-87.5993738333333,297,287,86,86,211,201,584,412,172
"233",253,"Winthrop Ave & Lawrence Ave",41.968821,-87.6575705,648,633,140,137,508,496,1281,1004,277
"234",254,"Pine Grove Ave & Irving Park Rd",41.954651,-87.6481935,1968,1954,343,342,1625,1612,3922,3237,685
"235",255,"Indiana Ave & Roosevelt Rd",41.8678951666667,-87.623049,3621,3642,618,666,3003,2976,7263,5979,1284
"236",256,"Broadway & Sheridan Rd",41.9527843333333,-87.6499731666667,1409,1411,282,279,1127,1132,2820,2259,561
"237",257,"Lincoln Ave & Waveland Ave",41.9488021666667,-87.6752206666667,671,687,145,147,526,540,1358,1066,292
"238",258,"Logan Blvd & Elston Ave",41.9294301666667,-87.6841535,676,769,225,230,451,539,1445,990,455
"239",259,"California Ave & Francis Pl (Temp)",41.9185725,-87.697553,539,550,199,200,340,350,1089,690,399
"240",260,"Kedzie Ave & Milwaukee Ave",41.9296488333333,-87.7080675,1406,1523,484,486,922,1037,2929,1959,970
"241",261,"Hermitage Ave & Polk St",41.8715388333333,-87.6698706666667,716,725,159,131,557,594,1441,1151,290
"242",262,"Halsted St & 37th St",41.8270811666667,-87.6457783333333,119,120,19,20,100,100,239,200,39
"243",263,"Rhodes Ave & 32nd St",41.8368105,-87.6133695,397,414,93,95,304,319,811,623,188
"244",264,"Stetson Ave & South Water St",41.8865741666667,-87.6222055,1327,1125,296,274,1031,851,2452,1882,570
"245",265,"Cottage Grove Ave & Oakwood Blvd",41.8229188333333,-87.6070546666667,359,365,156,151,203,214,724,417,307
"246",267,"Lake Park Ave & 47th St",41.8093671666667,-87.5918675,373,365,109,99,264,266,738,530,208
"247",268,"Lake Shore Dr & North Blvd",41.9117271666667,-87.6268876666667,4125,4337,637,613,3488,3724,8462,7212,1250
"248",270,"Stony Island Ave & 75th St",41.758645,-87.586941,46,61,20,21,26,40,107,66,41
"249",271,"Cottage Grove Ave & 43rd St",41.8164351666667,-87.6066078333333,174,168,63,66,111,102,342,213,129
"250",272,"Indiana Ave & 31st St",41.8388026666667,-87.6218836666667,379,384,100,94,279,290,763,569,194
"251",273,"Michigan Ave & 18th St",41.8579008333333,-87.6246543333333,1452,1360,268,239,1184,1121,2812,2305,507
"252",274,"Racine Ave & 15th St",41.861231,-87.6564403333333,251,219,44,39,207,180,470,387,83
"253",275,"Ashland Ave & 13th St",41.865226,-87.6665458333333,375,437,99,97,276,340,812,616,196
"254",276,"California Ave & North Ave",41.9104973333333,-87.6972718333333,580,575,163,155,417,420,1155,837,318
"255",277,"Ashland Ave & Grand Ave",41.8910813333333,-87.666673,583,665,167,174,416,491,1248,907,341
"256",278,"Wallace St & 35th St",41.8306678333333,-87.6413163333333,208,201,45,44,163,157,409,320,89
"257",279,"Halsted St & 35th St",41.8306611666667,-87.6470673333333,188,196,47,48,141,148,384,289,95
"258",280,"Morgan St & 31st St",41.83773,-87.6512193333333,256,261,51,57,205,204,517,409,108
"259",281,"Western Ave & 24th St",41.848434,-87.6851613333333,106,111,35,38,71,73,217,144,73
"260",282,"Halsted St & Maxwell St",41.8648333333333,-87.6470388333333,702,681,159,159,543,522,1383,1065,318
"261",283,"LaSalle St & Jackson Blvd",41.8780443333333,-87.6317278333333,1103,948,195,183,908,765,2051,1673,378
"262",284,"Michigan Ave & Jackson Blvd",41.8777248333333,-87.6240628333333,1326,1172,202,194,1124,978,2498,2102,396
"263",285,"Wood St & Hubbard St",41.8898168333333,-87.6715435,391,395,105,108,286,287,786,573,213
"264",286,"Franklin St & Adams St (Temp)",41.8791448333333,-87.6352981666667,777,775,158,153,619,622,1552,1241,311
"265",287,"Franklin St & Monroe St",41.8803453333333,-87.635258,1407,1210,367,256,1040,954,2617,1994,623
"266",288,"Larrabee St & Armitage Ave",41.9181838333333,-87.6437953333333,1179,1148,218,217,961,931,2327,1892,435
"267",289,"Wells St & Concord Ln",41.9122268333333,-87.634891,4127,4124,786,781,3341,3343,8251,6684,1567
"268",290,"Kedzie Ave & Palmer Ct",41.9214593333333,-87.7074315,638,629,214,210,424,419,1267,843,424
"269",291,"Wells St & Evergreen Ave",41.9067628333333,-87.6352216666667,3076,2951,639,628,2437,2323,6027,4760,1267
"270",292,"Southport Ave & Clark St",41.9571045,-87.6641966666667,389,371,86,84,303,287,760,590,170
"271",293,"Broadway & Wilson Ave",41.9651736666667,-87.6582971666667,1073,1127,299,300,774,827,2200,1601,599
"272",294,"Broadway & Berwyn Ave",41.9783136666667,-87.6597815,1118,1141,209,208,909,933,2259,1842,417
"273",295,"Broadway & Argyle St",41.9737405,-87.6599771666667,1168,1144,231,221,937,923,2312,1860,452
"274",296,"Broadway & Belmont Ave",41.9401213333333,-87.645492,2159,2189,376,380,1783,1809,4348,3592,756
"275",297,"Paulina St & Montrose Ave",41.9615258333333,-87.671478,431,398,58,64,373,334,829,707,122
"276",298,"Lincoln Ave & Belle Plaine Ave",41.9560415,-87.680351,761,761,178,180,583,581,1522,1164,358
"277",299,"Halsted St & Roscoe St",41.9436508333333,-87.6488181666667,2471,2478,546,541,1925,1937,4949,3862,1087
"278",300,"Broadway & Barry Ave",41.9376138333333,-87.6441943333333,3795,3870,685,672,3110,3198,7665,6308,1357
"279",301,"Clark St & Schiller St",41.907985,-87.6315623333333,2711,2435,504,453,2207,1982,5146,4189,957
"280",302,"Sheffield Ave & Wrightwood Ave",41.9286601666667,-87.6538438333333,1943,1859,308,306,1635,1553,3802,3188,614
"281",303,"Broadway & Cornelia Ave",41.9455728333333,-87.6464061666667,2699,2609,541,535,2158,2074,5308,4232,1076
"282",304,"Broadway & Waveland Ave",41.9490775,-87.6485753333333,2331,2338,460,455,1871,1883,4669,3754,915
"283",305,"Western Ave & Division St",41.9029251666667,-87.6872471666667,678,651,262,257,416,394,1329,810,519
"284",306,"Sheridan Rd & Buena Ave",41.9585316666667,-87.6550235,1103,1132,270,271,833,861,2235,1694,541
"285",307,"Southport Ave & Clybourn Ave",41.9207603333333,-87.6637111666667,770,775,160,161,610,614,1545,1224,321
"286",308,"Seeley Ave & Roscoe St",41.9433898333333,-87.6796123333333,687,706,178,181,509,525,1393,1034,359
"287",309,"Leavitt St & Armitage Ave",41.917859,-87.6824963333333,636,609,156,145,480,464,1245,944,301
"288",310,"Damen Ave & Charleston St",41.9199628333333,-87.6779878333333,614,625,139,143,475,482,1239,957,282
"289",311,"Leavitt St & Lawrence Ave",41.9688595,-87.6840235,329,332,68,67,261,265,661,526,135
"290",312,"Clarendon Ave & Gordon Ter",41.9578565,-87.6494415,1477,1431,302,286,1175,1145,2908,2320,588
"291",313,"Lakeview Ave & Fullerton Pkwy",41.9258395,-87.6388938333333,3031,2998,597,596,2434,2402,6029,4836,1193
"292",314,"Ravenswood Ave & Berteau Ave",41.9578586666667,-87.6735848333333,375,362,72,74,303,288,737,591,146
"293",315,"Elston Ave & Wabansia Ave",41.9129051666667,-87.6643063333333,337,365,114,120,223,245,702,468,234
"294",316,"Damen Ave & Sunnyside Ave",41.9633341666667,-87.6793936666667,372,359,87,86,285,273,731,558,173
"295",317,"Wood St & Taylor St",41.8693108333333,-87.6736033333333,667,549,145,104,522,445,1216,967,249
"296",318,"Southport Ave & Irving Park Rd",41.9541465,-87.6643378333333,806,732,154,155,652,577,1538,1229,309
"297",319,"Greenview Ave & Diversey Pkwy",41.9326058333333,-87.6659246666667,646,660,129,128,517,532,1306,1049,257
"298",320,"Loomis St & Lexington St",41.8721443333333,-87.6614295,1728,1712,346,343,1382,1369,3440,2751,689
"299",321,"Wabash Ave & 9th St",41.8704913333333,-87.6255438333333,2118,2098,391,387,1727,1711,4216,3438,778
"300",322,"Kimbark Ave & 53rd St",41.7995908333333,-87.5947746666667,1167,1179,303,290,864,889,2346,1753,593
"301",323,"Sheridan Rd & Lawrence Ave",41.9695441666667,-87.6546973333333,717,698,170,168,547,530,1415,1077,338
"302",324,"Stockton Dr & Wrightwood Ave",41.9313428333333,-87.6387246666667,2399,2423,434,439,1965,1984,4822,3949,873
"303",325,"Clark St & Winnemac Ave",41.9732845,-87.6697156666667,713,744,175,183,538,561,1457,1099,358
"304",326,"Clark St & Leland Ave",41.9670888333333,-87.6674136666667,1235,1217,282,271,953,946,2452,1899,553
"305",327,"Sheffield Ave & Webster Ave",41.921707,-87.65385,1950,1996,326,329,1624,1667,3946,3291,655
"306",328,"Ellis Ave & 58th St",41.7886205,-87.6012578333333,604,590,144,136,460,454,1194,914,280
"307",329,"Lake Shore Dr & Diversey Pkwy",41.932489,-87.6364421666667,2669,2685,423,417,2246,2268,5354,4514,840
"308",330,"Lincoln Ave & Addison St",41.9462491666667,-87.6732975,420,434,95,94,325,340,854,665,189
"309",331,"Halsted St & Clybourn Ave",41.9096623333333,-87.6481408333333,1891,2091,417,418,1474,1673,3982,3147,835
"310",332,"Burling St & Diversey Pkwy",41.9330881666667,-87.6477753333333,1640,1704,270,272,1370,1432,3344,2802,542
"311",333,"Ashland Ave & Blackhawk St",41.9070405,-87.6671936666667,1260,1250,258,257,1002,993,2510,1995,515
"312",334,"Lake Shore Dr & Belmont Ave",41.940792,-87.639213,2978,3004,481,479,2497,2525,5982,5022,960
"313",335,"Calumet Ave & 35th St",41.8314146666667,-87.6180406666667,223,220,57,59,166,161,443,327,116
"314",336,"Cottage Grove Ave & 47th St",41.8097668333333,-87.6068373333333,151,153,53,53,98,100,304,198,106
"315",337,"Clark St & Chicago Ave",41.8967386666667,-87.6308286666667,1730,1551,363,344,1367,1207,3281,2574,707
"316",338,"Calumet Ave & 18th St",41.857573,-87.619433,1041,1132,186,195,855,937,2173,1792,381
"317",339,"Emerald Ave & 31st St",41.8382063333333,-87.6451335,486,495,103,93,383,402,981,785,196
"318",340,"Clark St & Wrightwood Ave",41.9297101666667,-87.6430428333333,2695,2720,562,576,2133,2144,5415,4277,1138
"319",341,"Adler Planetarium",41.8661015,-87.6074093333333,2164,2083,295,269,1869,1814,4247,3683,564
"320",342,"Wolcott Ave & Polk St",41.8712455,-87.673817,1105,1001,205,148,900,853,2106,1753,353
"321",343,"Racine Ave & Wrightwood Ave",41.9289236666667,-87.6590663333333,855,826,166,172,689,654,1681,1343,338
"322",344,"Ravenswood Ave & Lawrence Ave",41.969136,-87.674181,1265,1272,300,295,965,977,2537,1942,595
"323",345,"Lake Park Ave & 56th St",41.7933096666667,-87.5878823333333,774,751,162,157,612,594,1525,1206,319
"324",346,"Ada St & Washington Blvd",41.8828295,-87.6611535,887,854,168,168,719,686,1741,1405,336
"325",347,"Ashland Ave & Grace St",41.9507203333333,-87.668771,589,582,126,128,463,454,1171,917,254
"326",348,"California Ave & 21st St",41.8537598333333,-87.6957436666667,101,106,24,27,77,79,207,156,51
"327",349,"Halsted St & Wrightwood Ave",41.9292171666667,-87.6491285,1940,1941,383,381,1557,1560,3881,3117,764
"328",350,"Ashland Ave & Chicago Ave",41.895965,-87.667813,994,1029,249,250,745,779,2023,1524,499
"329",351,"Cottage Grove Ave & 51st St",41.8030031666667,-87.6066725,186,175,50,50,136,125,361,261,100
"330",352,"Jeffery Blvd & 67th St",41.773525,-87.5774116666667,133,129,45,44,88,85,262,173,89
"331",353,"Clark St & Touhy Ave",42.0125731666667,-87.6742745,114,99,35,35,79,64,213,143,70
"332",354,"Sheridan Rd & Greenleaf Ave",42.0105985,-87.6624126666667,455,413,84,81,371,332,868,703,165
"333",355,"South Shore Dr & 67th St",41.7736015,-87.5674335,230,233,38,40,192,193,463,385,78
"334",356,"Stony Island Ave & 71st St",41.7665223333333,-87.586494,77,84,30,29,47,55,161,102,59
"335",359,"Larrabee St & Division St",41.9035421666667,-87.6433286666667,1358,1383,237,230,1121,1153,2741,2274,467
"336",364,"Larrabee St & Oak St",41.9003215,-87.6430308333333,740,715,132,131,608,584,1455,1192,263
"337",365,"Halsted St & North Branch St",41.8993221666667,-87.6484768333333,211,179,48,48,163,131,390,294,96
"338",366,"Loomis St & Archer Ave",41.8416606666667,-87.6574351666667,153,174,58,60,95,114,327,209,118
"339",367,"Racine Ave & 35th St",41.8305986666667,-87.6562718333333,134,146,29,27,105,119,280,224,56
"340",368,"Ashland Ave & Archer Ave",41.8389845,-87.6656533333333,90,87,22,22,68,65,177,133,44
"341",369,"Wood St & 35th St",41.8301261666667,-87.6702858333333,75,71,32,29,43,42,146,85,61
"342",370,"Calumet Ave & 21st St",41.85409,-87.6191896666667,403,381,80,78,323,303,784,626,158
"343",373,"Kedzie Ave & Chicago Ave",41.8954985,-87.706109,160,170,77,75,83,95,330,178,152
"344",374,"Western Ave & Walton St",41.8983836666667,-87.6866326666667,893,826,194,177,699,649,1719,1348,371
"345",375,"Sacramento Blvd & Franklin Blvd",41.8904198333333,-87.7026681666667,52,57,8,10,44,47,109,91,18
"346",376,"Artesian Ave & Hubbard St",41.8894981666667,-87.688218,374,371,257,261,117,110,745,227,518
"347",377,"Kedzie Ave & Lake St",41.8846096666667,-87.7063533333333,89,89,34,34,55,55,178,110,68
"348",378,"California Ave & Lake St",41.8844756666667,-87.696312,96,99,33,28,63,71,195,134,61
"349",381,"Western Ave & Monroe St",41.8797626666667,-87.6860646666667,288,332,89,92,199,240,620,439,181
"350",382,"Western Ave & Congress Pkwy",41.8746356666667,-87.6863118333333,367,357,158,144,209,213,724,422,302
"351",383,"Paulina St & Flournoy St",41.872968,-87.6690656666667,1086,876,259,181,827,695,1962,1522,440
"352",384,"Halsted St & 51st St",41.8017613333333,-87.6452696666667,7,8,1,0,6,8,15,14,0
"353",385,"Princeton Ave & Garfield Blvd",41.79496,-87.6331043333333,55,49,40,31,15,18,104,33,71
"354",386,"Halsted St & 56th St",41.792929,-87.64499,11,9,1,1,10,8,20,18,2
"355",388,"Halsted St & 63rd St",41.7794521666667,-87.6445216666667,43,34,13,9,30,25,77,55,22
"356",390,"Wentworth Ave & 63rd St",41.7800813333333,-87.6297858333333,28,16,7,5,21,11,44,32,12
"357",391,"Halsted St & 69th St",41.769082,-87.644627,10,10,3,3,7,7,20,14,6
"358",392,"Perry Ave & 69th St",41.7692748333333,-87.6282368333333,19,25,5,5,14,20,44,34,10
"359",393,"Calumet Ave & 71st St",41.7655146666667,-87.6169405,16,18,5,5,11,13,34,24,10
"360",394,"Clark St & 9th St (AMLI)",41.8707435,-87.6311083333333,763,717,163,153,600,564,1480,1164,316
"361",395,"Jeffery Blvd & 76th St",41.75712,-87.575839,22,30,6,6,16,24,52,40,12
"362",396,"Yates Blvd & 75th St",41.758734,-87.566437,48,46,23,21,25,25,94,50,44
"363",398,"Rainbow Beach",41.7578736666667,-87.5493761666667,46,53,7,8,39,45,99,84,15
"364",399,"South Shore Dr & 74th St",41.7622673333333,-87.5592525,92,84,47,37,45,47,176,92,84
"365",400,"Cottage Grove Ave & 71st St",41.765719,-87.604959,14,7,1,1,13,6,21,19,2
"366",401,"Shields Ave & 28th Pl",41.8428271666667,-87.635495,181,171,36,33,145,138,352,283,69
"367",402,"Shields Ave & 31st St",41.8383625,-87.6353885,317,322,39,41,278,281,639,559,80
"368",403,"Wentworth Ave & 33rd St",41.8345406666667,-87.6317893333333,120,100,14,11,106,89,220,195,25
"369",405,"Wentworth Ave & 35th St",41.8307093333333,-87.6325845,61,67,12,16,49,51,128,100,28
"370",406,"Lake Park Ave & 35th St",41.831264,-87.6086931666667,586,596,90,85,496,511,1182,1007,175
"371",407,"State St & Pershing Rd",41.8230343333333,-87.6266156666667,72,63,26,24,46,39,135,85,50
"372",408,"Union Ave & Root St",41.819165,-87.6432918333333,107,107,67,68,40,39,214,79,135
"373",409,"Shields Ave & 43rd St",41.8161825,-87.6347255,4,7,2,1,2,6,11,8,3
"374",410,"Prairie Ave & 43rd St",41.8166665,-87.619477,179,171,69,68,110,103,350,213,137
"375",411,"Halsted St & 47th Pl",41.8081333333333,-87.645628,72,70,19,20,53,50,142,103,39
"376",412,"Princeton Ave & 47th St",41.8093495,-87.633465,35,28,6,5,29,23,63,52,11
"377",413,"Woodlawn Ave & Lake Park Ave",41.8140445,-87.5970655,254,281,97,96,157,185,535,342,193
"378",414,"Canal St & Taylor St",41.8701336666667,-87.6394558333333,613,639,124,124,489,515,1252,1004,248
"379",415,"Calumet Ave & 51st St",41.8022693333333,-87.6181138333333,110,114,34,35,76,79,224,155,69
"380",416,"Dorchester Ave & 49th St",41.8058166666667,-87.5924811666667,205,185,75,69,130,116,390,246,144
"381",417,"Cornell Ave & Hyde Park Blvd",41.8025656666667,-87.5866466666667,1073,1006,301,247,772,759,2079,1531,548
"382",418,"Ellis Ave & 53rd St",41.7993531666667,-87.6010205,587,535,185,166,402,369,1122,771,351
"383",419,"Lake Park Ave & 53rd St",41.7996363333333,-87.5864136666667,795,789,212,205,583,584,1584,1167,417
"384",420,"Ellis Ave & 55th St",41.7942861666667,-87.6014711666667,498,486,133,131,365,355,984,720,264
"385",421,"MLK Jr Dr & 56th St",41.7934958333333,-87.6158271666667,50,51,16,18,34,33,101,67,34
"386",422,"DuSable Museum",41.7914863333333,-87.6078495,106,90,35,25,71,65,196,136,60
"387",423,"University Ave & 57th St",41.791402,-87.5999398333333,833,799,187,163,646,636,1632,1282,350
"388",424,"Museum of Science and Industry",41.7918336666667,-87.583988,612,573,122,117,490,456,1185,946,239
"389",425,"Harper Ave & 59th St",41.7879765,-87.5882416666667,338,313,96,91,242,222,651,464,187
"390",426,"Ellis Ave & 60th St",41.78517,-87.6010626666667,736,726,218,207,518,519,1462,1037,425
"391",427,"Cottage Grove Ave & 63rd St",41.7806445,-87.6061906666667,72,80,12,12,60,68,152,128,24
"392",428,"Dorchester Ave & 63rd St",41.7804165,-87.5913761666667,111,110,33,35,78,75,221,153,68
"393",429,"Cottage Grove Ave & 67th St",41.773732,-87.6056495,36,39,16,18,20,21,75,41,34
"394",430,"MLK Jr Dr & 63rd St",41.7800578333333,-87.6159681666667,35,42,3,3,32,39,77,71,6
"395",431,"Eberhart Ave & 61st St",41.7841065,-87.6133995,76,79,14,14,62,65,155,127,28
"396",432,"Clark St & Lunt Ave",42.0090968333333,-87.6742171666667,196,179,72,75,124,104,375,228,147
"397",433,"Kedzie Ave & Harrison St",41.8736253333333,-87.7049188333333,26,23,19,17,7,6,49,13,36
"398",434,"Ogden Ave & Roosevelt Rd",41.8664956666667,-87.6845475,276,270,66,66,210,204,546,414,132
"399",435,"Kedzie Ave & Roosevelt Rd",41.8665056666667,-87.7065065,36,38,18,18,18,20,74,38,36
"400",436,"Fairfield Ave & Roosevelt Rd",41.8666245,-87.6945206666667,84,82,49,49,35,33,166,68,98
"401",437,"Washtenaw Ave & Ogden Ave",41.8619348333333,-87.6935345,144,128,60,61,84,67,272,151,121
"402",438,"Central Park Ave & Ogden Ave",41.8539468333333,-87.7151066666667,88,91,41,40,47,51,179,98,81
"403",439,"Kedzie Ave & 21st St",41.8535751666667,-87.705061,37,44,12,12,25,32,81,57,24
"404",440,"Central Park Ave & 24th St",41.8481035,-87.7151145,33,34,11,9,22,25,67,47,20
"405",441,"Kedzie Ave & 24th St",41.8482338333333,-87.705471,31,21,16,11,15,10,52,25,27
"406",442,"California Ave & 23rd Pl",41.8491603333333,-87.6951445,131,126,43,44,88,82,257,170,87
"407",443,"Millard Ave & 26th St",41.8446298333333,-87.7158918333333,60,73,35,37,25,36,133,61,72
"408",444,"Albany Ave & 26th St",41.8445498333333,-87.7020966666667,52,45,18,13,34,32,97,66,31
"409",445,"California Ave & 26th St",41.84404,-87.695295,29,29,12,12,17,17,58,34,24
"410",446,"Western Ave & 28th St",41.841517,-87.685131,44,44,9,10,35,34,88,69,19
"411",447,"Glenwood Ave & Morse Ave",42.0079723333333,-87.6655128333333,518,511,157,161,361,350,1029,711,318
"412",448,"Warren Park East",42.0045358333333,-87.6806598333333,169,183,53,57,116,126,352,242,110
"413",449,"Clark St & Columbia Ave",42.0045143333333,-87.672372,218,213,67,70,151,143,431,294,137
"414",450,"Warren Park West",42.0017865,-87.6888761666667,188,194,59,57,129,137,382,266,116
"415",451,"Sheridan Rd & Loyola Ave",42.001112,-87.6612211666667,736,754,225,228,511,526,1490,1037,453
"416",452,"Western Ave & Granville Ave",41.994176,-87.6893951666667,162,165,43,45,119,120,327,239,88
"417",453,"Clark St & Schreiber Ave",41.9992438333333,-87.6713363333333,346,387,94,97,252,290,733,542,191
"418",454,"Broadway & Granville Ave",41.994732,-87.6602488333333,1194,1204,299,288,895,916,2398,1811,587
"419",455,"Maplewood Ave & Peterson Ave",41.9902,-87.6933163333333,94,110,21,21,73,89,204,162,42
"420",456,"2112 W Peterson Ave",41.9911476666667,-87.6835585,119,136,36,35,83,101,255,184,71
"421",457,"Clark St & Elmdale Ave",41.9904505,-87.669882,406,426,136,139,270,287,832,557,275
"422",458,"Broadway & Thorndale Ave",41.9897476666667,-87.6601401666667,730,742,155,152,575,590,1472,1165,307
"423",459,"Lakefront Trail & Bryn Mawr Ave",41.9840178333333,-87.6523781666667,2722,2746,454,440,2268,2306,5468,4574,894
"424",460,"Clark St & Bryn Mawr Ave",41.9835631666667,-87.6692071666667,783,853,202,206,581,647,1636,1228,408
"425",461,"Broadway & Ridge Ave",41.9840806666667,-87.6602071666667,833,828,208,207,625,621,1661,1246,415
"426",462,"Winchester (Ravenswood) Ave & Balmoral Ave",41.9797751666667,-87.6775293333333,170,173,46,47,124,126,343,250,93
"427",463,"Clark St & Berwyn Ave",41.9780125,-87.6679928333333,1417,1493,378,379,1039,1114,2910,2153,757
"428",464,"Damen Ave & Foster Ave",41.975726,-87.6793868333333,598,590,173,168,425,422,1188,847,341
"429",465,"Marine Dr & Ainslie St",41.9716085,-87.6500906666667,1263,1265,280,276,983,989,2528,1972,556
"430",466,"Ridge Blvd & Touhy Ave",42.0121738333333,-87.682878,74,78,34,35,40,43,152,83,69
"431",467,"Western Ave & Lunt Ave",42.008564,-87.6904933333333,239,256,118,118,121,138,495,259,236
"432",468,"Budlong Woods Library",41.9837048333333,-87.6964435,129,122,32,32,97,90,251,187,64
"433",469,"St. Louis Ave & Balmoral Ave",41.9803145,-87.7161106666667,116,101,16,16,100,85,217,185,32
"434",470,"Kedzie Ave & Foster Ave",41.9756708333333,-87.7091995,194,170,81,77,113,93,364,206,158
"435",471,"Francisco Ave & Foster Ave",41.975663,-87.7014508333333,281,265,94,93,187,172,546,359,187
"436",472,"Lincoln Ave & Winona St",41.9749078333333,-87.6927281666667,366,346,176,169,190,177,712,367,345
"437",474,"Christiana Ave & Lawrence Ave",41.9683606666667,-87.7118456666667,236,240,91,91,145,149,476,294,182
"438",475,"Washtenaw Ave & Lawrence Ave",41.9687655,-87.6961605,399,392,145,143,254,249,791,503,288
"439",476,"Kedzie Ave & Leland Ave",41.9666853333333,-87.7080738333333,199,217,96,90,103,127,416,230,186
"440",477,"Manor Ave & Leland Ave",41.9658303333333,-87.7007986666667,245,217,79,77,166,140,462,306,156
"441",478,"Rockwell St & Eastwood Ave",41.9658375,-87.6936856666667,379,365,150,151,229,214,744,443,301
"442",479,"Drake Ave & Montrose Ave",41.9611213333333,-87.7166346666667,169,167,46,46,123,121,336,244,92
"443",480,"Albany Ave & Montrose Ave",41.9610195,-87.7059126666667,280,282,106,108,174,174,562,348,214
"444",481,"California Ave & Montrose Ave",41.9611326666667,-87.6954558333333,473,488,130,131,343,357,961,700,261
"445",482,"Campbell Ave & Montrose Ave",41.9615576666667,-87.6911706666667,411,406,158,151,253,255,817,508,309
"446",483,"Avondale Ave & Irving Park Rd",41.9533466666667,-87.7319083333333,173,179,70,70,103,109,352,212,140
"447",484,"Monticello Ave & Irving Park Rd",41.9540216666667,-87.7190393333333,179,174,88,91,91,83,353,174,179
"448",485,"Sawyer Ave & Irving Park Rd",41.9535848333333,-87.7092625,165,181,69,72,96,109,346,205,141
"449",486,"Oakley Ave & Irving Park Rd",41.954283,-87.6859423333333,278,250,72,67,206,183,528,389,139
"450",487,"California Ave & Byron St",41.952117,-87.6980818333333,282,298,86,91,196,207,580,403,177
"451",488,"Pulaski Rd & Eddy St (Temp)",41.9462538333333,-87.7311046666667,104,100,45,44,59,56,204,115,89
"452",489,"Drake Ave & Addison St",41.947369,-87.717588,66,64,26,20,40,44,130,84,46
"453",490,"Troy St & Elston Ave",41.945237,-87.706703,278,294,87,88,191,206,572,397,175
"454",491,"Talman Ave & Addison St",41.9465976666667,-87.6946646666667,264,290,94,99,170,191,554,361,193
"455",492,"Leavitt St & Addison St",41.9464993333333,-87.6833318333333,286,275,64,63,222,212,561,434,127
"456",493,"Western Ave & Roscoe St",41.9430675,-87.6873213333333,348,365,93,92,255,273,713,528,185
"457",494,"Kedzie Ave & Bryn Mawr Ave",41.9822741666667,-87.7089365,141,148,44,44,97,104,289,201,88
"458",495,"Keystone Ave & Montrose Ave",41.961098,-87.7290401666667,116,123,29,26,87,97,239,184,55
"459",496,"Avers Ave & Belmont Ave",41.939394,-87.7235683333333,242,250,100,100,142,150,492,292,200
"460",497,"Kimball Ave & Belmont Ave",41.9394238333333,-87.7116701666667,280,295,98,101,182,194,575,376,199
"461",498,"California Ave & Fletcher St",41.9383958333333,-87.6979658333333,377,463,141,144,236,319,840,555,285
"462",499,"Kosciuszko Park",41.9305868333333,-87.7239048333333,341,335,160,152,181,183,676,364,312
"463",500,"Central Park Ave & Elbridge Ave",41.9353776666667,-87.7167701666667,257,248,84,85,173,163,505,336,169
"464",501,"Richmond St & Diversey Ave",41.9318963333333,-87.7012728333333,248,280,78,81,170,199,528,369,159
"465",502,"California Ave & Altgeld St",41.9266393333333,-87.6977408333333,571,626,223,227,348,399,1197,747,450
"466",503,"Drake Ave & Fullerton Ave",41.9243093333333,-87.7154138333333,456,479,163,166,293,313,935,606,329
"467",504,"Campbell Ave & Fullerton Ave",41.9246203333333,-87.6893038333333,549,539,206,203,343,336,1088,679,409
"468",505,"Winchester Ave & Elston Ave",41.9240676666667,-87.6764776666667,425,411,74,74,351,337,836,688,148
"469",506,"Spaulding Ave & Armitage Ave",41.9171086666667,-87.7102756666667,425,445,147,148,278,297,870,575,295
"470",507,"Humboldt Blvd & Armitage Ave",41.917513,-87.7018661666667,676,691,203,203,473,488,1367,961,406
"471",508,"Central Park Ave & North Ave",41.9096313333333,-87.716713,153,175,87,84,66,91,328,157,171
"472",509,"Troy St & North Ave",41.9098036666667,-87.705298,395,393,123,121,272,272,788,544,244
"473",510,"Spaulding Ave & Division St",41.9027441666667,-87.7092531666667,295,305,133,134,162,171,600,333,267
"474",511,"Albany Ave & Bloomingdale Ave",41.9139198333333,-87.7051925,415,410,119,113,296,297,825,593,232
"475",514,"Ridge Blvd & Howard St",42.0192348333333,-87.684453,80,56,20,18,60,38,136,98,38
"476",515,"Paulina St & Howard St",42.0190856666667,-87.6735365,233,232,88,90,145,142,465,287,178
"477",517,"Clark St & Jarvis Ave",42.0160031666667,-87.6749035,129,127,44,41,85,86,256,171,85
"478",518,"Conservatory Dr & Lake St",41.8854223333333,-87.7165946666667,123,121,34,33,89,88,244,177,67
"479",519,"Wolcott Ave & Fargo Ave",42.0169311666667,-87.677722,69,80,26,28,43,52,149,95,54
"480",520,"Greenview Ave & Jarvis Ave",42.0159481666667,-87.6686875,341,355,119,112,222,243,696,465,231
"481",522,"Bosworth Ave & Howard St",42.0195811666667,-87.669452,83,80,26,26,57,54,163,111,52
"482",523,"Eastlake Ter & Rogers Ave",42.0209438333333,-87.6650623333333,402,385,116,118,286,267,787,553,234
"483",524,"Austin Blvd & Chicago Ave",41.8948971666667,-87.7742636666667,32,37,15,13,17,24,69,41,28
"484",525,"Glenwood Ave & Touhy Ave",42.0127463333333,-87.6659846666667,200,195,42,44,158,151,395,309,86
"485",526,"Oakley Ave & Touhy Ave",42.012315,-87.6882133333333,103,96,40,38,63,58,199,121,78
"486",527,"Western Ave & Howard St",42.0189516666667,-87.6899968333333,112,100,49,53,63,47,212,110,102
"487",528,"Pulaski Rd & Lake St",41.8853788333333,-87.7265243333333,40,41,22,23,18,18,81,36,45
"488",529,"Cicero Ave & Lake St",41.8869035,-87.745402,15,15,7,5,8,10,30,18,12
"489",530,"Laramie Ave & Kinzie St",41.8877958333333,-87.755676,8,5,4,2,4,3,13,7,6
"490",531,"Central Ave & Lake St",41.8876565,-87.7654801666667,29,31,8,11,21,20,60,41,19
"491",532,"Austin Blvd & Lake St",41.8879113333333,-87.7744391666667,72,88,42,47,30,41,160,71,89
"492",533,"Central Park Blvd & 5th Ave",41.8756816666667,-87.7154766666667,50,47,32,35,18,12,97,30,67
"493",534,"Karlov Ave & Madison St",41.8808423333333,-87.7279816666667,15,13,4,4,11,9,28,20,8
"494",535,"Pulaski Rd & Congress Pkwy",41.8743455,-87.7258958333333,19,19,14,11,5,8,38,13,25
"495",536,"Kostner Ave & Lake St",41.8859228333333,-87.7353691666667,10,9,3,4,7,5,19,12,7
"496",537,"Kenton Ave & Madison St",41.880708,-87.741018,14,6,5,2,9,4,20,13,7
"497",538,"Cicero Ave & Flournoy St",41.872131,-87.746619,12,7,4,4,8,3,19,11,8
"498",539,"Cicero Ave & Quincy St",41.877613,-87.745405,22,16,1,1,21,15,38,36,2
"499",540,"Laramie Ave & Madison St",41.8802078333333,-87.7554615,48,43,29,27,19,16,91,35,56
"500",541,"Central Ave & Harrison St",41.872993,-87.764499,25,24,11,11,14,13,49,27,22
"501",542,"Central Ave & Madison St",41.880156,-87.763203,33,30,11,9,22,21,63,43,20
"502",543,"Laramie Ave & Gladys Ave",41.875806,-87.755285,9,6,0,0,9,6,15,15,0
"503",544,"Austin Blvd & Madison St",41.880285,-87.7744498333333,50,51,23,29,27,22,101,49,52
"504",545,"Kostner Ave & Adams St",41.8779213333333,-87.7360898333333,22,19,15,10,7,9,41,16,25
"505",546,"Damen Ave & Pershing Rd",41.8231913333333,-87.6765953333333,88,93,30,34,58,59,181,117,64
"506",547,"Ashland Ave & Pershing Rd",41.8234935,-87.6655823333333,43,36,7,8,36,28,79,64,15
"507",548,"Morgan St & Pershing Rd",41.823613,-87.650931,15,20,3,3,12,17,35,29,6
"508",549,"Marshfield Ave & 44th St",41.8140163333333,-87.6665781666667,29,41,23,23,6,18,70,24,46
"509",550,"Central Ave & Chicago Ave",41.8949451666667,-87.76487,61,57,44,44,17,13,118,30,88
"510",551,"Hoyne Ave & 47th St",41.80821,-87.6772511666667,28,34,7,7,21,27,62,48,14
"511",552,"Ashland Ave & McDowell Ave",41.8088468333333,-87.664534,24,24,13,9,11,15,48,26,22
"512",553,"Elizabeth St & 47th St",41.8084153333333,-87.6566135,19,14,10,10,9,4,33,13,20
"513",554,"Damen Ave & 51st St",41.8009533333333,-87.674619,24,19,12,10,12,9,43,21,22
"514",555,"Ashland Ave & 50th St",41.8030198333333,-87.6646653333333,17,16,10,11,7,5,33,12,21
"515",556,"Throop St & 52nd St",41.7996891666667,-87.6571903333333,32,28,16,15,16,13,60,29,31
"516",557,"Seeley Ave & Garfield Blvd",41.7940918333333,-87.6755443333333,9,5,1,1,8,4,14,12,2
"517",558,"Ashland Ave & Garfield Blvd",41.792875,-87.6644726666667,15,13,9,5,6,8,28,14,14
"518",559,"Racine Ave & Garfield Blvd",41.7942811666667,-87.6551895,47,48,2,3,45,45,95,90,5
"519",560,"Marshfield Ave & 59th St",41.7868446666667,-87.6661825,5,2,1,0,4,2,7,6,0
"520",561,"Damen Ave & 59th St",41.786012,-87.6741753333333,12,14,2,1,10,13,26,23,3
"521",562,"Racine Ave & 61st St",41.7831935,-87.6543975,6,1,1,1,5,0,7,0,2
"522",563,"Ashland Ave & 63rd St",41.7793665,-87.664909,29,25,16,10,13,15,54,28,26
"523",564,"Racine Ave & 65th St",41.7753888333333,-87.6542325,23,25,4,4,19,21,48,40,8
"524",565,"Ashland Ave & 66th St",41.7741278333333,-87.6637338333333,33,22,28,18,5,4,55,9,46
"525",566,"Ashland Ave & 69th St",41.768709,-87.6640248333333,10,14,3,6,7,8,24,15,9
"526",567,"May St & 69th St",41.7689523333333,-87.6528968333333,5,2,2,1,3,1,7,4,3
"527",568,"Vincennes Ave & 75th St",41.7579345,-87.6312278333333,6,2,2,1,4,1,8,5,3
"528",569,"Woodlawn Ave & 75th St",41.7592295,-87.595753,16,13,9,7,7,6,29,13,16
"529",570,"Evans Ave & 75th St",41.7585186666667,-87.6064268333333,24,24,13,14,11,10,48,21,27
"530",571,"Vernon Ave & 75th St",41.7583583333333,-87.614089,30,32,14,15,16,17,62,33,29
"531",572,"State St & 76th St",41.7570515,-87.6246306666667,18,14,7,7,11,7,32,18,14
"532",573,"State St & 79th St",41.7507686666667,-87.624457,42,40,17,18,25,22,82,47,35
"533",574,"Vernon Ave & 79th St",41.7509328333333,-87.6137518333333,16,18,6,6,10,12,34,22,12
"534",575,"Cottage Grove Ave & 78th St",41.7532078333333,-87.6050821666667,44,43,18,18,26,25,87,51,36
"535",576,"Greenwood Ave & 79th St",41.7512945,-87.5974261666667,38,50,20,18,18,32,88,50,38
"536",577,"Stony Island Ave & South Chicago Ave",41.7511925,-87.585347,44,37,18,17,26,20,81,46,35
"537",578,"Bennett Ave & 79th St",41.7518203333333,-87.5785011666667,37,26,6,6,31,20,63,51,12
"538",579,"Phillips Ave & 79th St",41.7518246666667,-87.5652643333333,44,41,10,9,34,32,85,66,19
"539",580,"Exchange Ave & 79th St",41.7517113333333,-87.552799,19,20,8,7,11,13,39,24,15
"540",581,"Commercial Ave & 83rd St",41.7445933333333,-87.5512231666667,23,26,13,10,10,16,49,26,23
"541",582,"Phillips Ave & 83rd St",41.7445253333333,-87.5650933333333,25,17,6,3,19,14,42,33,9
"542",583,"Stony Island Ave & 82nd St",41.7465828333333,-87.5859933333333,39,38,30,28,9,10,77,19,58
"543",584,"Ellis Ave & 83rd St",41.744123,-87.599034,13,13,4,4,9,9,26,18,8
"544",585,"Cottage Grove Ave & 83rd St",41.7434308333333,-87.6048673333333,28,32,9,12,19,20,60,39,21
"545",586,"MLK Jr Dr & 83rd St",41.7431245,-87.6148353333333,21,15,12,7,9,8,36,17,19
"546",587,"Wabash Ave & 83rd St",41.7432651666667,-87.6228021666667,11,11,7,5,4,6,22,10,12
"547",588,"South Chicago Ave & 83rd St",41.743921,-87.575225,6,3,2,3,4,0,9,0,5
"548",589,"Milwaukee Ave & Cuyler Ave",41.9544913333333,-87.7496405,136,142,78,79,58,63,278,121,157
"549",590,"Kilbourn Ave & Irving Park Rd",41.953795,-87.7406801666667,90,97,41,47,49,50,187,99,88
"550",591,"Kilbourn Ave & Milwaukee Ave",41.9488513333333,-87.7400633333333,68,72,23,23,45,49,140,94,46
"551",592,"Knox Ave & Montrose Ave",41.9606948333333,-87.7454561666667,76,79,35,36,41,43,155,84,71
"552",593,"Halsted St & 59th St",41.787539,-87.644874,11,13,2,2,9,11,24,20,4
"553",594,"Western Blvd & 48th Pl",41.8057185,-87.6833778333333,47,53,26,29,21,24,100,45,55
"554",595,"Wabash Ave & 87th St",41.7366303333333,-87.6226371666667,25,28,11,15,14,13,53,27,26
"555",596,"Benson Ave & Church St",42.0481998333333,-87.6835595,666,664,253,239,413,425,1330,838,492
"556",597,"Chicago Ave & Washington St",42.0326175,-87.6792138333333,490,489,231,221,259,268,979,527,452
"557",598,"Elmwood Ave & Austin St",42.025871,-87.6840803333333,151,160,99,94,52,66,311,118,193
"558",599,"Valli Produce - Evanston Plaza",42.0396983333333,-87.6994403333333,190,192,79,74,111,118,382,229,153
"559",600,"Dodge Ave & Church St",42.0483051666667,-87.6984701666667,147,140,91,83,56,57,287,113,174
"560",601,"Central St Metra",42.0638321666667,-87.6987341666667,176,177,59,58,117,119,353,236,117
"561",602,"Central St & Girard Ave",42.0642653333333,-87.6861581666667,186,205,75,71,111,134,391,245,146
"562",603,"Chicago Ave & Sheridan Rd",42.0505378333333,-87.6779321666667,354,389,92,87,262,302,743,564,179
"563",604,"Sheridan Rd & Noyes St (NU)",42.0582198333333,-87.6774953333333,356,358,72,66,284,292,714,576,138
"564",605,"University Library (NU)",42.0529011666667,-87.6733538333333,351,339,138,119,213,220,690,433,257
"565",619,"Keystone Ave & Fullerton Ave",41.9245108333333,-87.7278771666667,138,150,68,69,70,81,288,151,137
"566",620,"Orleans St & Chestnut St (NEXT Apts)",41.8980893333333,-87.6376181666667,1347,1360,309,311,1038,1049,2707,2087,620
"567",621,"Aberdeen St & Randolph St",41.8841958333333,-87.6542436666667,881,960,240,244,641,716,1841,1357,484
"568",622,"California Ave & Cortez St",41.9004106666667,-87.696665,492,526,166,173,326,353,1018,679,339
"569",623,"Michigan Ave & 8th St",41.8725983333333,-87.6239948333333,2095,2035,279,280,1816,1755,4130,3571,559
"570",624,"Dearborn St & Van Buren St",41.8761746666667,-87.6292095,681,651,180,174,501,477,1332,978,354
"571",625,"Chicago Ave & Dempster St",42.0415793333333,-87.680669,330,328,118,109,212,219,658,431,227
"572",626,"Delano Ct & Roosevelt Rd",41.867478,-87.632252,845,781,198,180,647,601,1626,1248,378
"573",627,"LaSalle Dr & Huron St",41.8948733333333,-87.6325301666667,1622,1624,394,399,1228,1225,3246,2453,793
"574",628,"Walsh Park",41.914573,-87.668001,637,632,78,77,559,555,1269,1114,155
"575",630,"Kildare Ave & Montrose Ave",41.961002,-87.7356885,116,119,37,36,79,83,235,162,73
"576",631,"Malcolm X College",41.877643,-87.6738815,103,103,18,19,85,84,206,169,37
"577",632,"Clark St & Newport St",41.94458,-87.6548058333333,2337,2372,534,534,1803,1838,4709,3641,1068
"578",635,"Fairbanks St & Superior St",41.8955338333333,-87.6201051666667,935,1052,182,174,753,878,1987,1631,356
"579",636,"Orleans St & Hubbard St",41.8899963333333,-87.6368181666667,829,868,199,193,630,675,1697,1305,392
"580",637,"Wood St & Chicago Ave",41.8956541666667,-87.6721083333333,645,662,154,154,491,508,1307,999,308
"581",638,"Clinton St & Jackson Blvd",41.8779728333333,-87.640007,804,707,216,185,588,522,1511,1110,401
"582",639,"Lakefront Trail & Wilson Ave",41.965841,-87.6455036666667,1316,1306,167,165,1149,1141,2622,2290,332
"583",640,"Bernard St & Elston Ave",41.9499033333333,-87.7139238333333,110,121,50,50,60,71,231,131,100
"584",641,"Central Park Ave & Bloomingdale Ave",41.9141416666667,-87.7167793333333,375,401,70,72,305,329,776,634,142
"585",642,"Latrobe Ave & Chicago Ave",41.8947226666667,-87.7569088333333,21,23,15,11,6,12,44,18,26
"586",643,"Smith Park",41.8919823333333,-87.6894063333333,223,235,93,90,130,145,458,275,183
"587",644,"Western Ave & Fillmore St",41.8685875,-87.686258,518,497,245,234,273,263,1015,536,479
"588",645,"Archer (Damen) Ave & 37th St",41.826733,-87.6831538333333,80,86,33,35,47,51,166,98,68
"589",646,"State St & 54th St",41.7966005,-87.6259255,44,40,23,21,21,19,84,40,44
"590",647,"Elizabeth St & 59th St",41.786691,-87.655859,4,4,0,0,4,4,8,8,0
"591",648,"Carpenter St & 63rd St",41.77987,-87.650919,2,2,0,0,2,2,4,4,0
"592",649,"Stewart Ave & 63rd St",41.7798345,-87.6347575,19,17,9,10,10,7,36,17,19
"593",650,"Eggleston Ave & 69th St",41.768898,-87.635876,9,8,0,0,9,8,17,17,0
"594",652,"Rhodes Ave & 71st St",41.766,-87.611726,3,1,0,0,3,1,4,4,0
"595",653,"Cornell Dr & Hayes Dr",41.7805708333333,-87.5852455,87,92,11,12,76,80,179,156,23
"596",654,"Racine Ave & Washington Blvd",41.8830365,-87.6570173333333,446,440,105,106,341,334,886,675,211
"597",655,"Hoyne Ave & Balmoral Ave",41.9799015,-87.6820256666667,181,209,71,70,110,139,390,249,141
"598",656,"Damen Ave & Walnut (Lake) St",41.8859515,-87.6770553333333,211,233,69,73,142,160,444,302,142
"599",657,"Wood St & Augusta Blvd",41.899125,-87.672213,655,635,139,136,516,499,1290,1015,275
"600",658,"Leavitt St & Division St",41.9029885,-87.6837765,361,327,75,71,286,256,688,542,146
"601",659,"Leavitt St & Chicago Ave",41.895505,-87.6820393333333,589,569,155,148,434,421,1158,855,303
"602",660,"Sheridan Rd & Columbia Ave",42.0045001666667,-87.6614778333333,566,555,145,147,421,408,1121,829,292
"603",661,"Evanston Civic Center",42.0569638333333,-87.6866475,177,188,55,52,122,136,365,258,107
"604",662,"Dodge Ave & Mulford St",42.023637,-87.6995798333333,112,115,48,46,64,69,227,133,94
"605",663,"Lincolnwood Dr & Central St",42.0647938333333,-87.7153458333333,95,91,40,29,55,62,186,117,69
"606",664,"Leavitt St & Belmont Ave",41.9393585,-87.6832805,410,419,96,94,314,325,829,639,190
"607",665,"South Chicago Ave & Elliot Ave",41.747363,-87.580046,11,9,4,2,7,7,20,14,6
"608",666,"Cherry Ave & Blackhawk St",41.907237,-87.6556491666667,127,129,36,36,91,93,256,184,72
"609",671,"HUBBARD ST BIKE CHECKING (LBS-WH-TEST)",41.8900005,-87.680231,27,72,27,14,0,0,99,0,41
"610",672,"Franklin St & Illinois St",41.891098,-87.6353458333333,1815,1789,458,448,1357,1341,3604,2698,906
"611",673,"Lincoln Park Conservatory",41.9241958333333,-87.6358271666667,1677,1627,270,245,1407,1382,3304,2789,515
"612",674,"Michigan Ave & 71st St",41.7653093333333,-87.6217008333333,15,13,9,9,6,4,28,10,18
"613",676,"WATSON TESTING - DIVVY",41.8947385,-87.7308966666667,640,577,640,577,0,0,1217,0,1217
"614",677,"Stewart Ave & 83rd St",41.7437751666667,-87.634114,11,11,4,3,7,8,22,15,7
"615",678,"Halsted St & 73rd St",41.761605,-87.64416,20,20,3,4,17,16,40,33,7
"616",679,"Ashland Ave & 74th St",41.759193,-87.6635156666667,7,7,5,5,2,2,14,4,10
"617",681,"Halsted St & 78th St",41.7525668333333,-87.6436451666667,12,18,10,11,2,7,30,9,21
"618",682,"Eberhart Ave & 91st St",41.7292238333333,-87.6117306666667,31,30,2,3,29,27,61,56,5
"619",683,"Ashland Ave & 78th St",41.7521998333333,-87.663797,28,16,10,8,18,8,44,26,18
"620",684,"Prospect Sq & 91st St",41.727972,-87.6676205,57,53,12,11,45,42,110,87,23
"621",685,"Summit Ave & 86th St",41.7378421666667,-87.6449561666667,27,29,18,15,9,14,56,23,33
"622",686,"East End Ave & 87th St",41.736828,-87.5828656666667,19,19,12,13,7,6,38,13,25
"623",687,"Loomis Blvd & 84th St",41.741486,-87.65841,35,36,1,1,34,35,71,69,2
"624",689,"Elizabeth St & 92nd St",41.7268033333333,-87.6542683333333,50,46,21,14,29,32,96,61,35
"625",690,"State St & 95th St",41.721625,-87.6228208333333,37,22,21,13,16,9,59,25,34
"626",691,"Eggleston Ave & 92nd St",41.7276188333333,-87.634883,53,46,49,44,4,2,99,6,93
"627",692,"Marquette Ave & 89th St",41.7336853333333,-87.558407,18,21,7,2,11,19,39,30,9
"628",693,"Baltimore Ave & 87th St",41.7373368333333,-87.5485073333333,39,31,20,17,19,14,70,33,37
"629",694,"Houston Ave & 92nd St",41.7282128333333,-87.5496046666667,29,25,6,4,23,21,54,44,10
"630",695,"Dauphin Ave & 103rd St",41.7073301666667,-87.6077491666667,27,18,20,8,7,10,45,17,28
"631",696,"Indiana Ave & 103rd St",41.7071785,-87.618316,45,44,15,17,30,27,89,57,32
"632",697,"Oglesby Ave & 100th St",41.713293,-87.56586,33,33,22,20,11,13,66,24,42
"633",698,"Cottage Grove Ave & 111th Pl",41.6916005,-87.6100078333333,26,23,21,19,5,4,49,9,40
"634",699,"Vernon Ave & 107th St",41.7002443333333,-87.6123136666667,24,15,24,15,0,0,39,0,39
"635",700,"Halsted St & 96th St",41.719725,-87.6428578333333,21,13,14,4,7,9,34,16,18
"636",701,"Constance Ave & 95th St",41.72208,-87.5789778333333,12,9,10,5,2,4,21,6,15
"637",702,"Greenwood Ave & 91st St",41.7286451666667,-87.5972421666667,15,10,11,7,4,3,25,7,18
"638",703,"Greenwood Ave & 97th St",41.7187306666667,-87.5970056666667,36,32,35,29,1,3,68,4,64
"639",704,"Jeffery Blvd & 91st St",41.7297421666667,-87.5758838333333,31,28,22,19,9,9,59,18,41
"640",705,"Stony Island Ave & 90th St",41.731379,-87.5858568333333,23,21,21,19,2,2,44,4,40
"641",706,"Dauphin Ave & 87th St",41.7365145,-87.6012605,19,16,16,13,3,3,35,6,29
"642",707,"Torrence Ave & 106th St",41.7028908333333,-87.5598901666667,21,16,18,13,3,3,37,6,31
"643",708,"Clyde Ave & 87th St",41.7371901666667,-87.5727128333333,9,4,8,3,1,1,13,2,11
"644",709,"Halsted St & 104th St",41.7050445,-87.642274,16,17,16,17,0,0,33,0,33
"645",710,"Burnham Greenway & 105th St",41.704575,-87.528231,9,12,5,5,4,7,21,11,10
"646",711,"Halsted St & 111th St",41.6924103333333,-87.6426323333333,18,11,17,10,1,1,29,2,27
"647",712,"Wentworth Ave & 104th St",41.7053653333333,-87.6289053333333,3,5,3,4,0,0,8,0,7
"648",713,"Major Taylor Trail & 115th St",41.6849748333333,-87.6453191666667,18,11,17,10,1,1,29,2,27
"649",714,"State St & 123rd St",41.6706658333333,-87.622708,5,5,5,5,0,0,10,0,10
"650",715,"Major Taylor Trail & 124th St",41.6687286666667,-87.6372121666667,6,1,6,1,0,0,7,0,7
"651",716,"Eberhart Ave & 131st St",41.657873,-87.6107823333333,8,5,8,5,0,0,13,0,13
"652",717,"Big Marsh Park",41.685933,-87.5736936666667,8,8,8,8,0,0,16,0,16
"653",718,"Ewing Ave & Burnham Greenway",41.7126216666667,-87.5345395,8,6,5,2,3,4,14,7,7
"654",719,"Avenue O & 118th St",41.6810098333333,-87.538001,1,1,1,1,0,0,2,0,2
"655",720,"Torrence Ave & 126th Pl",41.6662851666667,-87.5571041666667,2,0,2,0,0,0,0,0,0
"656",721,"Walden Pkwy & 100th St",41.7122388333333,-87.6676793333333,2,1,2,1,0,0,3,0,3
"657",0,"W Oakdale Ave & N Broadway",41.94,-87.64,19901,23524,19901,22735,0,0,43425,0,42636
