"","station_id","station_name","lat","long","start_n","end_n","e_start_n","e_end_n","c_start_n","c_end_n","total","classic","electric"
"1","","",41.9,-87.63,53744,58194,53744,57431,0,0,111938,0,111175
"2","13001","Michigan Ave & Washington St",41.8839840647265,-87.6246839761734,2875,2844,604,587,1730,1691,5719,3421,1191
"3","13006","LaSalle St & Washington St",41.8826725,-87.6323833333333,963,963,319,309,575,605,1926,1180,628
"4","13008","Millennium Park",41.8810317,-87.62408432,4921,4992,824,820,2812,2841,9913,5653,1644
"5","13011","Canal St & Adams St",41.879255,-87.639904,1467,1305,482,416,881,799,2772,1680,898
"6","13016","St. Clair St & Erie St",41.894345,-87.622798,2469,2544,701,697,1547,1549,5013,3096,1398
"7","13017","Franklin St & Chicago Ave",41.8967469730938,-87.6356676220894,1477,1358,409,382,983,919,2835,1902,791
"8","13021","Clinton St & Lake St",41.885637,-87.641823,1567,1555,496,492,1005,989,3122,1994,988
"9","13022","Streeter Dr & Grand Ave",41.892278,-87.612043,10217,10711,1701,1710,5946,5960,20928,11906,3411
"10","13028","900 W Harrison St",41.874754,-87.649807,586,602,121,123,429,454,1188,883,244
"11","13029","Field Museum",41.865312,-87.617867,1066,759,300,175,507,407,1825,914,475
"12","13033","Milwaukee Ave & Grand Ave",41.891578,-87.648384,1857,1858,637,630,1124,1132,3715,2256,1267
"13","13034","Michigan Ave & Pearson St",41.8967286666667,-87.6234211666667,1556,1547,311,308,990,993,3103,1983,619
"14","13036","Michigan Ave & Madison St",41.882134,-87.625125,1330,1318,287,271,814,825,2648,1639,558
"15","13037","Clinton St & Tilden St",41.875885,-87.640795,293,240,35,28,244,191,533,435,63
"16","13042","Michigan Ave & Oak St",41.90096039,-87.62377664,4808,4868,1049,1036,2927,2963,9676,5890,2085
"17","13045","Dearborn St & Erie St",41.893992,-87.629318,3242,3268,999,984,2005,2012,6510,4017,1983
"18","13050","State St & Kinzie St",41.889187,-87.627754,2205,2236,601,600,1336,1368,4441,2704,1201
"19","13053","Green St & Randolph St",41.883668,-87.64867,1787,1861,547,546,1136,1221,3648,2357,1093
"20","13056","Canal St & Monroe St",41.88169,-87.63953,567,562,167,152,364,352,1129,716,319
"21","13058","Dayton St & North Ave",41.9105780349,-87.6494219288,1191,1196,348,347,786,783,2387,1569,695
"22","13059","Bissell St & Armitage Ave",41.91844,-87.65222,2103,2123,490,489,1525,1538,4226,3063,979
"23","13061","Ashland Ave & Division St",41.90345,-87.667747,2359,2346,753,749,1451,1460,4705,2911,1502
"24","13063","Sheridan Rd & Irving Park Rd",41.9541768333333,-87.6544335,1409,1371,337,334,1044,987,2780,2031,671
"25","13068","Western Ave & Winnebago Ave",41.91552,-87.687022,989,993,319,319,592,609,1982,1201,638
"26","13071","Southport Ave & Roscoe St",41.9436743333333,-87.6639111666667,2013,2038,506,506,1384,1406,4051,2790,1012
"27","13073","Ashland Ave & Lake St",41.88592,-87.66717,383,406,136,129,218,258,789,476,265
"28","13074","Broadway & Wilson - Truman College Vaccination Site",41.9652216666667,-87.6584325,839,842,249,248,543,550,1681,1093,497
"29","13075","Wentworth Ave & Cermak Rd",41.8531418333333,-87.6318563333333,1023,1059,256,252,589,667,2082,1256,508
"30","13080","Hermitage Ave & Polk St",41.871514,-87.669886,18,15,3,3,0,0,33,0,6
"31","13081","Ogden Ave & Congress Pkwy",41.87501,-87.67328,207,148,94,54,105,85,355,190,148
"32","13083","Indiana Ave & 40th St",41.82168,-87.6216,48,35,13,12,31,22,83,53,25
"33","13084","California Ave & Milwaukee Ave",41.922695,-87.697153,1096,1101,466,465,534,570,2197,1104,931
"34","13085","Kedzie Ave & Milwaukee Ave",41.929567,-87.707857,1137,1184,513,512,530,576,2321,1106,1025
"35","13089","Damen Ave & Cullerton St",41.8549665187539,-87.6756995916366,245,278,92,93,145,167,523,312,185
"36","13091","Western Ave & 21st St",41.854109,-87.685838,276,277,150,148,119,113,553,232,298
"37","13096","California Ave & 21st St",41.8537813333333,-87.6958008333333,120,131,56,52,54,67,251,121,108
"38","13099","Halsted St & 18th St",41.857499,-87.646277,314,327,96,97,204,214,641,418,193
"39","13102","Calumet Ave & 18th St",41.857611,-87.619407,1065,1059,256,257,716,720,2124,1436,513
"40","13108","Broadway & Argyle St",41.973815,-87.65966,866,876,201,198,625,635,1742,1260,399
"41","13109","Broadway & Berwyn Ave",41.9783131666667,-87.6597736666667,757,764,161,161,551,559,1521,1110,322
"42","13124","Cannon Dr & Fullerton Ave",41.9267559875,-87.6344287848,1044,1043,148,139,575,623,2087,1198,287
"43","13128","Clark St & North Ave",41.911974,-87.631942,1447,1457,321,315,962,1000,2904,1962,636
"44","13132","Damen Ave & Chicago Ave",41.8956793333333,-87.6770711666667,1131,1163,381,373,697,753,2294,1450,754
"45","13133","Damen Ave & Cortland St",41.915983,-87.677335,1229,1278,344,350,823,839,2507,1662,694
"46","13134","Damen Ave & Madison St",41.88137,-87.67493,386,371,101,90,249,253,757,502,191
"47","13135","Blue Island Ave & 18th St",41.857556,-87.661535,518,530,137,136,318,351,1048,669,273
"48","13136","Damen Ave & Division St",41.903266,-87.678435,1094,1096,353,356,689,695,2190,1384,709
"49","13137","Broadway & Barry Ave",41.9377,-87.6441141666667,2875,2885,626,630,2108,2078,5760,4186,1256
"50","13138","Canal St & Jackson Blvd",41.877245,-87.639366,536,470,205,181,311,266,1006,577,386
"51","13139","Throop St & Taylor St",41.868968,-87.659141,631,615,164,161,449,430,1246,879,325
"52","13143","Damen Ave & Melrose Ave",41.9406,-87.6785,372,381,103,103,229,248,753,477,206
"53","13144","Seeley Ave & Roscoe St",41.943403,-87.679618,567,577,163,167,368,370,1144,738,330
"54","13146","Clark St & Armitage Ave",41.9183205,-87.6363293333333,3410,3336,811,800,2265,2264,6746,4529,1611
"55","13150","Michigan Ave & 18th St",41.857813,-87.62455,951,890,233,224,641,603,1841,1244,457
"56","13154","Sheffield Ave & Kingsbury St",41.910522,-87.653106,1412,1416,360,358,986,1009,2828,1995,718
"57","13155","Racine Ave & Randolph St",41.884069,-87.656853,442,505,114,112,320,368,947,688,226
"58","13156","Aberdeen St & Monroe St",41.880419,-87.655519,1036,1051,250,252,669,716,2087,1385,502
"59","13157","Aberdeen St & Jackson Blvd",41.8777263333333,-87.654892,1085,1087,314,305,728,730,2172,1458,619
"60","13158","Peoria St & Jackson Blvd",41.8776415962753,-87.6496177911758,1393,1408,326,327,1015,1010,2801,2025,653
"61","13160","May St & Taylor St",41.8694821,-87.6554864,798,785,180,174,559,561,1583,1120,354
"62","13162","Halsted St & 21st St",41.8537798107274,-87.6466029882431,148,162,41,39,99,116,310,215,80
"63","13163","Morgan St & 18th St",41.858086,-87.651073,468,468,137,139,285,296,936,581,276
"64","13164","Racine Ave & 18th St",41.858166,-87.656495,675,672,195,191,439,432,1347,871,386
"65","13165","Racine Ave & 13th St",41.865054,-87.656959,116,132,28,33,71,80,248,151,61
"66","13179","Clark St & Lincoln Ave",41.915689,-87.6346,3405,3433,828,829,2334,2275,6838,4609,1657
"67","13191","Sedgwick St & Webster Ave",41.922167,-87.638888,1619,1620,419,420,1120,1142,3239,2262,839
"68","13192","Halsted St & Dickens Ave",41.919936,-87.64883,1745,1775,448,447,1214,1231,3520,2445,895
"69","13193","Larrabee St & Webster Ave",41.921822,-87.64414,2911,2958,736,735,1998,2040,5869,4038,1471
"70","13194","Ogden Ave & Race Ave",41.891795,-87.658751,977,970,302,296,646,638,1947,1284,598
"71","13196","Carpenter St & Huron St",41.894556,-87.653449,898,831,363,336,503,453,1729,956,699
"72","13197","Elizabeth (May) St & Fulton St",41.8865511666667,-87.6583848333333,464,492,168,170,272,298,956,570,338
"73","13206","Loomis St & Jackson Blvd",41.877945,-87.662007,703,695,145,149,507,501,1398,1008,294
"74","13213","State St & 29th St",41.841707,-87.626938,97,95,12,13,64,55,192,119,25
"75","13215","Rhodes Ave & 32nd St",41.836208,-87.613533,502,483,112,100,333,335,985,668,212
"76","13216","State St & 33rd St",41.834734,-87.625813,678,675,124,120,517,528,1353,1045,244
"77","13217","Calumet Ave & 33rd St",41.8349,-87.61793,492,487,83,77,384,382,979,766,160
"78","13221","Wood St & Milwaukee Ave",41.907655,-87.672552,1450,1488,438,436,933,970,2938,1903,874
"79","13224","Ashland Ave & Blackhawk St",41.907066,-87.667252,1121,1126,330,323,735,749,2247,1484,653
"80","13229","Southport Ave & Belmont Ave",41.939478,-87.663748,955,963,244,242,653,668,1918,1321,486
"81","13235","Southport Ave & Waveland Ave",41.94815,-87.66394,1797,1814,467,465,1260,1264,3611,2524,932
"82","13241","Western Ave & Division St",41.902893,-87.687275,591,523,237,219,332,277,1114,609,456
"83","13242","Milwaukee Ave & Rockwell St",41.9201955620057,-87.6926591992378,535,515,171,157,331,326,1050,657,328
"84","13243","Milwaukee Ave & Wabansia Ave",41.912616,-87.681391,1486,1486,443,434,960,981,2972,1941,877
"85","13245","Claremont Ave & Hirsch St",41.907781,-87.685854,263,249,69,58,188,180,512,368,127
"86","13247","Ashland Ave & Chicago Ave",41.895966,-87.667747,986,986,319,319,624,634,1972,1258,638
"87","13248","Ashland Ave & Augusta Blvd",41.8996083333333,-87.6684578333333,733,725,220,213,484,488,1458,972,433
"88","13249","Ashland Ave & Belle Plaine Ave",41.956057,-87.668835,314,320,91,92,208,213,634,421,183
"89","13253","Lincoln Ave & Waveland Ave",41.948797,-87.675278,523,527,169,166,328,348,1050,676,335
"90","13256","California Ave & Division St",41.903029,-87.697474,456,457,158,145,245,260,913,505,303
"91","13257","Campbell Ave & North Ave",41.9105693333333,-87.6895636666667,634,624,286,282,310,315,1258,625,568
"92","13258","California Ave & North Ave",41.9102876666667,-87.6972393333333,420,412,164,162,231,209,832,440,326
"93","13259","California Ave & Francis Pl (Temp)",41.918558,-87.6974906666667,501,501,239,236,241,241,1002,482,475
"94","13263","Columbus Dr & Randolph St",41.884728,-87.619521,3004,2329,784,569,1796,1395,5333,3191,1353
"95","13265","Kingsbury St & Erie St",41.8938080562436,-87.6416972279549,1810,1753,566,546,1207,1149,3563,2356,1112
"96","13266","Stave St & Armitage Ave",41.917741,-87.691392,524,530,251,245,246,262,1054,508,496
"97","13268","Damen Ave & Wellington Ave",41.93588,-87.67842,565,576,196,197,347,353,1141,700,393
"98","13269","Ashland Ave & Wellington Ave",41.936062,-87.6698585,576,590,149,153,393,404,1166,797,302
"99","13271","Damen Ave & Clybourn Ave",41.931931,-87.677856,526,554,186,188,318,339,1080,657,374
"100","13276","Stockton Dr & Wrightwood Ave",41.93132,-87.638742,1989,1988,449,444,1393,1381,3977,2774,893
"101","13277","Broadway & Belmont Ave",41.940106,-87.645451,1683,1715,339,338,1268,1275,3398,2543,677
"102","13278","Broadway & Cornelia Ave",41.945529,-87.646439,2142,2114,536,533,1501,1500,4256,3001,1069
"103","13285","Wood St & Taylor St (Temp)",41.8692652184382,-87.6737308502197,588,575,138,164,443,404,1163,847,302
"104","13288","Damen Ave & Charleston St",41.920082,-87.677855,636,644,142,142,434,450,1280,884,284
"105","13289","Eckhart Park",41.89637337,-87.66098386,977,968,303,295,631,641,1945,1272,598
"106","13290","Noble St & Milwaukee Ave",41.90068,-87.6626,892,863,286,264,569,543,1755,1112,550
"107","13292","Kedzie Ave & Palmer Ct",41.921525,-87.707322,439,421,183,174,236,215,860,451,357
"108","13294","Greenview Ave & Diversey Pkwy",41.9325896342979,-87.6659363508224,694,694,180,176,491,487,1388,978,356
"109","13296","Ashland Ave & Wrightwood Ave",41.92883,-87.668507,650,658,139,134,468,465,1308,933,273
"110","13300","Lake Shore Dr & Monroe St",41.880958,-87.616743,6109,5882,1009,925,3488,3382,11991,6870,1934
"111","13303","Clark St & Chicago Ave",41.89675,-87.63089,1441,1425,419,409,969,941,2866,1910,828
"112","13304","Racine Ave & 15th St",41.8612666666667,-87.6563765,239,245,59,55,167,171,484,338,114
"113","13307","Laflin St & Cullerton St",41.8549145757657,-87.6635599136353,237,256,72,68,142,167,493,309,140
"114","13319","Ashland Ave & Grace St",41.950687,-87.6687,764,749,201,194,527,516,1513,1043,395
"115","13323","Broadway & Sheridan Rd",41.9528296666667,-87.649977,1392,1391,361,361,950,946,2783,1896,722
"116","13325","Broadway & Waveland Ave",41.949074,-87.648636,1952,1949,442,439,1403,1420,3901,2823,881
"117","13326","Canal St & Harrison St",41.874255,-87.639573,249,244,57,55,168,159,493,327,112
"118","13331","May St & Cullerton St",41.855136,-87.654127,200,232,56,57,124,151,432,275,113
"119","13332","Loomis St & Lexington St",41.872192,-87.6614705,1353,1323,257,253,1073,1041,2676,2114,510
"120","13338","Mies van der Rohe Way & Chicago Ave",41.89691,-87.621743,1679,1674,390,387,1140,1119,3353,2259,777
"121","13341","Canal St & Madison St",41.882091,-87.639833,1073,1052,300,288,671,647,2125,1318,588
"122","13345","Calumet Ave & 35th St",41.831379,-87.618034,188,175,15,16,143,134,363,277,31
"123","13353","Ada St & Washington Blvd",41.88283,-87.661206,856,854,190,187,639,634,1710,1273,377
"124","13354","Ashland Ave & 13th St",41.865234,-87.666507,296,305,77,76,212,220,601,432,153
"125","13379","Clarendon Ave & Gordon Ter",41.9578665241517,-87.6495051383972,1326,1336,370,369,903,906,2662,1809,739
"126","13389","Clarendon Ave & Junior Ter",41.961004,-87.649603,1157,1131,303,294,786,775,2288,1561,597
"127","13398","Blackstone Ave & Hyde Park Blvd",41.802562,-87.590368,550,524,142,135,348,324,1074,672,277
"128","13409","Sangamon St & Washington Blvd",41.883165,-87.6511,884,905,260,257,583,607,1789,1190,517
"129","13420","MLK Jr Dr & Pershing Rd",41.8246,-87.61678,160,144,47,48,103,94,304,197,95
"130","13427","Cityfront Plaza Dr & Pioneer Ct",41.890573,-87.622072,1386,1329,359,353,866,817,2715,1683,712
"131","13430","LaSalle St & Illinois St",41.890762,-87.631697,2345,2301,662,664,1411,1392,4646,2803,1326
"132","13431","Adler Planetarium",41.8661378333333,-87.6072813333333,2025,1911,320,275,1319,1254,3936,2573,595
"133","13432","Wood St & Hubbard St",41.8898728333333,-87.671524,401,414,139,141,247,264,815,511,280
"134","13434","Ashland Ave & Grand Ave",41.8911043333333,-87.6666436666667,649,645,162,161,449,451,1294,900,323
"135","15442","Ashland Ave & Archer Ave",41.8389801666667,-87.6654723333333,109,107,29,29,77,73,216,150,58
"136","15443","Shields Ave & 28th Pl",41.842733,-87.635491,143,142,45,43,91,92,285,183,88
"137","15445","Wentworth Ave & 33rd St",41.8345346666667,-87.6318185,267,266,55,55,189,192,533,381,110
"138","15446","Racine Ave & 35th St",41.83069611252,-87.6559759116,106,115,37,36,62,68,221,130,73
"139","15449","State St & Pershing Rd",41.823019,-87.6265913333333,31,33,14,13,14,16,64,30,27
"140","15470","Calumet Ave & 51st St",41.802289,-87.6180835,109,104,34,35,56,59,213,115,69
"141","15491","63rd St Beach",41.78101637196,-87.5761197602,302,289,49,42,145,145,591,290,91
"142","15529","Mies van der Rohe Way & Chestnut St",41.8985866514,-87.6219152258,2065,2057,495,498,1334,1329,4122,2663,993
"143","15530","Rush St & Superior St",41.895765,-87.625908,2246,2260,613,611,1393,1385,4506,2778,1224
"144","15534","Field Blvd & South Water St",41.8872368333333,-87.6176046666667,1329,1322,445,437,718,760,2651,1478,882
"145","15535","Desplaines St & Randolph St",41.884616,-87.644571,1353,1359,386,384,870,897,2712,1767,770
"146","15539","Desplaines St & Jackson Blvd",41.878287,-87.643909,1052,1043,309,297,701,695,2095,1396,606
"147","15541","Buckingham Fountain",41.876474,-87.6203885,2290,1939,393,294,1199,1024,4229,2223,687
"148","15542","Clinton St & Polk St",41.8715188333333,-87.640969,141,151,26,26,107,119,292,226,52
"149","15544","Shedd Aquarium",41.867226,-87.615355,3225,2988,612,541,1842,1804,6213,3646,1153
"150","15545","Burnham Harbor",41.856268,-87.613348,1658,1645,222,211,1270,1280,3303,2550,433
"151","15546","Calumet Ave & 21st St",41.85418424947,-87.6191537415,341,326,92,91,217,194,667,411,183
"152","15550","Canal St & Taylor St",41.870257,-87.639474,587,580,120,119,411,421,1167,832,239
"153","15571","Broadway & Granville Ave",41.9947796884,-87.6602845349,755,742,196,186,497,497,1497,994,382
"154","15575","Broadway & Thorndale Ave",41.98974251144,-87.6601406209,743,765,219,215,457,487,1508,944,434
"155","15578","Broadway & Ridge Ave",41.9840446107,-87.6602738295,589,561,182,165,378,367,1150,745,347
"156","15585","Budlong Woods Library",41.98366470886,-87.6964225611,88,99,19,22,61,69,187,130,41
"157","15597","Halsted St & 69th St",41.769062,-87.644614,12,14,4,4,6,7,26,13,8
"158","15599","Calumet Ave & 71st St",41.76550800581,-87.616917925,7,7,0,0,6,4,14,10,0
"159","15615","Christiana Ave & Lawrence Ave",41.9683645,-87.7117518333333,137,142,60,62,77,74,279,151,122
"160","15621","Albany Ave & Montrose Ave",41.961041,-87.705866,222,229,115,117,92,96,451,188,232
"161","15622","California Ave & Montrose Ave",41.961068,-87.695439,353,343,121,119,199,194,696,393,240
"162","15623","Campbell Ave & Montrose Ave",41.96152593287,-87.6911650414,309,317,128,127,181,183,626,364,255
"163","15624","Avondale Ave & Irving Park Rd",41.9534136666667,-87.7317735,128,114,73,69,55,36,242,91,142
"164","15628","California Ave & Byron St",41.95216219326,-87.698051113,216,244,96,94,109,136,460,245,190
"165","15631","Troy St & Elston Ave",41.94524356848,-87.7066499009,242,264,84,83,143,161,506,304,167
"166","15632","Talman Ave & Addison St",41.9466663333333,-87.6947091666667,281,299,106,105,160,179,580,339,211
"167","15634","Western Ave & Roscoe St",41.943034,-87.687288,263,283,80,82,171,191,546,362,162
"168","15640","Avers Ave & Belmont Ave",41.939408,-87.723574,169,157,71,69,83,76,326,159,140
"169","15642","California Ave & Fletcher St",41.9384116666667,-87.6981358333333,275,313,111,109,131,162,588,293,220
"170","15643","Kosciuszko Park",41.9304891666667,-87.7237891666667,194,202,77,79,93,96,396,189,156
"171","15644","Central Park Ave & Elbridge Ave",41.935337,-87.716889,171,169,67,66,87,96,340,183,133
"172","15645","Richmond St & Diversey Ave",41.9319411666667,-87.7012183333333,198,213,62,66,114,129,411,243,128
"173","15646","California Ave & Altgeld St",41.92669,-87.697668,413,437,180,176,208,233,850,441,356
"174","15648","Campbell Ave & Fullerton Ave",41.9247091666667,-87.6893005,378,375,141,138,215,212,753,427,279
"175","15650","Spaulding Ave & Armitage Ave",41.9171080347893,-87.7102209627628,384,386,116,115,241,245,770,486,231
"176","15651","Humboldt Blvd & Armitage Ave",41.91751339399,-87.7018089555,620,630,226,229,353,360,1250,713,455
"177","15652","Central Park Ave & North Ave",41.90965687563,-87.7166319516,139,149,69,72,53,60,288,113,141
"178","15653","Troy St & North Ave",41.90976930169,-87.7052804871,333,318,138,132,174,162,651,336,270
"179","15654","Spaulding Ave & Division St",41.9027288333333,-87.7091796666667,197,207,72,74,105,105,404,210,146
"180","15655","Albany Ave & Bloomingdale Ave",41.914027,-87.705126,540,513,245,225,230,232,1053,462,470
"181","15664","Artesian Ave & Hubbard St",41.8895003333333,-87.688115,200,204,120,111,68,79,404,147,231
"182","15666","California Ave & Lake St",41.88445395657,-87.6962981368,105,93,60,59,37,26,198,63,119
"183","15667","Western Ave & Monroe St",41.8797877089,-87.686112808,219,217,94,91,111,113,436,224,185
"184","15668","Western Ave & Congress Pkwy",41.8746115,-87.6862683333333,216,202,78,72,118,105,418,223,150
"185","15682","Kedzie Ave & Roosevelt Rd",41.86657,-87.7065225,29,35,16,19,12,13,64,25,35
"186","15685","Central Park Ave & Ogden Ave",41.854064,-87.715117,82,63,40,31,39,31,145,70,71
"187","15686","Kedzie Ave & 21st St",41.85353363213,-87.7050730318,19,20,4,4,15,14,39,29,8
"188","15687","Central Park Ave & 24th St",41.8481,-87.715068,27,32,9,8,12,20,59,32,17
"189","15689","California Ave & 23rd Pl",41.84910969176,-87.6951398068,89,78,26,30,59,47,167,106,56
"190","15691","Albany Ave & 26th St",41.84447501366,-87.7020130128,40,25,16,10,20,13,65,33,26
"191","15692","California Ave & 26th St",41.84404,-87.695296,20,20,10,10,8,9,40,17,20
"192","16010","Keystone Ave & Fullerton Ave",41.9245123333333,-87.7278813333333,84,103,49,47,30,50,187,80,96
"193","16806","Bosworth Ave & Howard St",42.019537,-87.669563,110,106,38,36,63,64,216,127,74
"194","16903","Cicero Ave & Lake St",41.886841,-87.745261,26,22,5,4,18,14,48,32,9
"195","16905","Central Ave & Lake St",41.887664,-87.765469,33,23,14,13,17,7,56,24,27
"196","16906","Austin Blvd & Lake St",41.887919,-87.774446,40,45,28,29,11,14,85,25,57
"197","16907","Central Park Blvd & 5th Ave",41.875679,-87.71547,34,35,20,16,14,15,69,29,36
"198","16912","Cicero Ave & Flournoy St",41.872131,-87.746619,9,4,2,2,7,2,13,9,4
"199","16913","Cicero Ave & Quincy St",41.877613,-87.745405,17,21,3,4,9,15,38,24,7
"200","16915","Central Ave & Harrison St",41.872993,-87.764499,14,16,4,5,7,10,30,17,9
"201","16916","Central Ave & Madison St",41.880121,-87.763238,24,24,3,4,21,20,48,41,7
"202","16918","Austin Blvd & Madison St",41.880281,-87.774453,43,39,9,9,22,14,82,36,18
"203","16920","Central Ave & Chicago Ave",41.8949318333333,-87.7649378333333,62,61,29,24,27,35,123,62,53
"204","16921","Austin Blvd & Chicago Ave",41.894887,-87.774704,53,56,6,6,43,47,109,90,12
"205","16932","Ashland Ave & Pershing Rd",41.8234551666667,-87.6656018333333,26,26,4,5,21,21,52,42,9
"206","16933","Morgan St & Pershing Rd",41.823613,-87.650931,16,27,4,5,9,20,43,29,9
"207","16937","Ashland Ave & McDowell Ave",41.80887,-87.66454,25,24,7,9,16,13,49,29,16
"208","16940","Ashland Ave & 50th St",41.803023,-87.664699,23,22,7,8,13,9,45,22,15
"209","16943","Ashland Ave & Garfield Blvd",41.792822,-87.664429,8,12,0,0,8,10,20,18,0
"210","16948","Ashland Ave & 63rd St",41.779374,-87.664843,12,12,8,2,3,8,24,11,10
"211","16950","Ashland Ave & 66th St",41.7741756666667,-87.6637441666667,18,17,14,13,4,4,35,8,27
"212","16953","Vincennes Ave & 75th St",41.7579915,-87.631159,6,4,3,1,1,3,10,4,4
"213","16970","Bennett Ave & 79th St",41.751785,-87.578496,11,10,4,4,2,2,21,4,8
"214","16991","Milwaukee Ave & Cuyler Ave",41.9545346666667,-87.7495841666667,63,71,28,29,31,35,134,66,57
"215","16994","Kilbourn Ave & Milwaukee Ave",41.9488181666667,-87.740008,62,61,26,23,31,29,123,60,49
"216","17660","California Ave & Cortez St",41.9002965,-87.696728,515,533,233,233,261,272,1048,533,466
"217","18003","Fairbanks St & Superior St",41.895748,-87.620104,898,940,192,191,614,648,1838,1262,383
"218","18016","Bernard St & Elston Ave",41.94993,-87.713942,187,184,111,111,63,61,371,124,222
"219","18017","Central Park Ave & Bloomingdale Ave",41.914166,-87.716755,395,397,80,78,238,247,792,485,158
"220","18022","Archer (Damen) Ave & 37th St",41.8267741666667,-87.6830981666667,70,70,21,20,27,30,140,57,41
"221","18025","Carpenter St & 63rd St",41.77987,-87.650919,3,2,0,0,3,1,5,4,0
"222","18058","Leavitt St & Chicago Ave",41.895501,-87.682017,457,463,118,120,338,330,920,668,238
"223","18062","Aberdeen St & Randolph St",41.884114,-87.654264,863,890,239,241,566,593,1753,1159,480
"224","18067","Walsh Park",41.91461,-87.667968,640,648,115,113,478,482,1288,960,228
"225","18069","Cherry Ave & Blackhawk St",41.907221,-87.655618,118,130,31,33,72,83,248,155,64
"226","20.0","Damen Ave & Wabansia Ave",41.91,-87.68,99,88,99,88,0,0,187,0,187
"227","20101","Summit Ave & 86th St",41.7378484767334,-87.6448997855186,17,13,8,6,9,6,30,15,14
"228","201022","Loomis St & 89th St",41.7323797532955,-87.6580694317818,21,12,14,6,7,6,33,13,20
"229","20103","Prospect Sq & 91st St",41.728234,-87.667524,43,42,12,8,8,9,85,17,20
"230","20104","State St & 95th St",41.7216556666667,-87.6228171666667,47,33,19,17,24,15,80,39,36
"231","20105","Halsted St & 96th St",41.7197121836188,-87.6430195569992,34,23,20,14,14,9,57,23,34
"232","20106","Chicago State University",41.7189521666667,-87.6083978333333,22,24,7,6,9,12,46,21,13
"233","20107","Walden Pkwy & 100th St",41.712164103598,-87.6677334308624,23,24,4,4,19,20,47,39,8
"234","20108","Hale Ave & 107th St",41.6991805,-87.6688545,19,14,15,7,3,5,33,8,22
"235","20109","Vernon Ave & 107th St",41.700209,-87.6124011666667,13,15,11,11,2,3,28,5,22
"236","20110","Eberhart Ave & 91st St",41.729425278021,-87.6095294952392,15,10,4,2,10,5,25,15,6
"237","20112","Indiana Ave & 103rd St",41.7071702711776,-87.6184719800949,13,13,7,5,6,6,26,12,12
"238","20113","Dauphin Ave & 103rd St",41.7072503677818,-87.6076626777649,20,15,9,5,11,8,35,19,14
"239","20116","Dauphin Ave & 87th St",41.7365003333333,-87.6012903333333,21,16,7,2,5,6,37,11,9
"240","20118","Eggleston Ave & 92nd St",41.7276021666667,-87.6348751666667,10,11,9,9,1,2,21,3,18
"241","20119","Elizabeth St & 92nd St",41.7267898333333,-87.6543305,19,14,6,2,13,12,33,25,8
"242","20120","Stewart Ave & 83rd St",41.743717,-87.634088,18,9,7,1,8,5,27,13,8
"243","20121","Loomis Blvd & 84th St",41.7415688333333,-87.658426,28,24,9,7,16,15,52,31,16
"244","20123","Western Ave & 104th St",41.704587,-87.681203,14,11,7,3,3,3,25,6,10
"245","20124","Vincennes Ave & 104th St",41.704926,-87.656868,13,9,2,1,9,7,22,16,3
"246","20125","Halsted St & 104th St",41.7051586666667,-87.6424086666667,19,14,14,8,5,6,33,11,22
"247","20127","Halsted St & 111th St",41.6922841666667,-87.642634,18,16,8,5,7,6,34,13,13
"248","20128","S Wentworth Ave & W 111th St",41.69,-87.63,1,2,1,2,0,0,3,0,3
"249","20129","Ada St & 113th St",41.6875661666667,-87.655353,20,16,14,10,3,3,36,6,24
"250","20130","Wentworth Ave & 104th St",41.705308,-87.629217,7,9,4,5,1,3,16,4,9
"251","20131","Cottage Grove Ave & 111th Pl",41.6916475,-87.609982,19,13,3,2,11,7,32,18,5
"252","20133","Woodlawn & 103rd - Olive Harvey Vaccination Site",41.71,-87.59,1,2,1,2,0,0,3,0,3
"253","20201","Kedzie Ave & 104th St",41.7,-87.7,2,2,2,2,0,0,4,0,4
"254","20202","W 103rd St & S Avers Ave",41.71,-87.72,1,1,1,1,0,0,2,0,2
"255","20203","Lawndale Ave & 111th St",41.691319,-87.712886,40,36,13,8,8,10,76,18,21
"256","20204","Kedzie Ave & 110th St",41.6923947458756,-87.7009606361389,20,10,10,3,7,4,30,11,13
"257","20205","Western Ave & 111th St",41.691211,-87.681297,21,21,1,4,11,11,42,22,5
"258","20206","Homewood Ave & 115th St",41.6845998333333,-87.6708343333333,33,30,31,26,1,3,63,4,57
"259","20207","Major Taylor Trail & 115th St",41.684931595193,-87.6452887058258,26,18,23,16,3,2,44,5,39
"260","20208","Major Taylor Trail & 124th St",41.6687765,-87.6371646666667,30,21,17,9,3,2,51,5,26
"261","20210","State St & 123rd St",41.6706438368798,-87.6225864887238,25,24,18,18,6,5,49,11,36
"262","20211","Eberhart Ave & 131st St",41.6579878333333,-87.6107971666667,24,20,15,12,1,1,44,2,27
"263","20212","Altgeld Gardens",41.657077,-87.5988705,8,10,4,1,4,9,18,13,5
"264","20213","Commercial Ave & 130th St",41.65915,-87.550762,21,21,10,8,5,6,42,11,18
"265","20214","Avenue O & 134th St",41.651868,-87.539671,21,18,18,14,2,2,39,4,32
"266","20215","Hegewisch Metra Station",41.6485746666667,-87.5462238333333,11,9,5,5,0,0,20,0,10
"267","20217","Torrence Ave & 126th Pl",41.6662741666667,-87.5572258333333,2,0,2,0,0,0,0,0,0
"268","20218","Avenue O & 118th St",41.6810313333333,-87.5380455,15,18,9,8,6,9,33,15,17
"269","20221","Torrence Ave & 106th St",41.7028008502259,-87.5597262382507,5,1,4,0,1,1,6,2,0
"270","20222","Burnham Greenway & 105th St",41.7046283333333,-87.5284013333333,26,24,11,12,10,10,50,20,23
"271","20223","Ewing Ave & Burnham Greenway",41.712749,-87.534814,10,9,8,6,0,0,19,0,14
"272","20224","Calumet Park",41.71371,-87.530844,91,88,50,45,22,22,179,44,95
"273","20225","Commercial Ave & 100th St",41.7133168333333,-87.5512996666667,16,5,15,5,1,0,21,0,20
"274","20226","Oglesby Ave & 100th St",41.713291,-87.5658825,5,5,3,3,2,2,10,4,6
"275","20227","Bradley Park",41.717878301935,-87.5645917654037,17,10,14,9,3,1,27,4,23
"276","20228","Constance Ave & 95th St",41.7220763333333,-87.5789726666667,5,4,1,2,4,2,9,6,3
"277","20229","Baltimore Ave & 87th St",41.7373558333333,-87.5484755,37,32,22,17,15,15,69,30,39
"278","20230","Clyde Ave & 87th St",41.7371514643106,-87.572740316391,23,24,9,6,13,16,47,29,15
"279","20231","East End Ave & 87th St",41.7368152144067,-87.5828012824059,25,21,12,7,11,11,46,22,19
"280","20232","Big Marsh Park",41.6859056666667,-87.5737656666667,52,49,31,26,5,5,101,10,57
"281","20233","Halsted St & 78th St",41.7525355,-87.6436738333333,17,15,12,4,4,9,32,13,16
"282","20234","Ashland Ave & 78th St",41.7522048494112,-87.663699388504,13,13,11,3,2,10,26,12,14
"283","20235","Greenwood Ave & 91st St",41.7282642681627,-87.5972986221313,2,3,0,0,2,3,5,5,0
"284","20236","Stony Island Ave & 90th St",41.7313949433024,-87.5857436656952,8,12,2,4,6,8,20,14,6
"285","20238","Greenwood Ave & 97th St",41.718703,-87.597036,41,38,32,26,5,9,79,14,58
"286","20239","Marquette Ave & 89th St",41.7336687907147,-87.558342218399,20,20,13,11,5,7,40,12,24
"287","20242","Houston Ave & 92nd St",41.728204215358,-87.5497001409531,14,5,9,0,2,4,19,6,0
"288","20243","Michigan Ave & 114th St",41.6870147946712,-87.6210522651672,24,21,11,3,13,17,45,30,14
"289","20244","Halsted St & 73rd St",41.7616505,-87.6440888333333,15,12,14,7,1,5,27,6,21
"290","20245","Ashland Ave & 74th St",41.7592360242587,-87.6634740829468,3,3,0,0,3,3,6,6,0
"291","20246.0","N Green St & W Lake St",41.89,-87.65,177,98,177,98,0,0,275,0,275
"292","20247.0","W Washington Blvd & N Peoria St",41.88,-87.65,30,15,30,15,0,0,45,0,45
"293","202480.0","Hampden Ct & Diversey Ave",41.93,-87.64,3,17,3,17,0,0,20,0,20
"294","20249.0","N Clark St & W Elm St",41.9,-87.63,1,0,1,0,0,0,0,0,0
"295","20251.0","N Carpenter St & W Lake St",41.89,-87.65,13,11,13,11,0,0,24,0,24
"296","20252.0","W Oakdale Ave & N Broadway",41.94,-87.64,205,136,205,136,0,0,341,0,341
"297","20253.0","N Paulina St & Lincoln Ave",41.94,-87.67,14,14,14,14,0,0,28,0,28
"298","20254.0","W Armitage Ave & N Sheffield Ave",41.92,-87.65,32,18,32,18,0,0,50,0,50
"299","20256.0","N Sheffield Ave & W Wellington Ave",41.94,-87.65,69,48,69,48,0,0,117,0,117
"300","20257.0","N Southport Ave & W Newport Ave",41.94,-87.66,56,54,56,54,0,0,110,0,110
"301","331","Halsted St & Clybourn Ave",41.9095948333333,-87.6481188333333,1855,1886,507,504,1265,1318,3741,2583,1011
"302","514","Ridge Blvd & Howard St",42.019276,-87.68452,54,49,22,24,29,24,103,53,46
"303","515","Paulina St & Howard St",42.0191608333333,-87.6735648333333,180,151,51,39,112,110,331,222,90
"304","517","Clark St & Jarvis Ave",42.015963,-87.675005,100,88,30,29,65,55,188,120,59
"305","518","Conservatory Dr & Lake St",41.8854823333333,-87.7168801666667,144,131,78,66,54,55,275,109,144
"306","519","Wolcott Ave & Fargo Ave",42.016944,-87.6776908333333,72,63,32,34,31,23,135,54,66
"307","520","Greenview Ave & Jarvis Ave",42.015962,-87.66857,302,308,114,112,175,186,610,361,226
"308","523","Eastlake Ter & Rogers Ave",42.0208872805206,-87.6650579273701,269,277,71,74,181,181,546,362,145
"309","525","Glenwood Ave & Touhy Ave",42.012701,-87.666058,211,216,43,41,160,167,427,327,84
"310","527","Western Ave & Howard St",42.018901,-87.690048,105,94,41,33,56,58,199,114,74
"311","528","Pulaski Rd & Lake St",41.8852675,-87.7265668333333,33,38,24,28,8,8,71,16,52
"312","530","Laramie Ave & Kinzie St",41.887832,-87.755527,14,11,7,8,5,3,25,8,15
"313","534","Karlov Ave & Madison St",41.88085,-87.727907,7,7,0,0,7,6,14,13,0
"314","535","Pulaski Rd & Congress Pkwy",41.874325,-87.725704,21,20,3,2,12,14,41,26,5
"315","536","Kostner Ave & Lake St",41.8859145,-87.7353675,10,8,5,4,5,4,18,9,9
"316","537","Kenton Ave & Madison St",41.880708,-87.741018,11,11,1,1,6,7,22,13,2
"317","540","Laramie Ave & Madison St",41.880207,-87.755337,15,11,2,2,10,7,26,17,4
"318","543","Laramie Ave & Gladys Ave",41.875806,-87.755285,4,6,1,2,3,4,10,7,3
"319","545","Kostner Ave & Adams St",41.877917,-87.735737,16,11,1,1,15,9,27,24,2
"320","546","Damen Ave & Pershing Rd",41.823192,-87.676597,78,70,41,38,21,22,148,43,79
"321","549","Marshfield Ave & 44th St",41.814023,-87.6666816666667,22,29,18,17,4,12,51,16,35
"322","553","Elizabeth St & 47th St",41.80839,-87.656526,9,7,2,1,7,6,16,13,3
"323","554","Damen Ave & 51st St",41.800908,-87.674684,8,4,0,0,7,1,12,8,0
"324","556","Throop St & 52nd St",41.799659,-87.657195,10,5,2,1,6,2,15,8,3
"325","557","Seeley Ave & Garfield Blvd",41.794087,-87.675478,14,13,3,5,11,8,27,19,8
"326","559","Racine Ave & Garfield Blvd",41.7942426666667,-87.6550936666667,12,15,4,3,7,10,27,17,7
"327","560","Marshfield Ave & 59th St",41.786833,-87.666215,9,9,0,0,7,7,18,14,0
"328","561","Damen Ave & 59th St",41.7847700757289,-87.6739065349102,7,9,2,2,3,4,16,7,4
"329","562","Racine Ave & 61st St",41.783189,-87.654372,1,0,0,0,1,0,0,0,0
"330","564","Racine Ave & 65th St",41.775393,-87.654308,4,3,1,1,2,1,7,3,2
"331","567","May St & 69th St",41.768938,-87.652934,28,28,17,18,11,10,56,21,35
"332","569","Woodlawn Ave & 75th St",41.75916,-87.595751,9,9,3,1,6,6,18,12,4
"333","570","Evans Ave & 75th St",41.75849,-87.60641,17,11,0,0,13,7,28,20,0
"334","571","Vernon Ave & 75th St",41.758361,-87.614138,38,29,19,14,19,14,67,33,33
"335","572","State St & 76th St",41.757178,-87.6246346666667,4,3,1,1,3,2,7,5,2
"336","573","State St & 79th St",41.7507676666667,-87.6244755,37,33,15,14,22,16,70,38,29
"337","574","Vernon Ave & 79th St",41.75094,-87.61379,23,16,8,8,13,7,39,20,16
"338","575","Cottage Grove Ave & 78th St",41.753174,-87.605026,34,25,11,9,18,11,59,29,20
"339","576","Greenwood Ave & 79th St",41.751294,-87.597552,18,13,5,7,8,4,31,12,12
"340","577","Stony Island Ave & South Chicago Ave",41.751173,-87.585337,32,24,9,9,18,11,56,29,18
"341","579","Phillips Ave & 79th St",41.75182,-87.565211,44,48,16,14,22,27,92,49,30
"342","580","Exchange Ave & 79th St",41.751731,-87.552812,21,18,8,9,5,3,39,8,17
"343","582","Phillips Ave & 83rd St",41.7445231666667,-87.5651173333333,12,15,6,5,5,9,27,14,11
"344","583","Stony Island Ave & 82nd St",41.746559,-87.586005,45,42,31,31,11,8,87,19,62
"345","584","Ellis Ave & 83rd St",41.744123,-87.599034,13,10,0,0,11,7,23,18,0
"346","585","Cottage Grove Ave & 83rd St",41.743441,-87.604836,17,16,4,4,10,10,33,20,8
"347","586","MLK Jr Dr & 83rd St",41.7430323333333,-87.614817,3,4,2,2,1,2,7,3,4
"348","587","Wabash Ave & 83rd St",41.743316,-87.622849,9,7,1,1,6,4,16,10,2
"349","588","South Chicago Ave & 83rd St",41.7439758333333,-87.5752065,17,19,4,4,11,15,36,26,8
"350","590","Kilbourn Ave & Irving Park Rd",41.953733,-87.740569,56,45,22,21,28,21,101,49,43
"351","592","Knox Ave & Montrose Ave",41.960631,-87.745359,64,67,34,35,24,27,131,51,69
"352","593","Halsted St & 59th St",41.787539,-87.644874,6,6,1,0,4,6,12,10,0
"353","594","Western Blvd & 48th Pl",41.805661,-87.683392,41,44,19,18,16,21,85,37,37
"354","595","Wabash Ave & 87th St",41.736646,-87.622634,42,36,10,7,26,23,78,49,17
"355","596","Benson Ave & Church St",42.048214,-87.683485,628,644,182,185,400,391,1272,791,367
"356","598","Elmwood Ave & Austin St",42.025784,-87.684107,67,81,38,39,24,35,148,59,77
"357","599","Valli Produce - Evanston Plaza",42.039742,-87.699413,128,113,59,56,64,56,241,120,115
"358","600","Dodge Ave & Church St",42.048308,-87.698224,54,68,13,13,39,48,122,87,26
"359","604","Sheridan Rd & Noyes St (NU)",42.058239,-87.677432,721,695,160,160,483,473,1416,956,320
"360","605","University Library (NU)",42.052939,-87.673447,304,308,70,68,213,209,612,422,138
"361","620","Orleans St & Chestnut St (NEXT Apts)",41.898203,-87.637536,1047,1056,294,296,720,714,2103,1434,590
"362","623","Michigan Ave & 8th St",41.872773,-87.623981,2280,2138,502,454,1259,1233,4418,2492,956
"363","624","Dearborn St & Van Buren St",41.876268,-87.629155,839,823,178,169,557,554,1662,1111,347
"364","631","Malcolm X College Vaccination Site",41.8776146666667,-87.6738273333333,128,107,27,26,99,73,235,172,53
"365","632","Clark St & Newport St",41.94454,-87.654678,2544,2529,746,739,1631,1632,5073,3263,1485
"366","636","Orleans St & Hubbard St",41.890028,-87.636618,930,932,323,320,577,588,1862,1165,643
"367","637","Wood St & Chicago Ave",41.895634,-87.672069,630,638,191,195,416,412,1268,828,386
"368","638","Clinton St & Jackson Blvd",41.8783166118307,-87.6409810781479,941,937,279,285,611,592,1878,1203,564
"369","639","Lakefront Trail & Wilson Ave",41.965845,-87.645361,1079,1071,156,153,750,753,2150,1503,309
"370","642","Latrobe Ave & Chicago Ave",41.894745,-87.756895,11,15,6,5,5,10,26,15,11
"371","643","Smith Park",41.892048,-87.689397,222,230,95,94,111,122,452,233,189
"372","644","Western Ave & Fillmore St",41.8686111666667,-87.6862645,463,438,262,244,198,186,901,384,506
"373","646","State St & 54th St",41.796642,-87.625923,24,21,7,7,15,14,45,29,14
"374","647","Elizabeth St & 59th St",41.786691,-87.655859,9,7,5,6,4,1,16,5,11
"375","649","Stewart Ave & 63rd St",41.779835,-87.634774,11,11,2,3,8,6,22,14,5
"376","650","Eggleston Ave & 69th St",41.768898,-87.635876,28,12,15,7,11,5,40,16,22
"377","651","Michigan Ave & 71st St",41.765286,-87.621748,14,11,3,3,9,7,25,16,6
"378","652","Rhodes Ave & 71st St",41.766,-87.611726,5,5,2,2,1,2,10,3,4
"379","653","Cornell Dr & Hayes Dr",41.780595,-87.584846,102,91,11,10,47,45,193,92,21
"380","654","Racine Ave & Washington Blvd",41.883073,-87.656952,503,531,127,130,344,378,1034,722,257
"381","655","Hoyne Ave & Balmoral Ave",41.9798925,-87.6820138333333,250,243,101,95,147,138,493,285,196
"382","657","Wood St & Augusta Blvd",41.8991873333333,-87.672203,517,494,158,151,342,314,1011,656,309
"383","658","Leavitt St & Division St",41.902998,-87.6837966666667,430,402,171,148,240,236,832,476,319
"384","660","Sheridan Rd & Columbia Ave",42.004583,-87.661406,477,474,127,129,320,313,951,633,256
"385","661","Evanston Civic Center",42.057044,-87.686554,181,185,56,54,118,111,366,229,110
"386","662","Dodge Ave & Mulford St",42.023463,-87.699595,52,62,16,16,32,36,114,68,32
"387","665","South Chicago Ave & Elliot Ave",41.747363,-87.580046,1,0,0,0,1,0,0,0,0
"388","E002","Chicago Ave & Washington St",42.032562,-87.679101,411,422,121,119,270,278,833,548,240
"389","E006","Central St Metra",42.063598,-87.69873,125,120,31,28,83,79,245,162,59
"390","E007","Central St & Girard Ave",42.064313,-87.686152,95,81,25,24,57,54,176,111,49
"391","E008","Chicago Ave & Sheridan Rd",42.050491,-87.677821,498,502,80,78,372,375,1000,747,158
"392","E011","Dodge Ave & Main St",42.0348376666667,-87.6992101666667,46,44,16,16,25,26,90,51,32
"393","E014","Lincolnwood Dr & Central St",42.064854,-87.715297,95,117,11,21,76,86,212,162,32
"394","Hubbard Bike-checking (LBS-WH-TEST)","Base - 2132 W Hubbard Warehouse",41.8899545160741,-87.6806509494781,32,63,16,10,16,22,95,38,26
"395","KA1503000001","Shields Ave & 43rd St",41.81620767856,-87.6348193497,16,14,6,3,9,10,30,19,9
"396","KA1503000002","South Shore Dr & 71st St",41.766409,-87.565688,278,277,99,101,139,138,555,277,200
"397","KA1503000003","Cottage Grove Ave & 71st St",41.76571903697,-87.604959713,10,12,3,3,6,6,22,12,6
"398","KA1503000004","Lake Park Ave & 35th St",41.831268,-87.6088285,475,503,67,65,226,247,978,473,132
"399","KA1503000005","Wentworth Ave & 35th St",41.830777,-87.632504,200,147,52,37,122,86,347,208,89
"400","KA1503000007","Cornell Ave & Hyde Park Blvd",41.802406,-87.586924,817,799,158,152,566,558,1616,1124,310
"401","KA1503000009","Princeton Ave & 47th St",41.80931770924,-87.633449288,48,32,14,14,32,15,80,47,28
"402","KA1503000010","Halsted St & 51st St",41.80183164049,-87.645213904,9,8,1,1,8,6,17,14,2
"403","KA1503000011","Halsted St & 56th St",41.79292964599,-87.6449900565,14,13,2,2,11,8,27,19,4
"404","KA1503000012","Clark St & Lake St",41.8858426666667,-87.6309196666667,1702,1555,483,418,1068,1009,3257,2077,901
"405","KA1503000013","Princeton Ave & Garfield Blvd",41.794982,-87.633124,45,34,15,7,28,26,79,54,22
"406","KA1503000014","Ellis Ave & 60th St",41.785097,-87.601073,1744,1717,517,507,1170,1133,3461,2303,1024
"407","KA1503000015","Wabash Ave & Adams St",41.87947235235,-87.6256886059,1134,1128,234,233,712,695,2262,1407,467
"408","KA1503000018","Jeffery Blvd & 71st St",41.76663823695,-87.5764501141,41,50,11,12,23,20,91,43,23
"409","KA1503000019","Stony Island Ave & 75th St",41.7586696704,-87.586882871,45,49,18,18,24,29,94,53,36
"410","KA1503000020","South Shore Dr & 74th St",41.7623206666667,-87.5592051666667,68,62,29,30,30,23,130,53,59
"411","KA1503000021","Stony Island Ave & 64th St",41.778881,-87.586647,67,58,18,11,35,33,125,68,29
"412","KA1503000022","Clark St & Montrose Ave",41.961588,-87.666036,583,523,139,135,416,370,1106,786,274
"413","KA1503000023","Stony Island Ave & 67th St",41.773458,-87.58534,70,64,15,12,37,32,134,69,27
"414","KA1503000024","Yates Blvd & 75th St",41.758768,-87.56644,30,20,2,1,16,13,50,29,3
"415","KA1503000025","Wentworth Ave & 63rd St",41.7800818333333,-87.62979,27,16,11,11,11,5,43,16,22
"416","KA1503000027","Prairie Ave & 43rd St",41.81665889302,-87.6194124619,115,104,32,26,72,69,219,141,58
"417","KA1503000028","Jeffery Blvd & 76th St",41.75712006802,-87.5758393587,32,28,9,5,14,14,60,28,14
"418","KA1503000029","South Shore Dr & 67th St",41.773643,-87.567514,191,185,48,44,116,110,376,226,92
"419","KA1503000030","Jeffery Blvd & 67th St",41.77351755125,-87.5771428255,112,88,25,17,54,50,200,104,42
"420","KA1503000031","Cottage Grove Ave & 67th St",41.7736918333333,-87.6056113333333,20,17,4,2,15,15,37,30,6
"421","KA1503000032","Union Ave & Root St",41.819102,-87.643278,107,103,50,54,46,43,210,89,104
"422","KA1503000033","Eberhart Ave & 61st St",41.784093,-87.6133126666667,49,49,14,14,21,26,98,47,28
"423","KA1503000034","LaSalle St & Adams St",41.87934437346,-87.6319852213,503,497,139,136,312,310,1000,622,275
"424","KA1503000038","Shields Ave & 31st St",41.838464,-87.635406,262,258,60,61,199,191,520,390,121
"425","KA1503000040","Loomis St & Archer Ave",41.84163253965,-87.6574349533,125,119,45,41,72,69,244,141,86
"426","KA1503000041","McClurg Ct & Erie St",41.8943338333333,-87.6178288333333,2014,2040,482,470,1381,1382,4054,2763,952
"427","KA1503000043","Kingsbury St & Kinzie St",41.88917683258,-87.6385057718,3024,2893,892,820,2021,1993,5917,4014,1712
"428","KA1503000044","Rush St & Hubbard St",41.890173,-87.626185,1132,1134,308,299,679,654,2266,1333,607
"429","KA1503000045","Stony Island Ave & 71st St",41.7664929373,-87.5864608775,46,44,22,20,19,23,90,42,42
"430","KA1503000046","Dorchester Ave & 63rd St",41.7804056457,-87.5914159893,103,105,20,20,78,70,208,148,40
"431","KA1503000047","Perry Ave & 69th St",41.7692528333333,-87.6282551666667,50,45,33,32,16,12,95,28,65
"432","KA1503000049","Rainbow Beach",41.75787144829,-87.54938625,48,45,5,3,43,42,93,85,8
"433","KA1503000051","Halsted St & 47th Pl",41.8081631666667,-87.645658,65,62,42,42,21,17,127,38,84
"434","KA1503000052","Ellis Ave & 53rd St",41.79933626261,-87.6009581145,804,793,198,196,568,554,1597,1122,394
"435","KA1503000053","MLK Jr Dr & 63rd St",41.78008063659,-87.6159428567,34,32,9,6,24,23,66,47,15
"436","KA1503000054","Cottage Grove Ave & 63rd St",41.7806009452142,-87.6058360934258,65,73,18,18,41,45,138,86,36
"437","KA1503000055","Halsted & 63rd - Kennedy-King Vaccination Site",41.77938114228,-87.6446208145,18,15,4,3,14,11,33,25,7
"438","KA1503000059","Lake Park Ave & 53rd St",41.79949429373,-87.5864498959,811,848,188,184,511,562,1659,1073,372
"439","KA1503000064","Dusable Harbor",41.886976,-87.612813,2811,2673,575,535,1452,1692,5484,3144,1110
"440","KA1503000065","Woodlawn Ave & Lake Park Ave",41.81409271048,-87.5970051479,198,163,58,52,117,89,361,206,110
"441","KA1503000066","Wood St & 35th St",41.83010465416,-87.6702983089,47,55,14,14,33,35,102,68,28
"442","KA1503000068","Leavitt St & Archer Ave",41.828792,-87.680604,102,106,29,31,67,65,208,132,60
"443","KA1503000069","Dorchester Ave & 49th St",41.805772,-87.592464,144,139,57,57,69,67,283,136,114
"444","KA1503000070","Harper Ave & 59th St",41.78794281287,-87.5883151702,327,327,63,63,237,234,654,471,126
"445","KA1503000071","University Ave & 57th St",41.791478,-87.599861,1427,1406,255,252,1102,1076,2833,2178,507
"446","KA1503000072","Wacker Dr & Washington St",41.8834921666667,-87.6372918333333,829,811,298,296,483,481,1640,964,594
"447","KA1503000073","MLK Jr Dr & 56th St",41.7934705,-87.615873,53,37,18,11,33,22,90,55,29
"448","KA1503000074","Museum of Science and Industry",41.79172820953,-87.583945009,767,768,162,162,482,481,1535,963,324
"449","KA1503000075","DuSable Museum",41.791568,-87.607852,68,54,13,13,37,33,122,70,26
"450","KA1504000076","Ellis Ave & 55th St",41.79430062054,-87.6014497734,1221,1213,290,290,869,880,2434,1749,580
"451","KA1504000078","Lincoln Ave & Winona St",41.97491129677,-87.6925025594,258,278,101,101,143,159,536,302,202
"452","KA1504000079","Larrabee St & Division St",41.90348607004,-87.6433534936,1354,1263,340,328,956,887,2617,1843,668
"453","KA1504000080","Washtenaw Ave & Lawrence Ave",41.9686938333333,-87.6961685,330,324,174,169,141,145,654,286,343
"454","KA1504000082","Kedzie Ave & Harrison St",41.87359967462,-87.7048707493,20,37,10,14,8,18,57,26,24
"455","KA1504000086","Kedzie Ave & 24th St",41.848191,-87.705414,13,16,3,2,8,7,29,15,5
"456","KA1504000090","St. Louis Ave & Fullerton Ave",41.9248978333333,-87.7145318333333,290,306,123,126,139,153,596,292,249
"457","KA1504000091","Hoyne Ave & 47th St",41.808227,-87.67718,21,24,8,6,10,15,45,25,14
"458","KA1504000093","Rockwell St & Eastwood Ave",41.9658085,-87.6936578333333,359,361,174,172,170,179,720,349,346
"459","KA1504000096","Sawyer Ave & Irving Park Rd",41.95358617895,-87.7093107999,117,127,58,59,49,59,244,108,117
"460","KA1504000097","Drake Ave & Montrose Ave",41.96115407569,-87.7165690733,168,147,55,56,102,82,315,184,111
"461","KA150400009X","Kimball Ave & Belmont Ave",41.939398,-87.711561,187,181,67,68,106,101,368,207,135
"462","KA1504000101","Ogden Ave & Roosevelt Rd",41.8665435,-87.6845688333333,137,104,39,23,94,75,241,169,62
"463","KA1504000102","Fairfield Ave & Roosevelt Rd",41.866624,-87.694521,50,48,25,25,19,15,98,34,50
"464","KA1504000103","Western Ave & Walton St",41.89841768945,-87.6865960164,734,682,253,212,445,436,1416,881,465
"465","KA1504000104","Paulina St & Flournoy St",41.8729718333333,-87.6688421666667,933,862,231,208,694,651,1795,1345,439
"466","KA1504000106","Kedzie Ave & Lake St",41.884603,-87.706304,73,67,36,36,33,28,140,61,72
"467","KA1504000109","Washtenaw Ave & Ogden Ave",41.8619304927826,-87.6934504508972,104,90,39,40,61,47,194,108,79
"468","KA1504000110","Millard Ave & 26th St",41.8445433333333,-87.7160041666667,16,28,4,5,10,15,44,25,9
"469","KA1504000113","Sacramento Blvd & Franklin Blvd",41.890469,-87.702608,55,54,12,13,30,33,109,63,25
"470","KA1504000114","Kedzie Ave & Chicago Ave",41.895465,-87.706128,59,67,19,17,38,42,126,80,36
"471","KA1504000116","Larrabee St & Oak St",41.90021949323,-87.6429854676,682,645,194,192,468,437,1327,905,386
"472","KA1504000117","Halsted St & North Branch St",41.899368,-87.64848,235,211,66,53,160,152,446,312,119
"473","KA1504000126","Kedzie Ave & Leland Ave",41.9666633333333,-87.7081135,149,153,86,82,58,58,302,116,168
"474","KA1504000127","Manor Ave & Leland Ave",41.965875,-87.700825,200,202,93,93,95,99,402,194,186
"475","KA1504000128","Kedzie Ave & Foster Ave",41.975672,-87.709261,120,118,48,49,54,59,238,113,97
"476","KA1504000129","Western Ave & Granville Ave",41.9941926666667,-87.6894231666667,123,129,61,63,48,53,252,101,124
"477","KA1504000130","Maplewood Ave & Peterson Ave",41.99023602867,-87.6933696402,73,80,26,29,32,36,153,68,55
"478","KA1504000133","Rush St & Cedar St",41.90230870122,-87.627690528,2002,1999,554,548,1285,1284,4001,2569,1102
"479","KA1504000134","Ritchie Ct & Banks St",41.906866,-87.626217,1483,1467,395,390,998,1013,2950,2011,785
"480","KA1504000135","Wells St & Elm St",41.903222,-87.634324,3478,3442,1079,1068,2284,2282,6920,4566,2147
"481","KA1504000139","Monticello Ave & Irving Park Rd",41.95400483876,-87.7191281797,136,124,63,62,63,58,260,121,125
"482","KA1504000140","Winchester Ave & Elston Ave",41.92409085038,-87.6764600747,318,330,106,105,201,211,648,412,211
"483","KA1504000141","Pulaski Rd & Eddy St (Temp)",41.946264,-87.731023,72,68,36,37,32,25,140,57,73
"484","KA1504000142","Drake Ave & Addison St",41.947326,-87.717582,94,87,48,40,36,38,181,74,88
"485","KA1504000143","Leavitt St & Addison St",41.946655,-87.683359,251,252,80,81,153,156,503,309,161
"486","KA1504000146","Clark St & Berwyn Ave",41.9779966544,-87.6680471047,955,982,298,297,593,613,1937,1206,595
"487","KA1504000147","Winchester (Ravenswood) Ave & Balmoral Ave",41.979762,-87.67753,178,175,41,37,125,125,353,250,78
"488","KA1504000148","Clark St & Elmdale Ave",41.99086,-87.669724,291,293,83,83,191,193,584,384,166
"489","KA1504000149","Damen Ave & Foster Ave",41.97561480459,-87.6794590387,402,412,131,128,244,255,814,499,259
"490","KA1504000151","Clark St & Bryn Mawr Ave",41.983593,-87.669154,636,659,173,173,434,455,1295,889,346
"491","KA1504000152","Lakefront Trail & Bryn Mawr Ave",41.98403669612,-87.6523104689,1911,1896,381,370,1313,1344,3807,2657,751
"492","KA1504000155","2112 W Peterson Ave",41.991178,-87.683593,98,103,37,36,56,60,201,116,73
"493","KA1504000156","Clark St & Schreiber Ave",41.99925182186,-87.6713773393,265,244,86,85,169,146,509,315,171
"494","KA1504000158","Oakley Ave & Irving Park Rd",41.95434085219,-87.6860796243,229,253,66,66,146,169,482,315,132
"495","KA1504000159","Sheridan Rd & Greenleaf Ave",42.0106105,-87.6624195,248,272,66,67,128,160,520,288,133
"496","KA1504000160","Francisco Ave & Foster Ave",41.97563272521,-87.7014194389,279,282,127,125,132,135,561,267,252
"497","KA1504000161","St. Louis Ave & Balmoral Ave",41.98039423475,-87.7161149615,62,70,7,9,44,52,132,96,16
"498","KA1504000162","Clark St & Lunt Ave",42.0091425,-87.6742556666667,238,235,99,99,134,131,473,265,198
"499","KA1504000164","Keystone Ave & Montrose Ave",41.96110801623,-87.7289701012,97,93,41,36,45,45,190,90,77
"500","KA1504000167","Kedzie Ave & Bryn Mawr Ave",41.9822498333333,-87.7088908333333,85,86,30,31,52,48,171,100,61
"501","KA1504000168","Western & 28th - Velasquez Institute Vaccination Site",41.84151770807,-87.6851314409,14,13,9,6,5,6,27,11,15
"502","KA1504000171","Marine Dr & Ainslie St",41.971641,-87.6502433333333,891,880,281,281,516,513,1771,1029,562
"503","KA1504000175","Glenwood Ave & Morse Ave",42.00797192287,-87.6655023944,433,443,146,146,253,281,876,534,292
"504","KA17018054","Damen Ave & Walnut (Lake) St",41.885951,-87.677009,255,276,94,99,153,163,531,316,193
"505","KA17018068","Leavitt St & Belmont Ave",41.939354,-87.683282,339,342,120,120,206,211,681,417,240
"506","KA1706005007","Delano Ct & Roosevelt Rd",41.867491,-87.63219,609,604,153,150,421,406,1213,827,303
"507","KA1706005015","Kildare Ave & Montrose Ave",41.96108,-87.73569,95,75,27,18,53,48,170,101,45
"508","KP1705001026","LaSalle Dr & Huron St",41.8948553333333,-87.6322896666667,1419,1433,424,428,898,853,2852,1751,852
"509","LF-005","Lake Shore Dr & North Blvd",41.911722,-87.626804,4598,4643,777,774,3145,3123,9241,6268,1551
"510","LP-","Lincoln Park Conservatory",41.9239313113662,-87.6358245313168,1717,1759,315,314,1080,1148,3476,2228,629
"511","RN-","Franklin St & Illinois St",41.8910233102519,-87.6354798674583,1677,1679,552,550,1074,1063,3356,2137,1102
"512","RP-001","Warren Park West",42.001785,-87.688829,157,173,55,58,75,86,330,161,113
"513","RP-002","Warren Park East",42.0045363333333,-87.6806095,114,116,34,36,58,57,230,115,70
"514","RP-004","Oakley Ave & Touhy Ave",42.0123515,-87.6883073333333,53,51,23,24,29,26,104,55,47
"515","RP-005","Western Ave & Lunt Ave",42.0086401666667,-87.6904578333333,120,125,55,54,61,62,245,123,109
"516","RP-006","Ridge Blvd & Touhy Ave",42.0121816666667,-87.6828065,55,57,23,21,31,32,112,63,44
"517","RP-007","Clark St & Touhy Ave",42.01256011541,-87.6743671152,106,96,57,55,49,39,202,88,112
"518","RP-008","Clark St & Columbia Ave",42.0044301666667,-87.6724045,219,227,103,104,109,112,446,221,207
"519","RP-009","Sheridan Rd & Loyola Ave",42.00104377979,-87.6611982433,516,514,138,141,348,342,1030,690,279
"520","SL-005","Indiana Ave & Roosevelt Rd",41.867888,-87.623041,3358,3327,819,788,2072,2076,6685,4148,1607
"521","SL-006","Wells St & 19th St",41.856802,-87.633879,331,315,66,57,210,208,646,418,123
"522","SL-007","State St & Harrison St",41.8740125,-87.6277305,1011,1011,250,256,565,582,2022,1147,506
"523","SL-008","Federal St & Polk St",41.87207763285,-87.6295437729,2011,2012,626,621,1370,1287,4023,2657,1247
"524","SL-009","Clark St & 9th St (AMLI)",41.870816,-87.631246,657,645,215,207,392,399,1302,791,422
"525","SL-010","Financial Pl & Ida B Wells Dr",41.8750236280333,-87.6330940425396,717,614,198,164,480,412,1331,892,362
"526","SL-011","Wells St & Polk St",41.872596,-87.633502,1173,1160,387,381,733,705,2333,1438,768
"527","SL-012","Wabash Ave & 16th St",41.860384,-87.625813,894,843,235,217,659,580,1737,1239,452
"528","SL-013","State St & 19th St",41.856594,-87.627542,364,362,90,87,227,234,726,461,177
"529","TA1305000001","Wabash Ave & Cermak Rd",41.852619,-87.626488,352,384,87,88,252,272,736,524,175
"530","TA1305000002","Wabash Ave & Roosevelt Rd",41.867227,-87.625961,2336,2337,577,575,1493,1553,4673,3046,1152
"531","TA1305000003","Fairbanks Ct & Grand Ave",41.891847,-87.62058,3059,3046,722,707,1916,1911,6105,3827,1429
"532","TA1305000004","McCormick Place",41.8513751729,-87.6188346489,256,249,40,40,175,156,505,331,80
"533","TA1305000005","Dearborn St & Adams St",41.8793563587,-87.6297910363,863,758,234,196,545,498,1621,1043,430
"534","TA1305000006","Dearborn St & Monroe St",41.8812708333333,-87.6298701666667,1850,1790,473,444,1239,1231,3640,2470,917
"535","TA1305000009","Clark St & Ida B Wells Dr",41.8759326655,-87.6305845355,469,421,136,117,263,249,890,512,253
"536","TA1305000010","Michigan Ave & Ida B Wells Dr",41.876243,-87.624426,822,833,197,194,437,446,1655,883,391
"537","TA1305000011","Michigan Ave & Lake St",41.886024,-87.624117,2915,2877,571,566,1818,1780,5792,3598,1137
"538","TA1305000014","Clark St & Wrightwood Ave",41.929546,-87.643118,2373,2368,549,547,1716,1697,4741,3413,1096
"539","TA1305000017","Halsted St & Roosevelt Rd",41.867324,-87.648625,278,269,59,57,202,197,547,399,116
"540","TA1305000020","Ogden Ave & Chicago Ave",41.896362458,-87.6540612729,1068,1068,327,331,685,679,2136,1364,658
"541","TA1305000022","Orleans St & Merchandise Mart Plaza",41.8884273333333,-87.637232,1760,1507,602,480,1103,989,3267,2092,1082
"542","TA1305000025","Franklin St & Jackson Blvd",41.8777079559,-87.6353211408,1595,1540,454,430,997,993,3135,1990,884
"543","TA1305000029","State St & Randolph St",41.8846789820692,-87.6279750466347,2160,2160,499,497,1393,1319,4320,2712,996
"544","TA1305000030","Clark St & Randolph St",41.884576228,-87.63188991,1325,1297,397,390,817,788,2622,1605,787
"545","TA1305000032","Clinton St & Madison St",41.882242,-87.641066,2004,2105,443,497,1481,1525,4109,3006,940
"546","TA1305000034","Honore St & Division St",41.903091,-87.6738483333333,1275,1284,441,441,744,771,2559,1515,882
"547","TA1305000035","State St & Van Buren St",41.877181,-87.627844,729,686,167,156,452,450,1415,902,323
"548","TA1305000037","Paulina Ave & North Ave",41.910337,-87.670072,1094,1105,346,346,700,712,2199,1412,692
"549","TA1305000039","Elston Ave & Cortland St",41.9164725,-87.6668238333333,970,964,269,258,643,653,1934,1296,527
"550","TA1305000041","Damen Ave & Pierce Ave",41.9093960065,-87.6776919292,2062,2099,604,595,1355,1358,4161,2713,1199
"551","TA1306000002","Morgan Ave & 14th Pl",41.862378,-87.651062,430,445,89,91,341,338,875,679,180
"552","TA1306000003","Desplaines St & Kinzie St",41.8885538333333,-87.6443991666667,2342,2145,792,691,1467,1395,4487,2862,1483
"553","TA1306000006","Orleans St & Elm St",41.9029576666667,-87.6377936666667,491,455,136,124,337,321,946,658,260
"554","TA1306000007","Larrabee St & Menomonee St",41.91468,-87.64332,633,615,141,141,459,447,1248,906,282
"555","TA1306000008","Larrabee St & North Ave",41.91021,-87.6435,824,778,249,244,544,496,1602,1040,493
"556","TA1306000009","Larrabee St & Kingsbury St",41.8974353333333,-87.6433436666667,1378,1244,508,478,843,744,2622,1587,986
"557","TA1306000010","Daley Center Plaza",41.884241,-87.629634,1671,1616,439,414,1110,1124,3287,2234,853
"558","TA1306000011","Wells St & Walton St",41.89993001,-87.63443007,1101,867,264,187,759,638,1968,1397,451
"559","TA1306000012","Wells St & Huron St",41.894722,-87.634362,2957,2861,911,881,1928,1876,5818,3804,1792
"560","TA1306000013","New St & Illinois St",41.8908470406238,-87.6186168193817,2917,2957,817,815,1720,1806,5874,3526,1632
"561","TA1306000014","Wilton Ave & Diversey Pkwy",41.932418,-87.652705,1768,1716,395,380,1282,1248,3484,2530,775
"562","TA1306000015","Morgan St & Lake St",41.8854833079,-87.6523048564,1626,1767,510,513,1013,1138,3393,2151,1023
"563","TA1306000016","Sheffield Ave & Fullerton Ave",41.9255165,-87.653773,1358,1292,269,259,1020,962,2650,1982,528
"564","TA1306000025","Racine Ave & Congress Pkwy",41.87464,-87.65703,502,431,138,94,352,322,933,674,232
"565","TA1306000026","Racine Ave & Fullerton Ave",41.9256183333333,-87.6584378333333,1291,1301,344,343,911,912,2592,1823,687
"566","TA1306000029","Lake Shore Dr & Ohio St",41.8925776666667,-87.6145533333333,2375,2368,453,437,1555,1577,4743,3132,890
"567","TA1306000032","Sheffield Ave & Willow St",41.913688,-87.652855,1417,1425,331,329,1028,1030,2842,2058,660
"568","TA1307000001","Greenview Ave & Fullerton Ave",41.9254996666667,-87.6658565,1202,1234,352,350,799,815,2436,1614,702
"569","TA1307000005","Indiana Ave & 26th St",41.845687,-87.622481,320,317,91,87,225,217,637,442,178
"570","TA1307000006","Southport Ave & Wellington Ave",41.935733,-87.663576,1279,1302,281,283,942,969,2581,1911,564
"571","TA1307000038","Sedgwick St & North Ave",41.9113615,-87.6386891666667,1542,1534,386,385,1071,1057,3076,2128,771
"572","TA1307000039","Clark St & Elm St",41.902781,-87.6316303333333,3859,3853,1028,1022,2677,2672,7712,5349,2050
"573","TA1307000041","Lake Shore Dr & Wellington Ave",41.9367613333333,-87.6368311666667,2493,2506,406,402,1897,1907,4999,3804,808
"574","TA1307000044","Clinton St & 18th St",41.85795,-87.640826,298,323,83,78,200,223,621,423,161
"575","TA1307000048","Fort Dearborn Dr & 31st St",41.838556,-87.608218,1455,1451,169,153,937,919,2906,1856,322
"576","TA1307000052","Sheffield Ave & Wellington Ave",41.936266,-87.652662,1773,1764,368,362,1343,1343,3537,2686,730
"577","TA1307000061","State St & Pearson St",41.897448,-87.628722,1210,1107,368,321,760,703,2317,1463,689
"578","TA1307000062","Sedgwick St & Huron St",41.894666,-87.638437,1148,1120,332,330,779,747,2268,1526,662
"579","TA1307000064","Lincoln Ave & Diversey Pkwy",41.9322001666667,-87.6587746666667,1526,1514,361,352,1102,1088,3040,2190,713
"580","TA1307000066","Damen Ave & Coulter St",41.8492033333333,-87.6756551666667,66,80,22,21,43,48,146,91,43
"581","TA1307000070","Damen Ave & Thomas St (Augusta Blvd)",41.901315,-87.677409,710,683,192,185,481,464,1393,945,377
"582","TA1307000107","Sheridan Rd & Montrose Ave",41.9616786666667,-87.654691,1433,1426,418,413,943,943,2859,1886,831
"583","TA1307000111","Franklin St & Lake St",41.8867553333333,-87.6351,1564,1524,452,441,1019,981,3088,2000,893
"584","TA1307000113","Southport Ave & Wrightwood Ave",41.928773,-87.663913,1236,1224,309,303,859,865,2460,1724,612
"585","TA1307000115","Clybourn Ave & Division St",41.904613,-87.640552,647,634,134,136,486,484,1281,970,270
"586","TA1307000117","Wabash Ave & Grand Ave",41.8913288333333,-87.6269336666667,3547,3629,812,813,2286,2311,7176,4597,1625
"587","TA1307000119","Clarendon Ave & Leland Ave",41.967968,-87.650001,644,635,196,181,398,410,1279,808,377
"588","TA1307000120","Green St & Madison St",41.881892,-87.648789,2342,2549,717,740,1517,1707,4891,3224,1457
"589","TA1307000121","Halsted St & Polk St",41.8718083333333,-87.6466841666667,676,685,132,133,529,533,1361,1062,265
"590","TA1307000124","Michigan Ave & 14th St",41.8641296666667,-87.6237268333333,1383,1361,387,375,899,854,2744,1753,762
"591","TA1307000126","Sheffield Ave & Waveland Ave",41.949399,-87.654529,2234,2702,620,715,1456,1760,4936,3216,1335
"592","TA1307000127","Clark St & Grace St",41.9509286666667,-87.6591465,1700,1662,465,464,1122,1091,3362,2213,929
"593","TA1307000128","Dearborn Pkwy & Delaware Pl",41.8988425,-87.6297755,2574,2586,698,694,1755,1749,5160,3504,1392
"594","TA1307000129","State St & 35th St",41.8310363140161,-87.6267975568771,363,362,82,78,251,256,725,507,160
"595","TA1307000130","Morgan St & Polk St",41.871737,-87.65103,787,790,169,160,596,612,1577,1208,329
"596","TA1307000131","Wabash Ave & Wacker Pl",41.886875,-87.62603,2061,2050,457,442,1179,1137,4111,2316,899
"597","TA1307000134","Wilton Ave & Belmont Ave",41.940138,-87.6529631666667,2538,2528,640,632,1755,1781,5066,3536,1272
"598","TA1307000136","Clark St & Wellington Ave",41.9364968219,-87.6475386582,1960,1981,385,385,1480,1520,3941,3000,770
"599","TA1307000138","Lincoln Ave & Roscoe St",41.94334,-87.67097,1130,1161,341,345,740,754,2291,1494,686
"600","TA1307000139","MLK Jr Dr & 29th St",41.842052,-87.617,746,704,190,184,535,498,1450,1033,374
"601","TA1307000140","Western Ave & Leland Ave",41.966399801841,-87.6887042820454,623,621,211,203,381,385,1244,766,414
"602","TA1307000142","Clark St & Drummond Pl",41.931248,-87.644336,2274,2361,508,506,1658,1747,4635,3405,1014
"603","TA1307000143","Sedgwick St & Schiller St",41.9076793333333,-87.6385203333333,604,596,149,147,431,415,1200,846,296
"604","TA1307000144","Wolcott (Ravenswood) Ave & Montrose Ave",41.961406,-87.676169,495,501,159,158,321,328,996,649,317
"605","TA1307000149","Ravenswood Ave & Irving Park Rd",41.95469,-87.67393,547,568,137,140,358,378,1115,736,277
"606","TA1307000150","Pine Grove Ave & Waveland Ave",41.9494727408833,-87.6464527845383,2003,2013,366,370,1526,1527,4016,3053,736
"607","TA1307000151","Wells St & Hubbard St",41.889906,-87.634266,2386,2335,716,707,1523,1496,4721,3019,1423
"608","TA1307000153","Emerald Ave & 28th St",41.84358,-87.645368,224,238,47,47,163,176,462,339,94
"609","TA1307000156","Lincoln Ave & Sunnyside Ave",41.963004,-87.684781,555,554,159,161,365,370,1109,735,320
"610","TA1307000158","Damen Ave & Leland Ave",41.9671868333333,-87.6791071666667,562,557,131,131,408,411,1119,819,262
"611","TA1307000159","Paulina St & 18th St",41.857901,-87.668745,449,461,126,119,296,314,910,610,245
"612","TA1307000160","Prairie Ave & Garfield Blvd",41.794853,-87.618691,112,78,23,22,72,38,190,110,45
"613","TA1307000161","Halsted St & 37th St",41.827059,-87.64572,79,74,15,12,53,55,153,108,27
"614","TA1307000163","Clifton Ave & Armitage Ave",41.918216,-87.656936,1114,1088,241,234,825,820,2202,1645,475
"615","TA1307000164","Woodlawn Ave & 55th St",41.795264,-87.596471,864,842,205,200,604,586,1706,1190,405
"616","TA1307000166","Halsted St & Willow St",41.913865,-87.648755,1170,1170,282,280,814,830,2340,1644,562
"617","TA1308000001","Theater on the Lake",41.9263138333333,-87.6309813333333,4070,4171,601,580,2850,2873,8241,5723,1181
"618","TA1308000002","Greenwood Ave & 47th St",41.809835,-87.599383,231,222,57,54,138,138,453,276,111
"619","TA1308000005","Leavitt St & North Ave",41.910509366664,-87.6823890209198,736,729,192,189,511,500,1465,1011,381
"620","TA1308000006","Damen Ave & Grand Ave",41.8912643464815,-87.676842212677,467,534,146,149,311,357,1001,668,295
"621","TA1308000007","MLK Jr Dr & 47th St",41.809851,-87.616279,135,124,27,27,89,69,259,158,54
"622","TA1308000009","Shore Dr & 55th St",41.795212,-87.580715,1662,1652,356,346,1025,1035,3314,2060,702
"623","TA1308000012","Montrose Harbor",41.963982,-87.638181,2388,2313,430,408,1484,1456,4701,2940,838
"624","TA1308000013","Halsted St & Archer Ave",41.847203,-87.646795,168,179,50,51,102,114,347,216,101
"625","TA1308000014","Normal Ave & Archer Ave",41.849527,-87.640591,107,113,15,14,86,90,220,176,29
"626","TA1308000019","Racine Ave & Belmont Ave",41.939743,-87.658865,1454,1461,378,380,968,993,2915,1961,758
"627","TA1308000021","Winthrop Ave & Lawrence Ave",41.968812,-87.657659,651,645,232,227,380,387,1296,767,459
"628","TA1308000022","Pine Grove Ave & Irving Park Rd",41.954383,-87.648043,1300,1305,313,305,902,913,2605,1815,618
"629","TA1308000023","Cottage Grove Ave & 43rd St",41.816499,-87.606582,127,115,43,43,68,59,242,127,86
"630","TA1308000026","Wentworth Ave & 24th St (Temp)",41.850084,-87.632141,250,285,83,80,134,171,535,305,163
"631","TA1308000029","Stetson Ave & South Water St",41.886835,-87.62232,1230,1209,409,395,667,652,2439,1319,804
"632","TA1308000031","Logan Blvd & Elston Ave",41.929465,-87.684158,573,617,236,246,309,348,1190,657,482
"633","TA1308000035","Lake Park Ave & 47th St",41.809443,-87.591875,372,348,95,85,208,204,720,412,180
"634","TA1308000036","Indiana Ave & 31st St",41.8388031666667,-87.6218593333333,420,417,58,58,330,323,837,653,116
"635","TA1308000038","Cottage Grove Ave & Oakwood Blvd",41.822966,-87.6071025,301,305,120,121,121,119,606,240,241
"636","TA1308000043","Halsted St & 35th St",41.830661,-87.647172,161,173,44,45,99,104,334,203,89
"637","TA1308000045","Wallace St & 35th St",41.830629,-87.64129,288,269,74,62,214,201,557,415,136
"638","TA1308000046","Morgan St & 31st St",41.8378,-87.65114,303,318,70,70,201,212,621,413,140
"639","TA1308000047","Southport Ave & Clark St",41.957081,-87.664199,360,332,62,61,283,250,692,533,123
"640","TA1308000049","Wells St & Evergreen Ave",41.906724,-87.63483,2725,2717,777,763,1823,1828,5442,3651,1540
"641","TA1308000050","Wells St & Concord Ln",41.912133,-87.634656,4097,4125,1093,1090,2801,2834,8222,5635,2183
"642","TA1309000001","Halsted St & Maxwell St",41.864883,-87.647071,499,516,145,144,320,331,1015,651,289
"643","TA1309000002","Michigan Ave & Jackson Blvd",41.87785,-87.62408,1170,1147,214,203,600,612,2317,1212,417
"644","TA1309000003","Western Ave & 24th St",41.84847,-87.685109,95,95,46,41,47,53,190,100,87
"645","TA1309000004","LaSalle St & Jackson Blvd",41.8784691666667,-87.631298,1092,960,334,305,654,595,2052,1249,639
"646","TA1309000006","Larrabee St & Armitage Ave",41.918084,-87.643749,1076,1061,252,248,758,772,2137,1530,500
"647","TA1309000007","Franklin St & Monroe St",41.880317,-87.635185,1289,1057,453,359,752,604,2346,1356,812
"648","TA1309000008","Franklin St & Adams St (Temp)",41.8794340914001,-87.6355040073395,936,932,264,240,554,575,1868,1129,504
"649","TA1309000010","Wabash Ave & 9th St",41.870769,-87.625734,1990,1995,521,525,1218,1163,3985,2381,1046
"650","TA1309000011","Ellis Ave & 58th St",41.788746,-87.601334,647,520,155,103,463,398,1167,861,258
"651","TA1309000012","Damen Ave & Sunnyside Ave",41.96325,-87.679258,313,287,70,71,236,203,600,439,141
"652","TA1309000014","Clark St & Leland Ave",41.9671011666667,-87.6675651666667,885,869,260,261,603,578,1754,1181,521
"653","TA1309000015","Leavitt St & Lawrence Ave",41.968885,-87.684001,251,243,67,67,179,168,494,347,134
"654","TA1309000018","Ravenswood Ave & Berteau Ave",41.957921,-87.673567,374,374,86,89,281,271,748,552,175
"655","TA1309000019","Lakeview Ave & Fullerton Pkwy",41.925858,-87.638973,2527,2531,570,567,1703,1740,5058,3443,1137
"656","TA1309000021","Paulina St & Montrose Ave",41.961507,-87.671387,315,303,61,59,232,221,618,453,120
"657","TA1309000023","Sheffield Ave & Wrightwood Ave",41.928712,-87.653833,1776,1787,467,462,1190,1250,3563,2440,929
"658","TA1309000024","Clark St & Schiller St",41.9081488333333,-87.6315328333333,2162,2160,507,510,1512,1515,4322,3027,1017
"659","TA1309000025","Halsted St & Roscoe St",41.94367,-87.64895,2202,2208,632,627,1455,1450,4410,2905,1259
"660","TA1309000026","Lincoln Ave & Belle Plaine Ave",41.9560035507855,-87.6801614463329,646,657,195,189,417,438,1303,855,384
"661","TA1309000027","Sheridan Rd & Buena Ave",41.9585056666667,-87.6550363333333,841,819,238,239,561,535,1660,1096,477
"662","TA1309000029","Leavitt St & Armitage Ave",41.9178475,-87.6825831666667,553,549,154,150,357,360,1102,717,304
"663","TA1309000030","Southport Ave & Clybourn Ave",41.920771,-87.663712,878,909,294,293,544,560,1787,1104,587
"664","TA1309000032","Elston Ave & Wabansia Ave",41.913007,-87.6641356666667,251,266,79,81,153,169,517,322,160
"665","TA1309000033","Sheffield Ave & Webster Ave",41.92154,-87.653818,1922,1935,517,519,1282,1325,3857,2607,1036
"666","TA1309000035","Clark St & Winnemac Ave",41.973347640473,-87.6678554713726,1166,1171,326,323,794,791,2337,1585,649
"667","TA1309000036","Burling St & Diversey Pkwy",41.93314,-87.64776,1374,1404,268,274,1039,1061,2778,2100,542
"668","TA1309000037","Kimbark Ave & 53rd St",41.799568,-87.594747,1397,1382,318,309,998,984,2779,1982,627
"669","TA1309000039","Lake Shore Dr & Diversey Pkwy",41.932588,-87.636427,2657,2645,562,555,1852,1844,5302,3696,1117
"670","TA1309000041","Sheridan Rd & Lawrence Ave",41.96943,-87.6547261666667,597,613,171,177,396,403,1210,799,348
"671","TA1309000042","Lincoln Ave & Belmont Ave",41.939365,-87.668385,990,1011,233,235,698,735,2001,1433,468
"672","TA1309000043","Southport Ave & Irving Park Rd",41.954177,-87.664358,676,670,140,139,512,501,1346,1013,279
"673","TA1309000049","Lake Shore Dr & Belmont Ave",41.940775,-87.639192,2303,2310,454,445,1644,1660,4613,3304,899
"674","TA1309000050","Lincoln Ave & Addison St",41.946176,-87.673308,319,337,76,78,221,236,656,457,154
"675","TA1309000051","Commercial Ave & 83rd St",41.7446253333333,-87.5512635,18,17,11,10,3,4,35,7,21
"676","TA1309000053","Cottage Grove Ave & 47th St",41.8097826666667,-87.6067293333333,136,133,39,40,79,82,269,161,79
"677","TA1309000055","Emerald Ave & 31st St",41.838198,-87.645143,443,457,69,70,357,357,900,714,139
"678","TA1309000058","Lincoln Ave & Fullerton Ave",41.9259556666667,-87.6493125,2544,2552,663,660,1728,1764,5096,3492,1323
"679","TA1309000059","Racine Ave & Wrightwood Ave",41.928887,-87.658971,788,798,185,188,602,574,1586,1176,373
"680","TA1309000061","Halsted St & Wrightwood Ave",41.929143,-87.649077,1945,1940,478,472,1371,1377,3885,2748,950
"681","TA1309000063","Lake Park Ave & 56th St",41.793242,-87.587782,732,708,127,125,504,507,1440,1011,252
"682","TA1309000064","Wolcott Ave & Polk St",41.871262,-87.673688,870,846,221,205,641,634,1716,1275,426
"683","TA1309000066","Ravenswood Ave & Lawrence Ave",41.96909,-87.674237,1028,1028,319,320,685,677,2056,1362,639
"684","TA1309000067","Cottage Grove Ave & 51st St",41.803038,-87.606615,175,174,50,48,120,118,349,238,98
"685","WL-008","Clinton St & Roosevelt Rd",41.8670935,-87.6410078333333,776,793,209,212,496,528,1569,1024,421
"686","WL-011","Jefferson St & Monroe St",41.880422,-87.642746,900,801,225,216,628,538,1701,1166,441
"687","WL-012","Clinton St & Washington Blvd",41.8829718333333,-87.6413858333333,1698,1634,461,441,1171,1119,3332,2290,902
