"","station_id","station_name","lat","long","start_n","end_n","e_start_n","e_end_n","c_start_n","c_end_n","total","classic","electric"
"1","","",41.89,-87.68,93111,99261,93111,98054,0,0,192372,0,191165
"2","13001","Michigan Ave & Washington St",41.8839840647265,-87.6246839761734,3023,3000,674,663,2075,2013,6023,4088,1337
"3","13006","LaSalle St & Washington St",41.882664,-87.63253,1221,1258,425,427,749,788,2479,1537,852
"4","13008","Millennium Park",41.8810993333333,-87.6241463333333,5238,5224,1040,1021,3176,3214,10462,6390,2061
"5","13011","Canal St & Adams St",41.879255,-87.639904,2288,2183,622,600,1585,1518,4471,3103,1222
"6","13016","St. Clair St & Erie St",41.8943451374243,-87.6227983832359,3840,3885,973,960,2645,2685,7725,5330,1933
"7","13017","Franklin St & Chicago Ave",41.8968746666667,-87.6355206666667,1800,1817,440,444,1333,1353,3617,2686,884
"8","13021","Clinton St & Lake St",41.8858075,-87.6416963333333,2302,2283,656,650,1591,1574,4585,3165,1306
"9","13022","Streeter Dr & Grand Ave",41.892278,-87.612043,11463,11328,1799,1719,7591,7287,22791,14878,3518
"10","13028","900 W Harrison St",41.8747705,-87.6497433333333,1489,1498,310,316,1091,1098,2987,2189,626
"11","13029","Field Museum",41.865312,-87.617867,1087,991,200,170,683,667,2078,1350,370
"12","13033","Milwaukee Ave & Grand Ave",41.891578,-87.648384,2843,2695,814,785,1912,1805,5538,3717,1599
"13","13034","Michigan Ave & Pearson St",41.89766,-87.62351,1475,1463,267,261,1064,1028,2938,2092,528
"14","13036","Michigan Ave & Madison St",41.882134,-87.625125,1575,1489,386,363,1066,991,3064,2057,749
"15","13037","Clinton St & Tilden St",41.875885,-87.640795,416,408,101,101,309,296,824,605,202
"16","13042","Michigan Ave & Oak St",41.901102,-87.6236888333333,6256,6232,1232,1202,4243,4217,12488,8460,2434
"17","13045","Dearborn St & Erie St",41.8941966666667,-87.6293701666667,3873,3844,929,918,2783,2785,7717,5568,1847
"18","13050","State St & Kinzie St",41.889187,-87.627754,2888,2876,727,720,1970,1953,5764,3923,1447
"19","13053","Green St & Randolph St",41.883668,-87.64867,3165,3176,809,803,2240,2248,6341,4488,1612
"20","13056","Canal St & Monroe St",41.8818358333333,-87.6392481666667,1191,1162,307,287,843,841,2353,1684,594
"21","13058","Dayton St & North Ave",41.9105780349,-87.6494219288,1761,1718,420,410,1283,1258,3479,2541,830
"22","13059","Bissell St & Armitage Ave",41.91844,-87.65222,2906,2958,621,621,2217,2246,5864,4463,1242
"23","13061","Ashland Ave & Division St",41.90345,-87.667747,3725,3634,974,956,2607,2526,7359,5133,1930
"24","13063","Sheridan Rd & Irving Park Rd",41.954245,-87.654406,2010,2024,482,479,1457,1474,4034,2931,961
"25","13068","Western Ave & Winnebago Ave",41.91552,-87.687022,1464,1479,362,355,1040,1069,2943,2109,717
"26","13071","Southport Ave & Roscoe St",41.943739,-87.66402,2897,2954,621,619,2193,2236,5851,4429,1240
"27","13073","Ashland Ave & Lake St",41.88592,-87.66717,1044,1369,315,336,661,962,2413,1623,651
"28","13074","Broadway & Wilson - Truman College Vaccination Site",41.965221,-87.658139,1381,1354,417,406,908,895,2735,1803,823
"29","13075","Wentworth Ave & Cermak Rd",41.853085,-87.631931,1272,1302,312,304,802,848,2574,1650,616
"30","13080","Hermitage Ave & Polk St",41.871514,-87.669886,48,41,17,11,11,26,89,37,28
"31","13081","Ogden Ave & Congress Pkwy",41.87501,-87.67328,480,430,108,95,350,324,910,674,203
"32","13083","Indiana Ave & 40th St",41.8216535,-87.6213716666667,74,70,35,37,35,30,144,65,72
"33","13084","California Ave & Milwaukee Ave",41.922695,-87.697153,1761,1781,644,644,1019,1061,3542,2080,1288
"34","13085","Kedzie Ave & Milwaukee Ave",41.929567,-87.707857,1937,2060,711,713,1112,1215,3997,2327,1424
"35","13089","Damen Ave & Cullerton St",41.8549665187539,-87.6756995916366,403,472,159,171,214,281,875,495,330
"36","13091","Western Ave & 21st St",41.854109,-87.685838,263,264,128,127,122,121,527,243,255
"37","13096","California Ave & 21st St",41.8538040657915,-87.6957423985004,243,318,66,88,148,195,561,343,154
"38","13099","Halsted St & 18th St (Temp)",41.8584108333333,-87.6463168333333,471,474,151,151,301,296,945,597,302
"39","13102","Calumet Ave & 18th St",41.857611,-87.619407,1255,1259,314,309,841,869,2514,1710,623
"40","13108","Broadway & Argyle St",41.973815,-87.65966,1317,1323,316,318,947,965,2640,1912,634
"41","13109","Broadway & Berwyn Ave",41.978353,-87.659753,1191,1207,343,338,810,827,2398,1637,681
"42","13124","Cannon Dr & Fullerton Ave",41.926756,-87.634429,944,941,160,155,637,628,1885,1265,315
"43","13128","Clark St & North Ave",41.911974,-87.631942,1894,1862,349,344,1470,1431,3756,2901,693
"44","13132","Damen Ave & Chicago Ave",41.895769,-87.67722,1779,1784,512,509,1215,1231,3563,2446,1021
"45","13133","Damen Ave & Cortland St",41.915983,-87.677335,1902,1892,472,468,1350,1347,3794,2697,940
"46","13134","Damen Ave & Madison St",41.88137,-87.67493,460,439,110,99,317,316,899,633,209
"47","13135","Blue Island Ave & 18th St",41.857556,-87.661535,853,863,244,240,543,564,1716,1107,484
"48","13136","Damen Ave & Division St",41.903266,-87.678435,1763,1771,523,516,1178,1192,3534,2370,1039
"49","13137","Broadway & Barry Ave",41.9375823160063,-87.6440978050232,4426,4465,1018,1015,3272,3301,8891,6573,2033
"50","13138","Canal St & Jackson Blvd",41.877245,-87.639366,874,825,281,279,565,515,1699,1080,560
"51","13139","Throop St & Taylor St",41.868968,-87.659141,975,985,190,193,766,760,1960,1526,383
"52","13143","Damen Ave & Melrose Ave",41.9406,-87.6785,653,661,150,152,482,475,1314,957,302
"53","13144","Seeley Ave & Roscoe St",41.943403,-87.679618,859,914,247,246,582,632,1773,1214,493
"54","13146","Clark St & Armitage Ave",41.918306,-87.636282,4503,4489,926,914,3371,3342,8992,6713,1840
"55","13150","Michigan Ave & 18th St",41.857813,-87.62455,1407,1397,309,294,1028,1033,2804,2061,603
"56","13154","Sheffield Ave & Kingsbury St",41.910522,-87.653106,1825,1839,473,478,1295,1320,3664,2615,951
"57","13155","Racine Ave & Randolph St",41.884069,-87.656853,843,717,226,185,582,507,1560,1089,411
"58","13156","Aberdeen St & Monroe St",41.880419,-87.655519,1366,1379,301,301,985,1037,2745,2022,602
"59","13157","Aberdeen St & Jackson Blvd",41.8777061666667,-87.6548105,1491,1482,328,329,1122,1109,2973,2231,657
"60","13158","Peoria St & Jackson Blvd",41.8776415962753,-87.6496177911758,2321,2303,481,469,1763,1749,4624,3512,950
"61","13160","May St & Taylor St",41.8694821,-87.6554864,1628,1573,281,277,1289,1236,3201,2525,558
"62","13162","Halsted St & 21st St",41.8537798107274,-87.6466029882431,302,316,84,81,200,207,618,407,165
"63","13163","Morgan St & 18th St",41.858086,-87.651073,785,814,247,251,508,525,1599,1033,498
"64","13164","Racine Ave & 18th St",41.858166,-87.656495,1146,1173,417,420,662,693,2319,1355,837
"65","13165","Racine Ave & 13th St",41.865054,-87.656959,144,148,32,32,101,105,292,206,64
"66","13179","Clark St & Lincoln Ave",41.9157313333333,-87.6345946666667,4564,4580,943,941,3414,3404,9144,6818,1884
"67","13191","Sedgwick St & Webster Ave",41.922167,-87.638888,2258,2254,546,543,1639,1651,4512,3290,1089
"68","13192","Halsted St & Dickens Ave",41.919936,-87.64883,2518,2489,538,527,1908,1894,5007,3802,1065
"69","13193","Larrabee St & Webster Ave",41.921822,-87.64414,4037,4012,842,840,3044,3037,8049,6081,1682
"70","13194","Ogden Ave & Race Ave",41.891807,-87.6587828333333,1625,1631,489,473,1088,1105,3256,2193,962
"71","13196","Carpenter St & Huron St",41.894556,-87.653449,1585,1429,448,421,1103,985,3014,2088,869
"72","13197","Elizabeth (May) St & Fulton St",41.8865488333333,-87.6583855,929,909,265,253,626,631,1838,1257,518
"73","13206","Loomis St & Jackson Blvd",41.877945,-87.662007,1022,966,186,179,796,762,1988,1558,365
"74","13213","State St & 29th St",41.841707,-87.626938,110,120,25,26,77,91,230,168,51
"75","13215","Rhodes Ave & 32nd St",41.836208,-87.613533,585,544,123,111,435,403,1129,838,234
"76","13216","State St & 33rd St",41.834734,-87.625813,1610,1624,264,266,1294,1320,3234,2614,530
"77","13217","Calumet Ave & 33rd St",41.8349,-87.61793,805,805,101,99,687,680,1610,1367,200
"78","13221","Wood St & Milwaukee Ave",41.907655,-87.672552,2444,2497,690,687,1683,1719,4941,3402,1377
"79","13224","Ashland Ave & Blackhawk St",41.907066,-87.667252,1593,1589,438,430,1110,1117,3182,2227,868
"80","13229","Southport Ave & Belmont Ave",41.9394777504051,-87.6637476682663,1686,1719,356,354,1260,1300,3405,2560,710
"81","13235","Southport Ave & Waveland Ave",41.94815,-87.66394,2645,2636,638,635,1910,1916,5281,3826,1273
"82","13241","Western Ave & Division St",41.902893,-87.687275,859,797,281,275,540,486,1656,1026,556
"83","13242","Milwaukee Ave & Rockwell St",41.9201955620057,-87.6926591992378,665,639,189,189,441,413,1304,854,378
"84","13243","Milwaukee Ave & Wabansia Ave",41.9125563333333,-87.6814915,1983,1978,534,527,1357,1371,3961,2728,1061
"85","13245","Claremont Ave & Hirsch St",41.9078798333333,-87.6858921666667,443,453,110,110,319,336,896,655,220
"86","13247","Ashland Ave & Chicago Ave",41.895966,-87.667747,1426,1422,468,470,917,914,2848,1831,938
"87","13248","Ashland Ave & Augusta Blvd",41.8995658333333,-87.6685143333333,1124,1116,291,282,807,809,2240,1616,573
"88","13249","Ashland Ave & Belle Plaine Ave",41.956057,-87.668835,493,506,134,136,334,346,999,680,270
"89","13253","Lincoln Ave & Waveland Ave",41.9488805,-87.6752103333333,748,769,202,210,523,533,1517,1056,412
"90","13256","California Ave & Division St",41.903029,-87.697474,611,631,210,204,363,381,1242,744,414
"91","13257","Campbell Ave & North Ave",41.910535,-87.689556,933,954,363,358,557,564,1887,1121,721
"92","13258","California Ave & North Ave",41.91044,-87.6972,734,693,242,242,453,411,1427,864,484
"93","13259","California Ave & Francis Pl (Temp)",41.918491153687,-87.6974228024483,704,694,270,268,397,389,1398,786,538
"94","13263","Columbus Dr & Randolph St",41.884728,-87.619521,2241,2238,634,631,1448,1424,4479,2872,1265
"95","13265","Kingsbury St & Erie St",41.8938080562436,-87.6416972279549,2592,2581,683,676,1876,1864,5173,3740,1359
"96","13266","Stave St & Armitage Ave",41.917741,-87.691392,716,728,240,240,442,461,1444,903,480
"97","13268","Damen Ave & Wellington Ave",41.93588,-87.67842,692,726,202,200,478,507,1418,985,402
"98","13269","Ashland Ave & Wellington Ave",41.936083,-87.669807,905,872,214,204,652,654,1777,1306,418
"99","13271","Damen Ave & Clybourn Ave",41.931931,-87.677856,702,744,214,214,464,504,1446,968,428
"100","13276","Stockton Dr & Wrightwood Ave",41.93132,-87.638742,2506,2501,521,517,1866,1872,5007,3738,1038
"101","13277","Broadway & Belmont Ave",41.940106,-87.645451,2411,2427,540,535,1793,1812,4838,3605,1075
"102","13278","Broadway & Cornelia Ave",41.945529,-87.646439,2939,2938,726,721,2121,2109,5877,4230,1447
"103","13285","Wood St & Taylor St (Temp)",41.8692652184382,-87.6737308502197,828,811,164,190,650,606,1639,1256,354
"104","13288","Damen Ave & Charleston St",41.920082,-87.677855,951,961,263,267,627,628,1912,1255,530
"105","13289","Eckhart Park",41.89637337,-87.66098386,1395,1311,333,308,1028,968,2706,1996,641
"106","13290","Noble St & Milwaukee Ave",41.90068,-87.6626,1336,1269,345,335,955,898,2605,1853,680
"107","13292","Kedzie Ave & Palmer Ct",41.9214915,-87.7073008333333,729,723,223,218,467,454,1452,921,441
"108","13294","Greenview Ave & Diversey Pkwy",41.9325896342979,-87.6659363508224,1176,1198,242,238,903,925,2374,1828,480
"109","13296","Ashland Ave & Wrightwood Ave",41.92883,-87.668507,1119,1134,269,273,829,836,2253,1665,542
"110","13300","DuSable Lake Shore Dr & Monroe St",41.880958,-87.616743,5156,5085,778,719,3357,3447,10241,6804,1497
"111","13303","Clark St & Chicago Ave",41.89675,-87.63089,1791,1773,442,442,1309,1276,3564,2585,884
"112","13304","Racine Ave & 15th St",41.861267,-87.656625,487,469,171,167,299,281,956,580,338
"113","13307","Laflin St & Cullerton St",41.854869,-87.6636636666667,405,380,128,123,255,234,785,489,251
"114","13319","Ashland Ave & Grace St",41.9507295,-87.6687371666667,1054,1048,283,280,729,730,2102,1459,563
"115","13323","Broadway & Sheridan Rd",41.952833,-87.649993,2069,2052,487,492,1520,1521,4121,3041,979
"116","13325","Broadway & Waveland Ave",41.949074,-87.648636,2782,2760,606,611,2097,2084,5542,4181,1217
"117","13326","Canal St & Harrison St",41.874255,-87.639573,556,348,147,82,383,250,904,633,229
"118","13331","May St & Cullerton St",41.855136,-87.654127,319,341,77,77,226,249,660,475,154
"119","13332","Loomis St & Lexington St",41.8722425,-87.6616078333333,2499,2456,414,412,2034,1992,4955,4026,826
"120","13338","Mies van der Rohe Way & Chicago Ave",41.89691,-87.621743,2317,2317,507,498,1655,1663,4634,3318,1005
"121","13341","Canal St & Madison St",41.882091,-87.639833,1508,1509,396,397,1085,1064,3017,2149,793
"122","13345","Calumet Ave & 35th St",41.831379,-87.618034,355,365,56,55,283,294,720,577,111
"123","13353","Ada St & Washington Blvd",41.88283,-87.661206,1206,1203,281,280,878,878,2409,1756,561
"124","13354","Ashland Ave & 13th St",41.8652415,-87.6665338333333,325,351,63,63,251,281,676,532,126
"125","13379","Clarendon Ave & Gordon Ter",41.9578516666667,-87.6495223333333,1802,1778,471,470,1268,1239,3580,2507,941
"126","13389","Clarendon Ave & Junior Ter",41.961004,-87.649603,1738,1737,505,504,1174,1166,3475,2340,1009
"127","13398","Blackstone Ave & Hyde Park Blvd",41.802562,-87.590368,669,649,211,191,418,415,1318,833,402
"128","13409","Sangamon St & Washington Blvd",41.883165,-87.6511,1464,1450,397,390,1039,1025,2914,2064,787
"129","13420","MLK Jr Dr & Pershing Rd",41.8246,-87.61678,151,154,45,43,92,98,305,190,88
"130","13427","Cityfront Plaza Dr & Pioneer Ct",41.890573,-87.622072,1580,1471,391,366,1075,984,3051,2059,757
"131","13430","LaSalle St & Illinois St",41.890762,-87.631697,3504,3493,891,883,2431,2379,6997,4810,1774
"132","13431","Adler Planetarium",41.866095,-87.607267,1996,1979,380,366,1312,1343,3975,2655,746
"133","13432","Wood St & Hubbard St",41.889899,-87.671473,728,689,198,191,513,482,1417,995,389
"134","13434","Ashland Ave & Grand Ave",41.8910705,-87.6666418333333,1038,1071,261,264,735,771,2109,1506,525
"135","15442","Ashland Ave & Archer Ave",41.8391236666667,-87.6658638333333,178,178,80,78,85,92,356,177,158
"136","15443","Shields Ave & 28th Pl",41.842733,-87.635491,226,243,44,44,174,196,469,370,88
"137","15445","Wentworth Ave & 33rd St",41.83452988563,-87.6318229814,399,368,41,42,339,298,767,637,83
"138","15446","Racine Ave & 35th St",41.83069611252,-87.6559759116,122,118,28,27,83,87,240,170,55
"139","15449","State St & Pershing Rd",41.82301523798,-87.6265680185,42,41,17,17,24,21,83,45,34
"140","15470","Calumet Ave & 51st St",41.8022493333333,-87.6180908333333,160,142,81,72,70,59,302,129,153
"141","15491","63rd St Beach",41.780910964248,-87.5763237476349,249,247,42,36,156,161,496,317,78
"142","15529","Mies van der Rohe Way & Chestnut St",41.8984526666667,-87.6223348333333,2243,2243,603,603,1441,1456,4486,2897,1206
"143","15530","Rush St & Superior St",41.895053,-87.6264926666667,2592,2575,640,643,1844,1805,5167,3649,1283
"144","15534","Field Blvd & South Water St",41.88634906269,-87.6175165471,1820,1813,508,503,1169,1199,3633,2368,1011
"145","15535","Desplaines St & Randolph St",41.88461618962,-87.6445705849,1742,1752,434,434,1223,1255,3494,2478,868
"146","15539","Desplaines St & Jackson Blvd",41.8781189009123,-87.6439476013184,1622,1591,357,351,1219,1198,3213,2417,708
"147","15541","Buckingham Fountain",41.8765351944122,-87.62047290802,1508,1494,240,218,937,903,3002,1840,458
"148","15542","Clinton St & Polk St",41.87146651779,-87.6409491327,168,161,52,45,106,108,329,214,97
"149","15544","Shedd Aquarium",41.86722595682,-87.6153553902,3601,3588,717,698,2145,2199,7189,4344,1415
"150","15545","Burnham Harbor",41.856268,-87.613348,1896,1882,265,242,1457,1474,3778,2931,507
"151","15546","Calumet Ave & 21st St",41.85418424947,-87.6191537415,606,558,137,127,411,378,1164,789,264
"152","15550","Canal St & Taylor St",41.870257,-87.639474,799,790,199,190,553,575,1589,1128,389
"153","15571","Broadway & Granville Ave",41.9947796884,-87.6602845349,1087,1059,276,270,758,735,2146,1493,546
"154","15575","Broadway & Thorndale Ave",41.98974251144,-87.6601406209,987,1013,283,283,664,684,2000,1348,566
"155","15578","Broadway & Ridge Ave",41.9840446107,-87.6602738295,1099,1023,328,302,738,686,2122,1424,630
"156","15585","Budlong Woods Library",41.98366470886,-87.6964225611,125,129,61,63,59,61,254,120,124
"157","15597","Halsted St & 69th St",41.76906172032,-87.6446135779,17,2,8,1,9,1,19,10,9
"158","15599","Calumet Ave & 71st St",41.76550800581,-87.616917925,11,9,4,5,7,4,20,11,9
"159","15615","Christiana Ave & Lawrence Ave",41.96835449363,-87.7118306675,205,227,95,97,104,118,432,222,192
"160","15621","Albany Ave & Montrose Ave",41.9610165,-87.7057588333333,302,334,132,135,159,187,636,346,267
"161","15622","California Ave & Montrose Ave",41.961068,-87.695439,467,487,155,161,263,282,954,545,316
"162","15623","Campbell Ave & Montrose Ave",41.961526,-87.691165,350,366,146,143,200,216,716,416,289
"163","15624","Avondale Ave & Irving Park Rd",41.953393,-87.732002,339,294,186,169,141,102,633,243,355
"164","15628","California Ave & Byron St",41.952162,-87.698051,338,364,125,119,179,200,702,379,244
"165","15631","Troy St & Elston Ave",41.94524356848,-87.7066499009,290,320,88,87,186,213,610,399,175
"166","15632","Talman Ave & Addison St",41.9466358306,-87.694614758,464,484,180,182,266,285,948,551,362
"167","15634","Western Ave & Roscoe St",41.943034,-87.687288,404,426,96,95,290,311,830,601,191
"168","15640","Avers Ave & Belmont Ave",41.939408,-87.723574,269,291,110,112,140,154,560,294,222
"169","15642","California Ave & Fletcher St",41.93842879148,-87.698007756,542,620,258,261,265,334,1162,599,519
"170","15643","Kosciuszko Park",41.93058537138,-87.7237773635,308,348,132,135,170,203,656,373,267
"171","15644","Central Park Ave & Elbridge Ave",41.93533728263,-87.7168892935,303,317,146,153,148,148,620,296,299
"172","15645","Richmond St & Diversey Ave",41.931902,-87.701195,342,430,113,114,217,288,772,505,227
"173","15646","California Ave & Altgeld St",41.92669,-87.697668,642,673,242,239,373,402,1315,775,481
"174","15648","Campbell Ave & Fullerton Ave",41.92463247165,-87.6893070063,484,494,195,195,264,281,978,545,390
"175","15650","Spaulding Ave & Armitage Ave",41.9171080347893,-87.7102209627628,675,724,240,237,399,447,1399,846,477
"176","15651","Humboldt Blvd & Armitage Ave",41.9175375,-87.7018003333333,920,883,309,299,576,538,1803,1114,608
"177","15652","Central Park Ave & North Ave",41.9096091666667,-87.7166286666667,179,212,80,74,84,120,391,204,154
"178","15653","Troy St & North Ave",41.90976930169,-87.7052804871,431,410,116,108,301,285,841,586,224
"179","15654","Spaulding Ave & Division St",41.902707,-87.70922,306,318,119,112,164,181,624,345,231
"180","15655","Albany Ave & Bloomingdale Ave",41.91402671273,-87.705126462,767,713,290,268,450,420,1480,870,558
"181","15664","Artesian Ave & Hubbard St",41.88949181977,-87.6882193648,412,356,184,154,215,194,768,409,338
"182","15666","California Ave & Lake St",41.884432,-87.6962905,154,138,67,68,75,65,292,140,135
"183","15667","Western Ave & Monroe St",41.879788,-87.686113,322,347,120,116,187,220,669,407,236
"184","15668","Western Ave & Congress Pkwy",41.87474885079,-87.6864452757,564,538,194,181,347,335,1102,682,375
"185","15682","Kedzie Ave & Roosevelt Rd",41.866523,-87.7064918333333,64,80,22,24,31,47,144,78,46
"186","15685","Central Park Ave & Ogden Ave",41.854064,-87.715117,119,88,56,43,50,39,207,89,99
"187","15686","Kedzie Ave & 21st St",41.853534,-87.705073,78,69,10,7,56,47,147,103,17
"188","15687","Central Park Ave & 24th St",41.8481,-87.715068,22,26,8,11,11,10,48,21,19
"189","15689","California Ave & 23rd Pl",41.84910969176,-87.6951398068,162,126,51,51,104,66,288,170,102
"190","15691","Albany Ave & 26th St",41.8445123333333,-87.7020616666667,44,43,18,18,23,23,87,46,36
"191","15692","California Ave & 26th St",41.8438885,-87.6953956666667,68,62,41,39,24,20,130,44,80
"192","16010","Keystone Ave & Fullerton Ave",41.92459,-87.72785,112,186,31,30,70,134,298,204,61
"193","16806","Bosworth Ave & Howard St",42.019537,-87.669563,130,123,35,34,90,84,253,174,69
"194","16903","Cicero Ave & Lake St",41.886841,-87.745261,21,17,9,9,12,8,38,20,18
"195","16905","Central Ave & Lake St",41.887664,-87.765469,39,27,21,12,15,12,66,27,33
"196","16906","Austin Blvd & Lake St",41.8879173333333,-87.7743945,118,105,92,79,21,22,223,43,171
"197","16907","Central Park Blvd & 5th Ave",41.8756593333333,-87.715506,21,17,5,4,13,12,38,25,9
"198","16912","Cicero Ave & Flournoy St",41.872131,-87.746619,21,8,13,5,7,3,29,10,18
"199","16913","Cicero Ave & Quincy St",41.877613,-87.745405,16,18,9,8,6,9,34,15,17
"200","16915","Central Ave & Harrison St",41.872993,-87.764499,24,18,12,11,10,6,42,16,23
"201","16916","Central Ave & Madison St",41.880121,-87.763238,17,29,3,3,12,23,46,35,6
"202","16918","Austin Blvd & Madison St",41.880281,-87.774453,42,48,27,27,11,15,90,26,54
"203","16920","Central Ave & Chicago Ave",41.894919,-87.7649236666667,67,67,43,42,24,24,134,48,85
"204","16921","Austin Blvd & Chicago Ave",41.8948943333333,-87.774526,59,58,35,31,21,24,117,45,66
"205","16932","Ashland Ave & Pershing Rd",41.823465,-87.665577,73,53,18,11,45,36,126,81,29
"206","16933","Morgan St & Pershing Rd",41.823613,-87.650931,12,33,5,5,6,26,45,32,10
"207","16937","Ashland Ave & McDowell Ave",41.80887,-87.66454,29,43,6,6,18,28,72,46,12
"208","16940","Ashland Ave & 50th St",41.803023,-87.664699,27,16,16,11,11,5,43,16,27
"209","16943","Ashland Ave & Garfield Blvd",41.792822,-87.664429,12,12,1,1,11,10,24,21,2
"210","16948","Ashland Ave & 63rd St",41.779374,-87.664843,35,18,24,11,10,4,53,14,35
"211","16950","Ashland Ave & 66th St",41.774074,-87.663815,9,8,5,3,4,4,17,8,8
"212","16953","Vincennes Ave & 75th St",41.7579371666667,-87.631179,31,21,23,12,8,7,52,15,35
"213","16970","Bennett Ave & 79th St",41.751785,-87.578496,22,19,13,9,4,7,41,11,22
"214","16991","Milwaukee Ave & Cuyler Ave",41.954468,-87.749594,139,149,75,73,59,66,288,125,148
"215","16994","Kilbourn Ave & Milwaukee Ave",41.9470708941847,-87.7400082349777,47,66,21,21,25,41,113,66,42
"216","17660","California Ave & Cortez St",41.900363,-87.696704,826,859,296,293,496,518,1685,1014,589
"217","18003","Fairbanks St & Superior St",41.895748,-87.620104,1238,1240,352,347,816,837,2478,1653,699
"218","18016","Bernard St & Elston Ave",41.949923,-87.713949,187,179,86,85,94,92,366,186,171
"219","18017","Central Park Ave & Bloomingdale Ave",41.914166,-87.716755,432,448,78,78,294,321,880,615,156
"220","18022","Archer (Damen) Ave & 37th St",41.826712,-87.683144,72,74,23,24,36,42,146,78,47
"221","18025","Carpenter St & 63rd St",41.7799286666667,-87.650928,10,8,8,6,1,2,18,3,14
"222","18058","Leavitt St & Chicago Ave",41.895501,-87.682017,612,721,169,169,425,525,1333,950,338
"223","18062","Aberdeen St & Randolph St",41.884114,-87.654264,1460,1456,368,364,1045,1035,2916,2080,732
"224","18067","Walsh Park",41.91461,-87.667968,1175,1037,191,181,927,809,2212,1736,372
"225","18069","Cherry Ave & Blackhawk St",41.907221,-87.655618,267,262,76,71,174,179,529,353,147
"226","20.0","Damen Ave & Wabansia Ave",41.91,-87.68,90,96,90,96,0,0,186,0,186
"227","20101","Summit Ave & 86th St",41.7378191666667,-87.6448756666667,16,26,15,16,1,10,42,11,31
"228","201022","Loomis St & 89th St",41.7323797532955,-87.6580694317818,16,12,10,6,6,6,28,12,16
"229","20103","Prospect Sq & 91st St",41.7280166666667,-87.6676276666667,60,52,35,31,25,20,112,45,66
"230","20104","State St & 95th St",41.7215978333333,-87.6228158333333,122,101,100,85,19,14,223,33,185
"231","20105","Halsted St & 96th St",41.7197121836188,-87.6430195569992,23,20,18,16,2,2,43,4,34
"232","20106","Chicago State University",41.7189491666667,-87.60838,208,203,175,165,26,31,411,57,340
"233","20107","Walden Pkwy & 100th St",41.7122413333333,-87.6677886666667,52,34,42,22,10,12,86,22,64
"234","20108","Hale Ave & 107th St",41.6991785,-87.6688513333333,57,51,40,32,14,14,108,28,72
"235","20109","Vernon Ave & 107th St",41.7002856666667,-87.6123428333333,13,15,13,11,0,0,28,0,24
"236","20110","Eberhart Ave & 91st St",41.7292851572549,-87.6110315322876,33,27,2,1,30,24,60,54,3
"237","20112","Indiana Ave & 103rd St",41.7071478333333,-87.6183246666667,14,11,8,7,6,4,25,10,15
"238","20113","Dauphin Ave & 103rd St",41.7072503677818,-87.6076626777649,18,11,7,6,8,3,29,11,13
"239","20114","Doty Ave & 111th St",41.6950195,-87.5987543333333,13,7,12,6,1,1,20,2,18
"240","20116","Dauphin Ave & 87th St",41.7365590228221,-87.6012575626373,29,22,5,5,24,17,51,41,10
"241","20118","Eggleston Ave & 92nd St",41.7276666666667,-87.6348866666667,32,23,17,11,15,12,55,27,28
"242","20119","Elizabeth St & 92nd St",41.726819,-87.654355,45,29,27,11,17,18,74,35,38
"243","20120","Stewart Ave & 83rd St",41.7436423333333,-87.6340666666667,37,27,30,19,7,8,64,15,49
"244","20121","Loomis Blvd & 84th St",41.741487,-87.65841,28,25,21,17,6,7,53,13,38
"245","20123","Western Ave & 104th St",41.7046223333333,-87.6812118333333,34,28,22,15,11,12,62,23,37
"246","20124","Vincennes Ave & 104th St",41.7049913333333,-87.6570508333333,28,17,27,17,0,0,45,0,44
"247","20125","Halsted St & 104th St",41.7051397889324,-87.6424241065979,32,18,26,13,6,5,50,11,39
"248","20126","S Aberdeen St & W 106th St",41.7,-87.65,5,4,5,4,0,0,9,0,9
"249","20127","Halsted St & 111th St",41.692263,-87.642612,62,32,60,29,0,0,94,0,89
"250","20129","Ada St & 113th St",41.6876025,-87.65548,8,6,8,6,0,0,14,0,14
"251","20130","Wentworth Ave & 104th St",41.7053648333333,-87.6288926666667,9,5,8,4,1,0,14,0,12
"252","20131","Cottage Grove Ave & 111th Pl",41.6916351666667,-87.6100365,31,20,20,12,11,7,51,18,32
"253","20134","Maryland Ave & 104th St",41.71,-87.6,6,7,6,7,0,0,13,0,13
"254","20201","Kedzie Ave & 104th St",41.7,-87.7,12,1,12,1,0,0,13,0,13
"255","20202","W 103rd St & S Avers Ave",41.71,-87.72,31,27,31,27,0,0,58,0,58
"256","20203","Lawndale Ave & 111th St",41.6912771666667,-87.7128418333333,43,35,20,18,13,10,78,23,38
"257","20204","Kedzie Ave & 110th St",41.6923841666667,-87.7009625,26,26,19,17,5,6,52,11,36
"258","20205","Western Ave & 111th St",41.6912335,-87.681335,43,30,28,13,7,8,73,15,41
"259","20206","Homewood Ave & 115th St",41.684608,-87.6708241666667,32,21,31,19,0,0,53,0,50
"260","20207","Major Taylor Trail & 115th St",41.684932,-87.645289,59,50,48,36,5,7,109,12,84
"261","20208","Major Taylor Trail & 124th St",41.668709,-87.6372058333333,18,16,13,10,3,4,34,7,23
"262","20210","State St & 123rd St",41.6706641666667,-87.622805,46,48,44,42,0,0,94,0,86
"263","20211","Eberhart Ave & 131st St",41.6580121666667,-87.6107815,10,6,10,5,0,0,16,0,15
"264","20212","Altgeld Gardens",41.656666,-87.598801,3,2,1,1,1,1,5,2,2
"265","20213","Commercial Ave & 130th St",41.6591541666667,-87.5508495,13,7,8,4,4,2,20,6,12
"266","20214","Avenue O & 134th St",41.6518678022852,-87.5396713614464,12,9,2,1,8,6,21,14,3
"267","20215","Hegewisch Metra Station",41.6485865,-87.5462308333333,11,4,11,4,0,0,15,0,15
"268","20217","Torrence Ave & 126th Pl",41.6662581666667,-87.5571845,20,19,20,19,0,0,39,0,39
"269","20218","Avenue O & 118th St",41.6810141666667,-87.5379075,17,16,14,11,3,4,33,7,25
"270","20220","Avenue L & 114th St",41.69,-87.54,2,2,2,2,0,0,4,0,4
"271","20221","Torrence Ave & 106th St",41.702801,-87.559726,6,4,4,1,0,0,10,0,5
"272","20222","Burnham Greenway & 105th St",41.7045750872071,-87.5282317399979,41,37,27,21,10,12,78,22,48
"273","20223","Ewing Ave & Burnham Greenway",41.712748761095,-87.5348138809204,14,17,5,6,7,7,31,14,11
"274","20224","Calumet Park",41.71371,-87.530844,61,58,9,7,22,23,119,45,16
"275","20225","Commercial Ave & 100th St",41.713317395477,-87.5510975718498,9,6,6,4,2,2,15,4,10
"276","20226","Oglesby Ave & 100th St",41.7133974844224,-87.5658416748047,21,17,13,12,8,5,38,13,25
"277","20227","Bradley Park",41.717878301935,-87.5645917654037,7,3,2,2,5,1,10,6,4
"278","20228","Constance Ave & 95th St",41.7222907409526,-87.5789684057236,9,8,6,3,3,4,17,7,9
"279","20229","Baltimore Ave & 87th St",41.7373356004167,-87.5485146045685,13,15,3,2,8,11,28,19,5
"280","20230","Clyde Ave & 87th St",41.7371514643106,-87.572740316391,25,27,7,6,16,20,52,36,13
"281","20231","East End Ave & 87th St",41.736789,-87.5828485,25,25,13,14,11,11,50,22,27
"282","20232","Big Marsh Park",41.6858770556233,-87.573823928833,30,27,16,13,8,8,57,16,29
"283","20233","Halsted St & 78th St",41.7525603333333,-87.6437578333333,17,13,10,5,6,8,30,14,15
"284","20234","Ashland Ave & 78th St",41.7522351666667,-87.6638556666667,24,10,21,3,3,7,34,10,24
"285","20235","Greenwood Ave & 91st St",41.728264,-87.597299,6,3,2,0,2,2,9,4,0
"286","20236","Stony Island Ave & 90th St",41.7313988333333,-87.5857716666667,29,33,24,26,5,7,62,12,50
"287","20237","Yates Blvd & 93rd St",41.7261541666667,-87.5663796666667,29,32,26,24,3,8,61,11,50
"288","20238","Greenwood Ave & 97th St",41.7187031547574,-87.5970357656479,30,26,26,23,4,3,56,7,49
"289","20239","Marquette Ave & 89th St",41.7336687907147,-87.558342218399,7,7,3,2,4,5,14,9,5
"290","20242","Houston Ave & 92nd St",41.7281803333333,-87.5495363333333,18,23,12,14,5,8,41,13,26
"291","20243","Michigan Ave & 114th St",41.6870147946712,-87.6210522651672,11,12,5,7,6,4,23,10,12
"292","20244","Halsted St & 73rd St",41.7616556666667,-87.644085,10,13,4,6,5,5,23,10,10
"293","20245","Ashland Ave & 74th St",41.7591115,-87.6634856666667,43,29,31,20,9,9,72,18,51
"294","20246.0","N Green St & W Lake St",41.89,-87.65,273,168,273,168,0,0,441,0,441
"295","20247.0","W Washington Blvd & N Peoria St",41.88,-87.65,6,9,6,9,0,0,15,0,15
"296","202480.0","Hampden Ct & Diversey Ave",41.93,-87.64,44,65,44,65,0,0,109,0,109
"297","20249.0","N Clark St & W Elm St",41.9,-87.63,1,1,1,1,0,0,2,0,2
"298","20251.0","N Carpenter St & W Lake St",41.89,-87.65,10,12,10,12,0,0,22,0,22
"299","20252.0","W Oakdale Ave & N Broadway",41.94,-87.64,299,207,299,207,0,0,506,0,506
"300","20253.0","N Paulina St & Lincoln Ave",41.94,-87.67,17,20,17,20,0,0,37,0,37
"301","20254.0","W Armitage Ave & N Sheffield Ave",41.92,-87.65,128,113,128,113,0,0,241,0,241
"302","20256.0","N Sheffield Ave & W Wellington Ave",41.94,-87.65,78,51,78,51,0,0,129,0,129
"303","20257.0","N Southport Ave & W Newport Ave",41.94,-87.66,70,66,70,66,0,0,136,0,136
"304","20260.0","Ping Tom Park (East)",41.86,-87.63,3,3,3,3,0,0,6,0,6
"305","301","Monticello Ave & Chicago Ave",41.9,-87.72,20,17,20,17,0,0,37,0,37
"306","302","Lamon Ave & Chicago Ave",41.9,-87.75,8,5,8,5,0,0,13,0,13
"307","303","Kildare Ave & Division St",41.9,-87.73,26,20,26,20,0,0,46,0,46
"308","304","Lavergne Ave & Division St",41.9,-87.75,18,13,18,13,0,0,31,0,31
"309","305","Menard Ave & Division St",41.9,-87.77,27,20,27,20,0,0,47,0,47
"310","308","Major Ave & Bloomingdale Ave",41.91,-87.77,40,15,40,15,0,0,55,0,55
"311","309","Narragansett & McLean",41.92,-87.79,28,15,28,15,0,0,43,0,43
"312","310","North Ave & New England Ave",41.91,-87.8,20,15,20,15,0,0,35,0,35
"313","312","Lockwood Ave & Wrightwood Ave",41.93,-87.76,72,73,72,73,0,0,145,0,145
"314","313","Long Ave & Belden Ave",41.92,-87.76,60,25,60,25,0,0,85,0,85
"315","314","Narragansett & Wrightwood",41.93,-87.79,108,82,108,82,0,0,190,0,190
"316","316","Lamon Ave & Belmont Ave",41.94,-87.75,87,61,87,61,0,0,148,0,148
"317","317","Long Ave & Belmont Ave",41.94,-87.76,77,53,77,53,0,0,130,0,130
"318","318","Oak Park & Wellington",41.93,-87.8,64,51,64,51,0,0,115,0,115
"319","319","Roscoe & Harlem",41.94,-87.81,31,22,31,22,0,0,53,0,53
"320","320","Orange & Addison",41.94,-87.82,36,31,36,31,0,0,67,0,67
"321","321","Kostner Ave & Wrightwood Ave",41.93,-87.74,118,68,118,68,0,0,186,0,186
"322","322","Cicero Ave & Grace St",41.95,-87.75,26,12,26,12,0,0,38,0,38
"323","323","Narragansett & Irving Park",41.95,-87.79,43,28,43,28,0,0,71,0,71
"324","324","Meade Ave & Addison St",41.95,-87.78,35,31,35,31,0,0,66,0,66
"325","325","Harlem Ave & Grace St",41.95,-87.81,26,12,26,12,0,0,38,0,38
"326","326","Harlem & Irving Park",41.95,-87.81,41,22,41,22,0,0,63,0,63
"327","327","Plainfield & Irving Park",41.95,-87.83,32,35,32,35,0,0,67,0,67
"328","329.0","Central Park Ave & Douglas Blvd",41.86,-87.72,28,22,28,22,0,0,50,0,50
"329","330.0","Keeler Ave & Roosevelt Rd",41.87,-87.73,24,14,24,14,0,0,38,0,38
"330","331","Halsted St & Clybourn Ave",41.909668,-87.648128,2805,2719,666,658,2062,1984,5524,4046,1324
"331","331.0","Pulaski Rd & 21st St",41.85,-87.72,25,22,25,22,0,0,47,0,47
"332","332.0","Harding Ave & 26th St",41.84,-87.72,16,7,16,7,0,0,23,0,23
"333","334.0","Lawndale Ave & 30th St",41.84,-87.72,23,19,23,19,0,0,42,0,42
"334","335.0","Komensky Ave & 31st St",41.84,-87.73,31,12,31,12,0,0,43,0,43
"335","337","Hoyne Ave & 34th St",41.83,-87.68,4,4,4,4,0,0,8,0,8
"336","338","California Ave & 36th St",41.83,-87.69,2,2,2,2,0,0,4,0,4
"337","339","Sacramento Ave & Pershing Rd",41.82,-87.7,1,0,1,0,0,0,0,0,0
"338","341","Archer Ave & 43rd St",41.82,-87.7,1,2,1,2,0,0,3,0,3
"339","348","Western Ave & 62nd St",41.78,-87.68,10,0,10,0,0,0,0,0,0
"340","351","Mulligan Ave & Wellington Ave",41.93,-87.78,97,67,97,67,0,0,164,0,164
"341","352","Sayre & Diversey",41.93,-87.8,34,34,34,34,0,0,68,0,68
"342","353","Meade Ave & Diversey Ave",41.93,-87.78,18,8,18,8,0,0,26,0,26
"343","354","Parkside Ave & Armitage Ave",41.92,-87.77,8,4,8,4,0,0,12,0,12
"344","355","Central Ave & Parker Ave",41.93,-87.77,44,33,44,33,0,0,77,0,77
"345","356","Lavergne & Fullerton",41.92,-87.75,53,29,53,29,0,0,82,0,82
"346","357","Lamon Ave & Armitage Ave",41.92,-87.75,84,49,84,49,0,0,133,0,133
"347","358","Kilpatrick Ave & Parker Ave",41.93,-87.74,61,48,61,48,0,0,109,0,109
"348","359","Kilbourn & Belden",41.92,-87.74,112,72,112,72,0,0,184,0,184
"349","360","Kilbourn & Roscoe",41.94,-87.74,118,75,118,75,0,0,193,0,193
"350","361","Kenosha & Wellington",41.93,-87.73,34,15,34,15,0,0,49,0,49
"351","362.0","Lawndale Ave & 16th St",41.86,-87.72,38,23,38,23,0,0,61,0,61
"352","363.0","Tripp Ave & 15th St",41.86,-87.73,17,2,17,2,0,0,19,0,19
"353","364.0","Homan Ave & Fillmore St",41.87,-87.71,46,19,46,19,0,0,65,0,65
"354","365.0","Kildare Ave & 26th St",41.84,-87.73,4,6,4,6,0,0,10,0,10
"355","366.0","Spaulding Ave & 16th St",41.86,-87.71,53,32,53,32,0,0,85,0,85
"356","368.0","Tripp Ave & 31st St",41.84,-87.73,30,21,30,21,0,0,51,0,51
"357","371","Kildare Ave & Chicago Ave",41.9,-87.73,1,2,1,2,0,0,3,0,3
"358","375","Long Ave & North Ave",41.91,-87.76,13,4,13,4,0,0,17,0,17
"359","377","Bloomingdale Ave & Harlem Ave",41.91,-87.81,15,7,15,7,0,0,22,0,22
"360","378","Nordica & Medill",41.92,-87.8,27,20,27,20,0,0,47,0,47
"361","379","Rockwell St & Archer Ave",41.82,-87.69,8,5,8,5,0,0,13,0,13
"362","382","Kedzie Ave & 48th Pl",41.8,-87.7,26,15,26,15,0,0,41,0,41
"363","384","Kedzie Ave & 52nd St",41.8,-87.7,49,29,49,29,0,0,78,0,78
"364","385","St Louis Ave & Norman Bobbins Ave",41.79,-87.71,10,5,10,5,0,0,15,0,15
"365","388","Richmond St & 59th St",41.79,-87.7,8,3,8,3,0,0,11,0,11
"366","389","Maplewood Ave & 59th St",41.79,-87.69,2,1,2,1,0,0,3,0,3
"367","393","Oketo Ave & Addison St",41.94,-87.81,27,19,27,19,0,0,46,0,46
"368","394","Panama Ave & Grace St",41.95,-87.83,22,16,22,16,0,0,38,0,38
"369","396","Central Ave & Roscoe St",41.94,-87.77,35,27,35,27,0,0,62,0,62
"370","397","Narragansett Ave & School St",41.94,-87.79,65,45,65,45,0,0,110,0,110
"371","398","Long & Irving Park",41.95,-87.76,122,107,122,107,0,0,229,0,229
"372","473","Mason Ave & Belmont Ave",41.94,-87.77,46,27,46,27,0,0,73,0,73
"373","514","Ridge Blvd & Howard St",42.019276,-87.68452,126,106,55,49,66,52,232,118,104
"374","515","Paulina St & Howard St",42.019159,-87.673573,328,321,107,104,207,208,649,415,211
"375","517","Clark St & Jarvis Ave",42.015963,-87.675005,136,131,47,45,86,85,267,171,92
"376","518","Conservatory Dr & Lake St",41.8855041666667,-87.7168356666667,113,121,43,44,61,66,234,127,87
"377","519","Wolcott Ave & Fargo Ave",42.0169528333333,-87.6777526666667,67,65,36,35,30,28,132,58,71
"378","520","Greenview Ave & Jarvis Ave",42.015962,-87.66857,435,421,127,122,294,290,856,584,249
"379","523","Eastlake Ter & Rogers Ave",42.0208872805206,-87.6650579273701,313,298,110,109,190,173,611,363,219
"380","525","Glenwood Ave & Touhy Ave",42.012701,-87.666058,249,235,35,33,189,174,484,363,68
"381","527","Western Ave & Howard St",42.018875,-87.6900748333333,126,117,59,58,50,55,243,105,117
"382","528","Pulaski Rd & Lake St",41.885409,-87.726491,58,63,49,46,8,12,121,20,95
"383","530","Laramie Ave & Kinzie St",41.887832,-87.755527,33,21,13,14,16,7,54,23,27
"384","534","Karlov Ave & Madison St",41.88085,-87.727907,19,20,1,3,17,14,39,31,4
"385","535","Pulaski Rd & Congress Pkwy",41.874325,-87.725704,28,30,11,16,14,10,58,24,27
"386","536","Kostner Ave & Lake St",41.885928,-87.73541,14,8,1,0,13,8,22,21,0
"387","537","Kenton Ave & Madison St",41.880708,-87.741018,18,16,3,1,9,10,34,19,4
"388","540","Laramie Ave & Madison St",41.880207,-87.755337,45,46,29,26,14,19,91,33,55
"389","543","Laramie Ave & Gladys Ave",41.8758215,-87.7553105,21,22,6,6,14,14,43,28,12
"390","545","Kostner Ave & Adams St",41.877917,-87.735737,8,7,2,2,6,5,15,11,4
"391","546","Damen Ave & Pershing Rd",41.8231863333333,-87.676649,56,58,18,22,36,33,114,69,40
"392","549","Marshfield Ave & 44th St",41.8140125,-87.6665998333333,61,67,38,31,23,36,128,59,69
"393","553","Elizabeth St & 47th St",41.80839,-87.656526,4,1,0,0,3,1,5,4,0
"394","554","Damen Ave & 51st St",41.800908,-87.674684,8,14,3,2,4,9,22,13,5
"395","556","Throop St & 52nd St",41.799659,-87.657195,20,18,8,8,10,7,38,17,16
"396","557","Seeley Ave & Garfield Blvd",41.794087,-87.675478,9,9,5,4,4,4,18,8,9
"397","559","Racine Ave & Garfield Blvd",41.794228,-87.655073,13,13,6,6,7,7,26,14,12
"398","560","Marshfield Ave & 59th St",41.7867611666667,-87.6660783333333,16,16,16,13,0,0,32,0,29
"399","561","Damen Ave & 59th St",41.785861065132,-87.674143910408,17,27,11,12,5,13,44,18,23
"400","562","Racine Ave & 61st St",41.7831561666667,-87.654367,15,18,9,8,6,8,33,14,17
"401","564","Racine Ave & 65th St",41.7754591666667,-87.6542971666667,14,14,6,4,5,7,28,12,10
"402","567","May St & 69th St",41.768938,-87.652934,15,13,10,9,5,4,28,9,19
"403","569","Woodlawn Ave & 75th St",41.7591895,-87.5957418333333,8,10,7,5,1,5,18,6,12
"404","570","Evans Ave & 75th St",41.75849,-87.60641,13,19,5,5,8,14,32,22,10
"405","571","Vernon Ave & 75th St",41.758361,-87.614138,20,22,13,12,6,9,42,15,25
"406","572","State St & 76th St",41.756971,-87.624621,7,4,1,0,5,4,11,9,0
"407","573","State St & 79th St",41.7508138333333,-87.6244571666667,98,60,56,44,31,15,158,46,100
"408","574","Vernon Ave & 79th St",41.75094,-87.61379,24,27,7,6,9,14,51,23,13
"409","575","Cottage Grove Ave & 78th St",41.753174,-87.605026,33,21,10,4,20,10,54,30,14
"410","576","Greenwood Ave & 79th St",41.751292,-87.5974773333333,28,31,15,15,10,7,59,17,30
"411","577","Stony Island Ave & South Chicago Ave",41.7511563333333,-87.5852868333333,18,19,9,9,8,8,37,16,18
"412","579","Phillips Ave & 79th St",41.7517956666667,-87.5652321666667,66,66,23,22,38,37,132,75,45
"413","580","Exchange Ave & 79th St",41.7517115,-87.5528136666667,6,9,2,3,4,4,15,8,5
"414","582","Phillips Ave & 83rd St",41.744531,-87.56506,5,1,0,0,5,1,6,6,0
"415","583","Stony Island Ave & 82nd St",41.746559,-87.586005,26,20,6,6,20,14,46,34,12
"416","584","Ellis Ave & 83rd St",41.7440925,-87.5990591666667,24,21,18,16,6,5,45,11,34
"417","585","Cottage Grove Ave & 83rd St",41.743441,-87.604836,38,36,16,14,19,22,74,41,30
"418","586","MLK Jr Dr & 83rd St",41.743116,-87.6148,17,15,8,7,9,8,32,17,15
"419","587","Wabash Ave & 83rd St",41.7432933333333,-87.6227473333333,8,9,5,7,3,2,17,5,12
"420","588","South Chicago Ave & 83rd St",41.743881,-87.5752605,10,12,5,4,4,6,22,10,9
"421","590","Kilbourn Ave & Irving Park Rd",41.953733,-87.740569,62,61,16,18,42,38,123,80,34
"422","592","Knox Ave & Montrose Ave",41.9606438333333,-87.7454206666667,86,89,43,41,36,41,175,77,84
"423","593","Halsted St & 59th St",41.787539,-87.644874,8,14,4,3,3,10,22,13,7
"424","594","Western Blvd & 48th Pl",41.8056765,-87.6833648333333,57,41,32,24,25,17,98,42,56
"425","595","Wabash Ave & 87th St",41.7366125,-87.622612,51,40,29,26,21,12,91,33,55
"426","596","Benson Ave & Church St",42.048214,-87.683485,929,924,279,281,580,587,1853,1167,560
"427","598","Elmwood Ave & Austin St",42.025784,-87.684107,153,154,67,58,80,85,307,165,125
"428","599","Valli Produce - Evanston Plaza",42.039742,-87.699413,149,152,80,82,58,64,301,122,162
"429","600","Dodge Ave & Church St",42.048308,-87.698224,123,126,52,46,66,71,249,137,98
"430","604","Sheridan Rd & Noyes St (NU)",42.058239,-87.677432,800,806,192,185,556,560,1606,1116,377
"431","605","University Library (NU)",42.052939,-87.673447,451,458,107,107,289,308,909,597,214
"432","620","Orleans St & Chestnut St (NEXT Apts)",41.898203,-87.637536,1660,1460,412,366,1205,1060,3120,2265,778
"433","623","Michigan Ave & 8th St",41.872773,-87.623981,2328,2164,488,415,1513,1386,4492,2899,903
"434","624","Dearborn St & Van Buren St",41.876268,-87.629155,929,852,215,183,653,613,1781,1266,398
"435","631","Malcolm X College Vaccination Site",41.877618,-87.673895,382,249,120,71,222,146,631,368,191
"436","632","Clark St & Newport St",41.94454,-87.654678,3422,3414,805,786,2475,2496,6836,4971,1591
"437","636","Orleans St & Hubbard St",41.890028,-87.636618,1194,1130,314,297,854,808,2324,1662,611
"438","637","Wood St & Chicago Ave",41.895634,-87.672069,1014,1011,253,252,737,732,2025,1469,505
"439","638","Clinton St & Jackson Blvd",41.8783166118307,-87.6409810781479,1970,1791,533,476,1372,1271,3761,2643,1009
"440","639","Lakefront Trail & Wilson Ave",41.965845,-87.645361,1323,1327,243,238,971,1005,2650,1976,481
"441","642","Latrobe Ave & Chicago Ave",41.894745,-87.756895,14,21,6,7,6,12,35,18,13
"442","643","Smith Park",41.8919491666667,-87.6894165,410,428,200,196,200,217,838,417,396
"443","644","Western Ave & Fillmore St",41.868563,-87.686234,664,657,319,321,333,319,1321,652,640
"444","646","State St & 54th St",41.796642,-87.625923,35,28,11,10,23,18,63,41,21
"445","647","Elizabeth St & 59th St",41.7896968804834,-87.65469789505,5,8,2,3,3,5,13,8,5
"446","649","Stewart Ave & 63rd St",41.7798581666667,-87.634736,35,33,26,20,9,13,68,22,46
"447","650","Eggleston Ave & 69th St",41.768898,-87.635876,9,5,1,0,7,4,14,11,0
"448","651","Michigan Ave & 71st St",41.765286,-87.621748,25,24,19,19,6,5,49,11,38
"449","652","Rhodes Ave & 71st St",41.766,-87.611726,13,12,5,5,8,5,25,13,10
"450","653","Cornell Dr & Hayes Dr",41.780595,-87.584846,98,84,16,10,63,52,182,115,26
"451","654","Racine Ave & Washington Blvd",41.8830746666667,-87.6570573333333,806,748,240,229,549,502,1554,1051,469
"452","655","Hoyne Ave & Balmoral Ave",41.9799091666667,-87.681955,278,307,105,106,164,186,585,350,211
"453","657","Wood St & Augusta Blvd",41.899181,-87.6722,906,835,239,231,645,594,1741,1239,470
"454","658","Leavitt St & Division St",41.902997,-87.683825,736,645,213,188,485,437,1381,922,401
"455","660","Sheridan Rd & Columbia Ave",42.004583,-87.661406,494,505,139,147,332,336,999,668,286
"456","661","Evanston Civic Center",42.057044,-87.686554,210,205,62,59,145,135,415,280,121
"457","662","Dodge Ave & Mulford St",42.023463,-87.699595,102,123,39,43,49,62,225,111,82
"458","665","South Chicago Ave & Elliot Ave",41.747363,-87.580046,11,8,4,3,5,3,19,8,7
"459","DIVVY 001","WEST CHI-WATSON",41.8947016666667,-87.7309233333333,5,8,5,7,0,0,13,0,12
"460","E002","Chicago Ave & Washington St",42.032562,-87.679101,514,503,168,161,328,319,1017,647,329
"461","E006","Central St Metra",42.063598,-87.69873,201,204,85,80,110,112,405,222,165
"462","E007","Central St & Girard Ave",42.064313,-87.686152,168,164,42,42,105,110,332,215,84
"463","E008","Chicago Ave & Sheridan Rd",42.050491,-87.677821,666,660,142,143,444,432,1326,876,285
"464","E011","Dodge Ave & Main St",42.0348256666667,-87.6991303333333,63,80,41,43,18,32,143,50,84
"465","E014","Lincolnwood Dr & Central St",42.064854,-87.715297,73,80,11,13,58,58,153,116,24
"466","Hubbard Bike-checking (LBS-WH-TEST)","Base - 2132 W Hubbard Warehouse",41.8899643333333,-87.6802623333333,48,80,43,41,5,26,128,31,84
"467","KA1503000001","Shields Ave & 43rd St",41.816226,-87.6349118333333,15,18,13,12,2,6,33,8,25
"468","KA1503000002","South Shore Dr & 71st St",41.7664094567,-87.5656875719,198,181,97,80,84,83,379,167,177
"469","KA1503000003","Cottage Grove Ave & 71st St",41.76571903697,-87.604959713,14,16,2,2,9,9,30,18,4
"470","KA1503000004","Lake Park Ave & 35th St",41.831274,-87.608799,417,438,119,117,219,233,855,452,236
"471","KA1503000005","Wentworth Ave & 35th St",41.830777,-87.632504,240,240,60,59,162,165,480,327,119
"472","KA1503000007","Cornell Ave & Hyde Park Blvd",41.802406,-87.586924,1092,1094,279,272,752,750,2186,1502,551
"473","KA1503000009","Princeton Ave & 47th St",41.8092956666667,-87.6334546666667,57,44,19,16,36,28,101,64,35
"474","KA1503000010","Halsted St & 51st St",41.80183164049,-87.645213904,28,27,10,9,17,17,55,34,19
"475","KA1503000011","Halsted St & 56th St",41.79292964599,-87.6449900565,15,11,6,6,8,5,26,13,12
"476","KA1503000012","Clark St & Lake St",41.88602082773,-87.6308760584,2181,2164,518,514,1573,1513,4345,3086,1032
"477","KA1503000013","Princeton Ave & Garfield Blvd",41.794982,-87.633124,55,43,18,17,33,25,98,58,35
"478","KA1503000014","Ellis Ave & 60th St",41.78509714636,-87.6010727606,2476,2454,306,293,2123,2112,4930,4235,599
"479","KA1503000015","Wabash Ave & Adams St",41.87947235235,-87.6256886059,1327,1311,302,295,934,884,2638,1818,597
"480","KA1503000018","Jeffery Blvd & 71st St",41.7666213333333,-87.5763625,56,55,34,29,22,25,111,47,63
"481","KA1503000019","Stony Island Ave & 75th St",41.75867,-87.586883,42,44,27,23,12,18,86,30,50
"482","KA1503000020","South Shore Dr & 74th St",41.762189,-87.559275,76,69,41,40,25,21,145,46,81
"483","KA1503000021","Stony Island Ave & 64th St",41.778881,-87.586647,78,67,26,23,47,33,145,80,49
"484","KA1503000022","Clark St & Montrose Ave",41.9615255,-87.666235,974,882,267,256,673,602,1856,1275,523
"485","KA1503000023","Stony Island Ave & 67th St",41.773458,-87.58534,35,36,10,11,19,21,71,40,21
"486","KA1503000024","Yates Blvd & 75th St",41.758768,-87.56644,18,12,5,2,11,8,30,19,7
"487","KA1503000025","Wentworth Ave & 63rd St",41.7800418333333,-87.6298218333333,94,78,75,63,17,14,172,31,138
"488","KA1503000027","Prairie Ave & 43rd St",41.81665889302,-87.6194124619,117,112,18,18,76,78,229,154,36
"489","KA1503000028","Jeffery Blvd & 76th St",41.75712006802,-87.5758393587,23,21,7,6,11,9,44,20,13
"490","KA1503000029","South Shore Dr & 67th St",41.773643,-87.567514,147,129,61,44,67,72,276,139,105
"491","KA1503000030","Jeffery Blvd & 67th St",41.77351755125,-87.5771428255,84,68,34,30,39,33,152,72,64
"492","KA1503000031","Cottage Grove Ave & 67th St",41.77372095205,-87.60563486,51,51,9,8,42,35,102,77,17
"493","KA1503000032","Union Ave & Root St",41.819119,-87.6432616666667,57,56,22,23,34,30,113,64,45
"494","KA1503000033","Eberhart Ave & 61st St",41.7840515,-87.6132581666667,114,124,80,79,29,32,238,61,159
"495","KA1503000034","LaSalle St & Adams St",41.87934437346,-87.6319852213,704,699,174,171,474,486,1403,960,345
"496","KA1503000038","Shields Ave & 31st St",41.838464,-87.635406,423,395,91,86,324,301,818,625,177
"497","KA1503000040","Loomis St & Archer Ave",41.84163253965,-87.6574349533,196,207,64,63,122,136,403,258,127
"498","KA1503000041","McClurg Ct & Erie St",41.894503,-87.617854,2579,2529,660,652,1783,1789,5108,3572,1312
"499","KA1503000043","Kingsbury St & Kinzie St",41.88917683258,-87.6385057718,4077,4086,1058,1065,2939,2956,8163,5895,2123
"500","KA1503000044","Rush St & Hubbard St",41.890546,-87.6263391666667,1266,1245,325,316,874,850,2511,1724,641
"501","KA1503000045","Stony Island Ave & 71st St",41.7664885,-87.5864706666667,65,67,30,28,33,34,132,67,58
"502","KA1503000046","Dorchester Ave & 63rd St",41.780406,-87.591416,130,132,25,27,90,89,262,179,52
"503","KA1503000047","Perry Ave & 69th St",41.7693248333333,-87.6282148333333,29,23,15,7,10,15,52,25,22
"504","KA1503000049","Rainbow Beach",41.757871,-87.549386,28,30,13,14,11,13,58,24,27
"505","KA1503000051","Halsted St & 47th Pl",41.8081853333333,-87.6456201666667,101,97,56,54,45,41,198,86,110
"506","KA1503000052","Ellis Ave & 53rd St",41.79933626261,-87.6009581145,825,820,175,173,626,632,1645,1258,348
"507","KA1503000053","MLK Jr Dr & 63rd St",41.7801966666667,-87.6159591666667,144,157,132,133,9,23,301,32,265
"508","KA1503000054","Cottage Grove Ave & 63rd St",41.780601,-87.605836,136,142,48,48,81,88,278,169,96
"509","KA1503000055","Halsted & 63rd - Kennedy-King Vaccination Site",41.77938114228,-87.6446208145,27,20,6,4,18,13,47,31,10
"510","KA1503000059","Lake Park Ave & 53rd St",41.79949429373,-87.5864498959,1076,1055,293,283,705,704,2131,1409,576
"511","KA1503000064","Dusable Harbor",41.886976,-87.612813,2403,2395,445,435,1442,1577,4798,3019,880
"512","KA1503000065","Woodlawn Ave & Lake Park Ave",41.8140495,-87.5969828333333,239,228,66,64,143,136,467,279,130
"513","KA1503000066","Wood St & 35th St",41.83010465416,-87.6702983089,91,95,30,30,52,55,186,107,60
"514","KA1503000068","Leavitt St & Archer Ave",41.8286846666667,-87.6806888333333,120,101,53,42,52,44,221,96,95
"515","KA1503000069","Dorchester Ave & 49th St",41.805772,-87.592464,217,195,93,82,113,109,412,222,175
"516","KA1503000070","Harper Ave & 59th St",41.787956,-87.5882833333333,494,470,79,75,397,381,964,778,154
"517","KA1503000071","University Ave & 57th St",41.791478,-87.599861,2075,2060,420,397,1601,1614,4135,3215,817
"518","KA1503000072","Wacker Dr & Washington St",41.8832531952286,-87.6365125179291,1095,1106,372,380,691,694,2201,1385,752
"519","KA1503000073","MLK Jr Dr & 56th St",41.79342945658,-87.6158532619,55,35,15,9,33,20,90,53,24
"520","KA1503000074","Museum of Science and Industry",41.7917885,-87.5839445,734,704,167,150,472,448,1438,920,317
"521","KA1503000075","DuSable Museum",41.79156801058,-87.6078521774,157,116,32,26,112,84,273,196,58
"522","KA1504000076","Ellis Ave & 55th St",41.79430062054,-87.6014497734,2052,2063,298,296,1718,1741,4115,3459,594
"523","KA1504000078","Lincoln Ave & Winona St",41.974923,-87.6927535,367,364,159,154,193,193,731,386,313
"524","KA1504000079","Larrabee St & Division St",41.9035301666667,-87.6432931666667,1550,1534,331,322,1151,1167,3084,2318,653
"525","KA1504000080","Washtenaw Ave & Lawrence Ave",41.9686501666667,-87.6962325,445,455,204,198,226,241,900,467,402
"526","KA1504000082","Kedzie Ave & Harrison St",41.87359967462,-87.7048707493,49,43,22,21,25,21,92,46,43
"527","KA1504000086","Kedzie Ave & 24th St",41.84819094491,-87.7054137458,41,34,14,14,23,16,75,39,28
"528","KA1504000090","St. Louis Ave & Fullerton Ave",41.9248155968119,-87.714495062828,443,493,140,142,287,325,936,612,282
"529","KA1504000091","Hoyne Ave & 47th St",41.808227,-87.67718,61,49,26,20,34,25,110,59,46
"530","KA1504000093","Rockwell St & Eastwood Ave",41.9659226666667,-87.6937198333333,353,370,152,150,182,204,723,386,302
"531","KA1504000096","Sawyer Ave & Irving Park Rd",41.95358617895,-87.7093107999,221,243,91,93,124,140,464,264,184
"532","KA1504000097","Drake Ave & Montrose Ave",41.9611441666667,-87.7165156666667,180,189,63,66,109,114,369,223,129
"533","KA150400009X","Kimball Ave & Belmont Ave",41.9394166666667,-87.7116661666667,325,282,134,129,181,144,607,325,263
"534","KA1504000101","Ogden Ave & Roosevelt Rd",41.86650148316,-87.68469707,293,273,72,67,192,192,566,384,139
"535","KA1504000102","Fairfield Ave & Roosevelt Rd",41.866624,-87.694521,115,120,55,51,48,52,235,100,106
"536","KA1504000103","Western Ave & Walton St",41.89841768945,-87.6865960164,1160,1075,369,340,749,693,2235,1442,709
"537","KA1504000104","Paulina St & Flournoy St",41.87295,-87.66913,1246,1258,293,288,943,960,2504,1903,581
"538","KA1504000106","Kedzie Ave & Lake St",41.88460328501,-87.7063037436,133,127,61,60,68,55,260,123,121
"539","KA1504000109","Washtenaw Ave & Ogden Ave",41.8619304927826,-87.6934504508972,238,238,67,61,136,150,476,286,128
"540","KA1504000110","Millard Ave & 26th St",41.8445818333333,-87.7159983333333,46,71,20,21,24,43,117,67,41
"541","KA1504000113","Sacramento Blvd & Franklin Blvd",41.8904687924386,-87.7026075124741,47,45,11,10,35,35,92,70,21
"542","KA1504000114","Kedzie Ave & Chicago Ave",41.8954803333333,-87.7061853333333,107,132,25,27,61,83,239,144,52
"543","KA1504000116","Larrabee St & Oak St",41.90021949323,-87.6429854676,1167,930,330,216,808,692,2097,1500,546
"544","KA1504000117","Halsted St & North Branch St",41.89936843921,-87.6484798752,418,312,116,100,296,203,730,499,216
"545","KA1504000126","Kedzie Ave & Leland Ave",41.966686,-87.708052,191,187,78,73,99,95,378,194,151
"546","KA1504000127","Manor Ave & Leland Ave",41.9658655,-87.700777,301,302,129,124,167,171,603,338,253
"547","KA1504000128","Kedzie Ave & Foster Ave",41.975672,-87.709261,160,161,36,36,115,122,321,237,72
"548","KA1504000129","Western Ave & Granville Ave",41.99416136902,-87.689438282,190,231,93,94,88,129,421,217,187
"549","KA1504000130","Maplewood Ave & Peterson Ave",41.99023602867,-87.6933696402,94,105,37,37,53,58,199,111,74
"550","KA1504000133","Rush St & Cedar St",41.9024943333333,-87.6277343333333,2850,2865,712,717,2004,2018,5715,4022,1429
"551","KA1504000134","Ritchie Ct & Banks St",41.906866,-87.626217,1799,1717,471,465,1249,1188,3516,2437,936
"552","KA1504000135","Wells St & Elm St",41.9031971666667,-87.6344503333333,5032,5040,1151,1143,3771,3813,10072,7584,2294
"553","KA1504000139","Monticello Ave & Irving Park Rd",41.9539508333333,-87.7191576666667,212,225,94,89,108,124,437,232,183
"554","KA1504000140","Winchester Ave & Elston Ave",41.92409085038,-87.6764600747,545,583,135,135,394,431,1128,825,270
"555","KA1504000141","Pulaski Rd & Eddy St (Temp)",41.946264,-87.731023,77,78,37,34,36,36,155,72,71
"556","KA1504000142","Drake Ave & Addison St",41.947326,-87.717582,151,147,59,59,80,82,298,162,118
"557","KA1504000143","Leavitt St & Addison St",41.946655,-87.683359,430,448,108,110,301,314,878,615,218
"558","KA1504000146","Clark St & Berwyn Ave",41.9779966544,-87.6680471047,1652,1710,557,562,1017,1069,3362,2086,1119
"559","KA1504000147","Winchester (Ravenswood) Ave & Balmoral Ave",41.979762,-87.67753,278,285,92,91,174,184,563,358,183
"560","KA1504000148","Clark St & Elmdale Ave",41.9908636666667,-87.6697231666667,443,422,118,114,306,293,865,599,232
"561","KA1504000149","Damen Ave & Foster Ave",41.97561480459,-87.6794590387,596,649,214,222,363,401,1245,764,436
"562","KA1504000151","Clark St & Bryn Mawr Ave",41.983593,-87.669154,1077,1132,350,343,685,743,2209,1428,693
"563","KA1504000152","Lakefront Trail & Bryn Mawr Ave",41.9840643333333,-87.6524543333333,2332,2338,467,466,1702,1701,4670,3403,933
"564","KA1504000155","2112 W Peterson Ave",41.991178,-87.683593,125,143,55,53,70,86,268,156,108
"565","KA1504000156","Clark St & Schreiber Ave",41.99925182186,-87.6713773393,428,430,147,145,266,273,858,539,292
"566","KA1504000158","Oakley Ave & Irving Park Rd",41.95434085219,-87.6860796243,348,400,83,84,250,299,748,549,167
"567","KA1504000159","Sheridan Rd & Greenleaf Ave",42.01058656284,-87.6624120948,294,296,87,85,189,188,590,377,172
"568","KA1504000160","Francisco Ave & Foster Ave",41.97563272521,-87.7014194389,324,311,142,136,161,162,635,323,278
"569","KA1504000161","St. Louis Ave & Balmoral Ave",41.9803336666667,-87.716178,163,169,83,84,73,79,332,152,167
"570","KA1504000162","Clark St & Lunt Ave",42.0091516666667,-87.6742866666667,389,383,168,164,204,200,772,404,332
"571","KA1504000164","Keystone Ave & Montrose Ave",41.9610323333333,-87.7289628333333,116,116,46,46,59,64,232,123,92
"572","KA1504000167","Kedzie Ave & Bryn Mawr Ave",41.9812248627334,-87.7089723944664,147,162,46,45,95,109,309,204,91
"573","KA1504000168","Western & 28th - Velasquez Institute Vaccination Site",41.84151770807,-87.6851314409,22,15,9,8,12,6,37,18,17
"574","KA1504000171","Marine Dr & Ainslie St",41.9716,-87.650154,1209,1231,327,321,790,816,2440,1606,648
"575","KA1504000175","Glenwood Ave & Morse Ave",42.00797192287,-87.6655023944,622,618,189,193,402,399,1240,801,382
"576","KA17018054","Damen Ave & Walnut (Lake) St",41.885951,-87.677009,453,429,156,133,277,280,882,557,289
"577","KA17018068","Leavitt St & Belmont Ave",41.939354,-87.683282,678,658,197,196,450,425,1336,875,393
"578","KA1706005007","Delano Ct & Roosevelt Rd",41.867491,-87.63219,946,914,279,272,618,604,1860,1222,551
"579","KA1706005015","Kildare Ave & Montrose Ave",41.9610183333333,-87.7356623333333,87,96,13,11,69,79,183,148,24
"580","KP1705001026","LaSalle Dr & Huron St",41.894877,-87.632326,2057,1876,523,455,1460,1327,3933,2787,978
"581","LF-005","DuSable Lake Shore Dr & North Blvd",41.911722,-87.626804,7025,7571,1179,1166,5228,5814,14596,11042,2345
"582","LP-","Lincoln Park Conservatory",41.9239313113662,-87.6358245313168,2030,1871,362,324,1451,1368,3901,2819,686
"583","RN-","Franklin St & Illinois St",41.890925,-87.6353716666667,2311,2214,629,596,1615,1543,4525,3158,1225
"584","RP-001","Warren Park West",42.001785,-87.688829,124,142,40,42,63,77,266,140,82
"585","RP-002","Warren Park East",42.00454962194,-87.6806661451,127,133,47,52,74,76,260,150,99
"586","RP-004","Oakley Ave & Touhy Ave",42.0123576666667,-87.6882413333333,87,85,42,38,43,44,172,87,80
"587","RP-005","Western Ave & Lunt Ave",42.0085943972,-87.6904922389,202,238,93,93,101,133,440,234,186
"588","RP-006","Ridge Blvd & Touhy Ave",42.0120673333333,-87.682922,112,138,44,47,65,87,250,152,91
"589","RP-007","Clark St & Touhy Ave",42.01256011541,-87.6743671152,98,101,54,56,38,42,199,80,110
"590","RP-008","Clark St & Columbia Ave",42.00445062934,-87.6724024047,309,328,121,123,183,192,637,375,244
"591","RP-009","Sheridan Rd & Loyola Ave",42.00104377979,-87.6611982433,732,719,235,235,440,445,1451,885,470
"592","SL-005","Indiana Ave & Roosevelt Rd",41.8679285,-87.6229965,3602,3609,834,832,2447,2475,7211,4922,1666
"593","SL-006","Wells St & 19th St",41.856802,-87.633879,399,398,66,66,259,276,797,535,132
"594","SL-007","State St & Harrison St",41.874053,-87.627716,1035,1039,242,242,726,709,2074,1435,484
"595","SL-008","Federal St & Polk St",41.87207763285,-87.6295437729,2446,2456,644,638,1712,1720,4902,3432,1282
"596","SL-009","Clark St & 9th St (AMLI)",41.8707231666667,-87.6311391666667,803,794,227,225,548,544,1597,1092,452
"597","SL-010","Financial Pl & Ida B Wells Dr",41.874798,-87.6331288333333,880,884,225,226,623,627,1764,1250,451
"598","SL-011","Wells St & Polk St",41.8724136666667,-87.633645,1728,1729,489,487,1179,1162,3457,2341,976
"599","SL-012","Wabash Ave & 16th St",41.8602591666667,-87.6258403333333,1214,1166,243,240,919,877,2380,1796,483
"600","SL-013","State St & 19th St",41.856594,-87.627542,401,404,68,69,320,317,805,637,137
"601","TA1305000001","Wabash Ave & Cermak Rd",41.852619,-87.626488,580,605,135,138,396,420,1185,816,273
"602","TA1305000002","Wabash Ave & Roosevelt Rd",41.8672048333333,-87.6260133333333,3033,3025,653,644,2195,2215,6058,4410,1297
"603","TA1305000003","Fairbanks Ct & Grand Ave",41.8921133333333,-87.6209781666667,3421,3419,753,754,2403,2353,6840,4756,1507
"604","TA1305000004","McCormick Place",41.8513751729,-87.6188346489,568,558,132,127,340,339,1126,679,259
"605","TA1305000005","Dearborn St & Adams St",41.879356,-87.629791,1164,1143,284,276,810,794,2307,1604,560
"606","TA1305000006","Dearborn St & Monroe St",41.881319815,-87.6295209193,2075,2034,501,494,1474,1451,4109,2925,995
"607","TA1305000009","Clark St & Ida B Wells Dr",41.8760495,-87.630643,651,609,168,165,452,406,1260,858,333
"608","TA1305000010","Michigan Ave & Ida B Wells Dr",41.876243,-87.624426,891,890,185,185,590,557,1781,1147,370
"609","TA1305000011","Michigan Ave & Lake St",41.886024,-87.624117,3069,3066,638,635,2082,2086,6135,4168,1273
"610","TA1305000014","Clark St & Wrightwood Ave",41.929546,-87.643118,3681,3669,827,827,2748,2730,7350,5478,1654
"611","TA1305000017","Halsted St & Roosevelt Rd",41.867324,-87.648625,899,865,130,127,739,694,1764,1433,257
"612","TA1305000020","Ogden Ave & Chicago Ave",41.896362458,-87.6540612729,1604,1572,433,423,1124,1091,3176,2215,856
"613","TA1305000022","Orleans St & Merchandise Mart Plaza",41.8887186666667,-87.6371298333333,2268,2234,687,677,1529,1508,4502,3037,1364
"614","TA1305000025","Franklin St & Jackson Blvd",41.8777079559,-87.6353211408,2149,2086,612,595,1396,1351,4235,2747,1207
"615","TA1305000029","State St & Randolph St",41.8845656666667,-87.6276068333333,2392,2387,574,560,1674,1629,4779,3303,1134
"616","TA1305000030","Clark St & Randolph St",41.884576,-87.63189,1986,1930,559,531,1359,1323,3916,2682,1090
"617","TA1305000032","Clinton St & Madison St",41.882242,-87.641066,3339,3265,773,753,2515,2432,6604,4947,1526
"618","TA1305000034","Honore St & Division St",41.903119,-87.673935,1678,1714,533,529,1092,1124,3392,2216,1062
"619","TA1305000035","State St & Van Buren St",41.877181,-87.627844,1036,1024,270,265,707,690,2060,1397,535
"620","TA1305000037","Paulina Ave & North Ave",41.909855,-87.66993,1367,1379,300,302,1016,1021,2746,2037,602
"621","TA1305000039","Elston Ave & Cortland St",41.9164334291265,-87.6667463779449,1129,1114,292,279,786,800,2243,1586,571
"622","TA1305000041","Damen Ave & Pierce Ave",41.909396,-87.677692,3424,3471,919,905,2344,2404,6895,4748,1824
"623","TA1306000002","Morgan Ave & 14th Pl",41.862378,-87.651062,694,698,109,109,560,564,1392,1124,218
"624","TA1306000003","Desplaines St & Kinzie St",41.8885461666667,-87.644418,3303,3103,960,861,2278,2165,6406,4443,1821
"625","TA1306000006","Orleans St & Elm St",41.9029293333333,-87.6377546666667,704,681,165,164,528,501,1385,1029,329
"626","TA1306000007","Larrabee St & Menomonee St",41.91468,-87.64332,798,795,181,178,598,595,1593,1193,359
"627","TA1306000008","Larrabee St & North Ave",41.91021,-87.6435,1024,1027,195,193,810,812,2051,1622,388
"628","TA1306000009","Larrabee St & Kingsbury St",41.897525,-87.64333,2165,2101,654,619,1485,1456,4266,2941,1273
"629","TA1306000010","Daley Center Plaza",41.883909,-87.629594,2150,2134,581,591,1490,1476,4284,2966,1172
"630","TA1306000011","Wells St & Walton St",41.89993001,-87.63443007,1006,1008,185,186,779,765,2014,1544,371
"631","TA1306000012","Wells St & Huron St",41.894722,-87.634362,3994,3968,1003,1002,2899,2885,7962,5784,2005
"632","TA1306000013","New St & Illinois St",41.8908470406238,-87.6186168193817,3582,3560,840,812,2463,2479,7142,4942,1652
"633","TA1306000014","Wilton Ave & Diversey Pkwy",41.9324761666667,-87.6528438333333,2865,2575,526,504,2254,2000,5440,4254,1030
"634","TA1306000015","Morgan St & Lake St",41.885483,-87.652305,3134,3215,957,950,2069,2159,6349,4228,1907
"635","TA1306000016","Sheffield Ave & Fullerton Ave",41.9256018819,-87.6537080423,3080,3088,558,557,2433,2447,6168,4880,1115
"636","TA1306000025","Racine Ave & Congress Pkwy",41.87464,-87.65703,881,647,197,125,656,499,1528,1155,322
"637","TA1306000026","Racine Ave & Fullerton Ave",41.9257518333333,-87.658426,2529,2520,346,345,2123,2124,5049,4247,691
"638","TA1306000029","DuSable Lake Shore Dr & Ohio St",41.89257,-87.614492,2659,2675,609,604,1758,1869,5334,3627,1213
"639","TA1306000032","Sheffield Ave & Willow St",41.913688,-87.652855,2024,2030,479,478,1493,1517,4054,3010,957
"640","TA1307000001","Greenview Ave & Fullerton Ave",41.92533,-87.6658,2110,2159,503,496,1544,1590,4269,3134,999
"641","TA1307000005","Indiana Ave & 26th St",41.845687,-87.622481,397,374,93,88,281,253,771,534,181
"642","TA1307000006","Southport Ave & Wellington Ave",41.935733,-87.663576,2219,2112,507,479,1647,1571,4331,3218,986
"643","TA1307000038","Sedgwick St & North Ave",41.911386,-87.638677,2243,2242,461,464,1676,1676,4485,3352,925
"644","TA1307000039","Clark St & Elm St",41.902973,-87.63128,5205,5108,1219,1209,3849,3748,10313,7597,2428
"645","TA1307000041","DuSable Lake Shore Dr & Wellington Ave",41.9366884494997,-87.6368290185928,3054,3068,516,517,2394,2407,6122,4801,1033
"646","TA1307000044","Clinton St & 18th St",41.85795,-87.640826,360,371,108,108,229,248,731,477,216
"647","TA1307000048","Fort Dearborn Dr & 31st St",41.838556,-87.608218,1269,1269,194,192,855,864,2538,1719,386
"648","TA1307000052","Sheffield Ave & Wellington Ave",41.936266,-87.652662,2798,2774,554,543,2185,2162,5572,4347,1097
"649","TA1307000061","State St & Pearson St",41.897448,-87.628722,1682,1582,437,419,1182,1097,3264,2279,856
"650","TA1307000062","Sedgwick St & Huron St",41.894666,-87.638437,1924,1735,504,440,1385,1271,3659,2656,944
"651","TA1307000064","Lincoln Ave & Diversey Pkwy",41.932225,-87.658617,2482,2473,480,475,1947,1943,4955,3890,955
"652","TA1307000066","Damen Ave & Coulter St",41.8492016666667,-87.675625,89,99,37,35,51,55,188,106,72
"653","TA1307000070","Damen Ave & Thomas St (Augusta Blvd)",41.901315,-87.677409,1232,1087,313,290,869,756,2319,1625,603
"654","TA1307000107","Sheridan Rd & Montrose Ave",41.96167,-87.65464,2148,2206,549,551,1539,1591,4354,3130,1100
"655","TA1307000111","Franklin St & Lake St",41.885837,-87.6355,2110,2005,619,567,1410,1338,4115,2748,1186
"656","TA1307000113","Southport Ave & Wrightwood Ave",41.928773,-87.663913,1986,2039,472,468,1464,1512,4025,2976,940
"657","TA1307000115","Clybourn Ave & Division St",41.904613,-87.640552,904,892,164,171,724,708,1796,1432,335
"658","TA1307000117","Wabash Ave & Grand Ave",41.891466,-87.626761,4108,4089,951,943,2919,2869,8197,5788,1894
"659","TA1307000119","Clarendon Ave & Leland Ave",41.9678026666667,-87.6498976666667,943,936,239,235,655,657,1879,1312,474
"660","TA1307000120","Green St & Madison St",41.881892,-87.648789,3915,3951,949,956,2837,2863,7866,5700,1905
"661","TA1307000121","Halsted St & Polk St",41.87184,-87.64664,1789,1807,351,352,1398,1413,3596,2811,703
"662","TA1307000124","Michigan Ave & 14th St",41.864059,-87.623727,1939,1882,475,458,1369,1350,3821,2719,933
"663","TA1307000126","Sheffield Ave & Waveland Ave",41.9492065,-87.6544255,3024,3404,784,791,2037,2383,6428,4420,1575
"664","TA1307000127","Clark St & Grace St",41.9509561666667,-87.6591738333333,2741,2667,756,746,1849,1802,5408,3651,1502
"665","TA1307000128","Dearborn Pkwy & Delaware Pl",41.898969,-87.629912,3116,3123,782,791,2243,2208,6239,4451,1573
"666","TA1307000129","State St & 35th St",41.8310363140161,-87.6267975568771,657,688,133,131,485,537,1345,1022,264
"667","TA1307000130","Morgan St & Polk St",41.871737,-87.65103,1864,1874,328,317,1493,1517,3738,3010,645
"668","TA1307000131","Wabash Ave & Wacker Pl",41.886875,-87.62603,1852,1832,369,357,1254,1209,3684,2463,726
"669","TA1307000134","Wilton Ave & Belmont Ave",41.9401016666667,-87.6529288333333,4108,4024,926,908,3029,2976,8132,6005,1834
"670","TA1307000136","Clark St & Wellington Ave",41.9364968219,-87.6475386582,2611,2619,486,481,2062,2060,5230,4122,967
"671","TA1307000138","Lincoln Ave & Roscoe St",41.94334,-87.67097,1796,1828,424,421,1305,1341,3624,2646,845
"672","TA1307000139","MLK Jr Dr & 29th St",41.842052,-87.617,1069,1018,205,180,836,810,2087,1646,385
"673","TA1307000140","Western Ave & Leland Ave",41.966467,-87.6887548333333,926,956,241,240,654,676,1882,1330,481
"674","TA1307000142","Clark St & Drummond Pl",41.931248,-87.644336,3407,3415,646,647,2658,2694,6822,5352,1293
"675","TA1307000143","Sedgwick St & Schiller St",41.907626,-87.638566,712,718,137,137,557,555,1430,1112,274
"676","TA1307000144","Wolcott (Ravenswood) Ave & Montrose Ave",41.961406,-87.676169,734,746,237,237,475,483,1480,958,474
"677","TA1307000149","Ravenswood Ave & Irving Park Rd",41.95469,-87.67393,844,848,230,229,577,589,1692,1166,459
"678","TA1307000150","Pine Grove Ave & Waveland Ave",41.9494727408833,-87.6464527845383,2880,2895,555,556,2201,2217,5775,4418,1111
"679","TA1307000151","Wells St & Hubbard St",41.889906,-87.634266,3083,3082,812,817,2175,2165,6165,4340,1629
"680","TA1307000153","Emerald Ave & 28th St",41.84358,-87.645368,337,370,55,57,262,298,707,560,112
"681","TA1307000156","Lincoln Ave & Sunnyside Ave",41.963004,-87.684781,753,769,200,200,526,540,1522,1066,400
"682","TA1307000158","Damen Ave & Leland Ave",41.967094,-87.679028,755,728,209,213,518,485,1483,1003,422
"683","TA1307000159","Paulina St & 18th St",41.857901,-87.668745,620,676,174,173,406,451,1296,857,347
"684","TA1307000160","Prairie Ave & Garfield Blvd",41.794853,-87.618691,202,196,80,76,109,108,398,217,156
"685","TA1307000161","Halsted St & 37th St",41.827059,-87.64572,55,73,14,16,37,53,128,90,30
"686","TA1307000163","Clifton Ave & Armitage Ave",41.918216,-87.656936,1765,1784,373,373,1339,1378,3549,2717,746
"687","TA1307000164","Woodlawn Ave & 55th St",41.795264,-87.596471,1080,992,218,197,833,751,2072,1584,415
"688","TA1307000166","Halsted St & Willow St",41.913865,-87.648755,1743,1639,422,400,1281,1206,3382,2487,822
"689","TA1308000001","Theater on the Lake",41.926277,-87.630834,4873,4862,580,551,3798,3806,9735,7604,1131
"690","TA1308000002","Greenwood Ave & 47th St",41.809835,-87.599383,271,270,73,72,178,182,541,360,145
"691","TA1308000005","Leavitt St & North Ave",41.910509366664,-87.6823890209198,1062,1064,245,236,782,788,2126,1570,481
"692","TA1308000006","Damen Ave & Grand Ave",41.8912643464815,-87.676842212677,981,865,313,249,641,588,1846,1229,562
"693","TA1308000007","MLK Jr Dr & 47th St",41.809851,-87.616279,149,151,61,61,74,76,300,150,122
"694","TA1308000009","Shore Dr & 55th St",41.795212,-87.580715,1898,1862,431,406,1303,1320,3760,2623,837
"695","TA1308000012","Montrose Harbor",41.963982,-87.638181,2779,2807,454,459,1893,1968,5586,3861,913
"696","TA1308000013","Halsted St & Archer Ave",41.847203,-87.646795,236,228,40,42,178,178,464,356,82
"697","TA1308000014","Normal Ave & Archer Ave",41.849527,-87.640591,160,144,29,25,128,108,304,236,54
"698","TA1308000019","Racine Ave & Belmont Ave",41.939743,-87.658865,2294,2313,476,474,1739,1763,4607,3502,950
"699","TA1308000021","Winthrop Ave & Lawrence Ave",41.968812,-87.657659,950,937,323,315,597,595,1887,1192,638
"700","TA1308000022","Pine Grove Ave & Irving Park Rd",41.954383,-87.648043,2206,2195,528,522,1601,1580,4401,3181,1050
"701","TA1308000023","Cottage Grove Ave & 43rd St",41.816499,-87.606582,87,88,17,15,57,66,175,123,32
"702","TA1308000026","Wentworth Ave & 24th St (Temp)",41.8500836934758,-87.6321405172348,212,222,28,29,159,164,434,323,57
"703","TA1308000029","Stetson Ave & South Water St",41.886835,-87.62232,1577,1516,464,446,970,912,3093,1882,910
"704","TA1308000031","Logan Blvd & Elston Ave",41.929465,-87.684158,942,1043,339,339,581,674,1985,1255,678
"705","TA1308000035","Lake Park Ave & 47th St",41.809443,-87.591875,379,366,123,117,241,226,745,467,240
"706","TA1308000036","Indiana Ave & 31st St",41.838842,-87.621857,627,581,112,102,497,454,1208,951,214
"707","TA1308000038","Cottage Grove Ave & Oakwood Blvd",41.822985,-87.6071,208,199,57,56,130,113,407,243,113
"708","TA1308000043","Halsted St & 35th St",41.830661,-87.647172,310,304,91,88,187,185,614,372,179
"709","TA1308000045","Wallace St & 35th St",41.8305928333333,-87.641328,303,270,66,68,222,194,573,416,134
"710","TA1308000046","Morgan St & 31st St",41.8378,-87.65114,509,538,142,141,353,365,1047,718,283
"711","TA1308000047","Southport Ave & Clark St",41.957081,-87.664199,521,515,102,101,386,388,1036,774,203
"712","TA1308000049","Wells St & Evergreen Ave",41.906724,-87.63483,3534,3513,830,818,2600,2607,7047,5207,1648
"713","TA1308000050","Wells St & Concord Ln",41.912133,-87.634656,6122,6109,1487,1476,4446,4476,12231,8922,2963
"714","TA1309000001","Halsted St & Maxwell St",41.864883,-87.647071,1474,1492,370,366,1038,1058,2966,2096,736
"715","TA1309000002","Michigan Ave & Jackson Blvd",41.87785,-87.62408,1448,1376,279,266,927,906,2824,1833,545
"716","TA1309000003","Western Ave & 24th St",41.84847,-87.685109,153,156,64,63,82,90,309,172,127
"717","TA1309000004","LaSalle St & Jackson Blvd",41.878166,-87.631929,1404,1428,426,426,916,953,2832,1869,852
"718","TA1309000006","Larrabee St & Armitage Ave",41.918084,-87.643749,1550,1493,283,277,1225,1176,3043,2401,560
"719","TA1309000007","Franklin St & Monroe St",41.880317,-87.635185,1618,1522,566,502,985,961,3140,1946,1068
"720","TA1309000008","Franklin St & Adams St (Temp)",41.8792853333333,-87.6360546666667,1248,1240,319,316,850,827,2488,1677,635
"721","TA1309000010","Wabash Ave & 9th St",41.870769,-87.625734,1995,1990,427,425,1413,1396,3985,2809,852
"722","TA1309000011","Ellis Ave & 58th St",41.788746,-87.601334,1004,1020,143,141,839,860,2024,1699,284
"723","TA1309000012","Damen Ave & Sunnyside Ave",41.9632553333333,-87.679216,551,470,121,113,402,336,1021,738,234
"724","TA1309000014","Clark St & Leland Ave",41.967096,-87.667429,1349,1353,362,363,945,939,2702,1884,725
"725","TA1309000015","Leavitt St & Lawrence Ave",41.968885,-87.684001,452,433,135,133,302,283,885,585,268
"726","TA1309000018","Ravenswood Ave & Berteau Ave",41.957921,-87.673567,541,529,129,130,394,377,1070,771,259
"727","TA1309000019","Lakeview Ave & Fullerton Pkwy",41.925858,-87.638973,3602,3598,739,736,2692,2653,7200,5345,1475
"728","TA1309000021","Paulina St & Montrose Ave",41.961507,-87.671387,502,476,108,106,366,352,978,718,214
"729","TA1309000023","Sheffield Ave & Wrightwood Ave",41.928712,-87.653833,2144,2158,474,466,1613,1625,4302,3238,940
"730","TA1309000024","Clark St & Schiller St",41.907993,-87.631501,2963,2914,610,589,2233,2212,5877,4445,1199
"731","TA1309000025","Halsted St & Roscoe St",41.9436876666667,-87.6489693333333,3386,3384,894,890,2380,2372,6770,4752,1784
"732","TA1309000026","Lincoln Ave & Belle Plaine Ave",41.955949,-87.6801966666667,892,909,250,248,615,635,1801,1250,498
"733","TA1309000027","Sheridan Rd & Buena Ave",41.958494,-87.654966,1317,1282,382,380,894,864,2599,1758,762
"734","TA1309000029","Leavitt St & Armitage Ave",41.9177823333333,-87.6824206666667,839,845,234,230,571,588,1684,1159,464
"735","TA1309000030","Southport Ave & Clybourn Ave",41.9207938333333,-87.6637646666667,1400,1493,374,373,975,1059,2893,2034,747
"736","TA1309000032","Elston Ave & Wabansia Ave",41.912919,-87.664169,468,508,161,160,302,341,976,643,321
"737","TA1309000033","Sheffield Ave & Webster Ave",41.9217065,-87.6537428333333,2533,2485,530,514,1919,1887,5018,3806,1044
"738","TA1309000035","Clark St & Winnemac Ave",41.973347640473,-87.6678554713726,1845,1844,595,599,1194,1190,3689,2384,1194
"739","TA1309000036","Burling St & Diversey Pkwy",41.93314,-87.64776,2070,2141,409,411,1604,1666,4211,3270,820
"740","TA1309000037","Kimbark Ave & 53rd St",41.799568,-87.594747,1882,1847,415,399,1402,1371,3729,2773,814
"741","TA1309000039","DuSable Lake Shore Dr & Diversey Pkwy",41.932588,-87.636427,2983,2988,578,574,2247,2243,5971,4490,1152
"742","TA1309000041","Sheridan Rd & Lawrence Ave",41.969517,-87.654691,1036,1025,290,285,707,700,2061,1407,575
"743","TA1309000042","Lincoln Ave & Belmont Ave",41.9394455,-87.6682131666667,1759,1774,374,374,1341,1364,3533,2705,748
"744","TA1309000043","Southport Ave & Irving Park Rd",41.954177,-87.664358,1130,1051,207,202,893,830,2181,1723,409
"745","TA1309000049","DuSable Lake Shore Dr & Belmont Ave",41.940775,-87.639192,3334,3304,688,686,2455,2404,6638,4859,1374
"746","TA1309000050","Lincoln Ave & Addison St",41.946176,-87.673308,503,520,132,131,348,369,1023,717,263
"747","TA1309000051","Commercial Ave & 83rd St",41.7446748333333,-87.5512275,9,12,3,3,6,8,21,14,6
"748","TA1309000053","Cottage Grove Ave & 47th St",41.809855,-87.606755,161,160,53,53,93,88,321,181,106
"749","TA1309000055","Emerald Ave & 31st St",41.838198,-87.645143,719,743,161,158,542,568,1462,1110,319
"750","TA1309000058","Lincoln Ave & Fullerton Ave",41.925905,-87.64926,3735,3754,963,958,2663,2688,7489,5351,1921
"751","TA1309000059","Racine Ave & Wrightwood Ave",41.928887,-87.658971,1458,1398,276,265,1154,1107,2856,2261,541
"752","TA1309000061","Halsted St & Wrightwood Ave",41.929143,-87.649077,2645,2574,542,538,2021,1976,5219,3997,1080
"753","TA1309000063","Lake Park Ave & 56th St",41.793242,-87.587782,878,876,161,161,667,687,1754,1354,322
"754","TA1309000064","Wolcott Ave & Polk St",41.871262,-87.673688,1429,1449,344,316,1072,1114,2878,2186,660
"755","TA1309000066","Ravenswood Ave & Lawrence Ave",41.9690145,-87.674222,1945,1943,625,625,1263,1277,3888,2540,1250
"756","TA1309000067","Cottage Grove Ave & 51st St",41.803038,-87.606615,148,140,45,40,94,84,288,178,85
"757","WL-008","Clinton St & Roosevelt Rd",41.867118,-87.641088,1111,1126,342,341,715,731,2237,1446,683
"758","WL-011","Jefferson St & Monroe St",41.8794469473565,-87.6426815986633,991,993,242,244,736,725,1984,1461,486
"759","WL-012","Clinton St & Washington Blvd",41.88338,-87.64117,2720,2742,722,726,1931,1964,5462,3895,1448
