"","station_id","station_name","lat","long","start_n","end_n","e_start_n","e_end_n","c_start_n","c_end_n","total","classic","electric"
"1","","",41.77,-87.68,88458,94115,88458,92911,0,0,182573,0,181369
"2","13001","Michigan Ave & Washington St",41.8839840647265,-87.6246839761734,3217,3232,687,682,2152,2167,6449,4319,1369
"3","13006","LaSalle St & Washington St",41.882664,-87.63253,1293,1306,407,401,834,838,2599,1672,808
"4","13008","Millennium Park",41.8810317,-87.62408432,6484,6494,1228,1190,3932,3885,12978,7817,2418
"5","13011","Canal St & Adams St",41.879255,-87.639904,2421,2345,637,601,1664,1643,4766,3307,1238
"6","13016","St. Clair St & Erie St",41.8943451374243,-87.6227983832359,4136,4162,1035,1035,2845,2788,8298,5633,2070
"7","13017","Franklin St & Chicago Ave",41.8967469730938,-87.6356676220894,1889,1881,422,422,1442,1411,3770,2853,844
"8","13021","Clinton St & Lake St",41.88515,-87.640207,2476,2470,646,644,1769,1774,4946,3543,1290
"9","13022","Streeter Dr & Grand Ave",41.892278,-87.612043,14530,14344,2231,2103,9440,9163,28874,18603,4334
"10","13028","900 W Harrison St",41.8747098333333,-87.649808,1100,1085,217,217,817,804,2185,1621,434
"11","13029","Field Museum",41.8652981666667,-87.6182625,1404,1231,304,238,812,768,2635,1580,542
"12","13033","Milwaukee Ave & Grand Ave",41.891578,-87.648384,2940,2785,770,722,2038,1967,5725,4005,1492
"13","13034","Michigan Ave & Pearson St",41.89766,-87.62351,1749,1735,330,323,1232,1185,3484,2417,653
"14","13036","Michigan Ave & Madison St",41.882134,-87.625125,1717,1642,416,389,1118,1108,3359,2226,805
"15","13037","Clinton St & Tilden St",41.875885,-87.640795,502,459,126,99,357,337,961,694,225
"16","13042","Michigan Ave & Oak St",41.90096039,-87.62377664,8112,8067,1455,1417,5550,5493,16179,11043,2872
"17","13045","Dearborn St & Erie St",41.893992,-87.629318,4480,4402,1010,991,3296,3205,8882,6501,2001
"18","13050","State St & Kinzie St",41.8892055,-87.627837,2928,2921,737,730,1996,1998,5849,3994,1467
"19","13053","Green St & Randolph St",41.883668,-87.64867,3745,3761,868,865,2716,2697,7506,5413,1733
"20","13056","Canal St & Monroe St",41.881596,-87.6392228333333,1245,1174,290,273,906,826,2419,1732,563
"21","13058","Dayton St & North Ave",41.9105780349,-87.6494219288,1982,1922,507,504,1420,1374,3904,2794,1011
"22","13059","Bissell St & Armitage Ave",41.91844,-87.65222,3032,3064,547,543,2388,2433,6096,4821,1090
"23","13061","Ashland Ave & Division St",41.9035013333333,-87.6677913333333,3734,3645,942,918,2639,2568,7379,5207,1860
"24","13063","Sheridan Rd & Irving Park Rd",41.954245,-87.654406,2335,2357,510,515,1752,1772,4692,3524,1025
"25","13068","Western Ave & Winnebago Ave",41.91552,-87.687022,1482,1457,400,392,1031,1002,2939,2033,792
"26","13071","Southport Ave & Roscoe St",41.9437413333333,-87.6639626666667,3161,3197,612,611,2410,2482,6358,4892,1223
"27","13073","Ashland Ave & Lake St",41.8859261666667,-87.6671853333333,655,614,162,143,451,445,1269,896,305
"28","13074","Broadway & Wilson - Truman College Vaccination Site",41.965221,-87.658139,1555,1559,407,411,1092,1089,3114,2181,818
"29","13075","Wentworth Ave & Cermak Rd",41.8530845574128,-87.6319313049316,1521,1584,317,313,1007,1098,3105,2105,630
"30","13080","Hermitage Ave & Polk St",41.871514,-87.669886,20,23,1,6,0,0,43,0,7
"31","13081","Ogden Ave & Congress Pkwy",41.87501,-87.67328,433,314,123,83,296,224,747,520,206
"32","13083","Indiana Ave & 40th St",41.8216726666667,-87.6214158333333,108,91,65,56,38,28,199,66,121
"33","13084","California Ave & Milwaukee Ave",41.9226738333333,-87.6971763333333,1792,1784,607,598,1082,1089,3576,2171,1205
"34","13085","Kedzie Ave & Milwaukee Ave",41.9295265,-87.7078508333333,1960,2074,688,687,1141,1264,4034,2405,1375
"35","13089","Damen Ave & Cullerton St",41.8549638333333,-87.6755935,465,530,175,171,279,332,995,611,346
"36","13091","Western Ave & 21st St",41.854109,-87.685838,250,286,98,99,132,161,536,293,197
"37","13096","California Ave & 21st St",41.8538040657915,-87.6957423985004,230,238,79,82,134,138,468,272,161
"38","13099","Halsted St & 18th St (Temp)",41.8583706903062,-87.6463884115219,459,452,132,125,308,311,911,619,257
"39","13102","Calumet Ave & 18th St",41.857611,-87.619407,1569,1563,344,340,1095,1097,3132,2192,684
"40","13108","Broadway & Argyle St",41.973815,-87.65966,1330,1360,329,329,946,955,2690,1901,658
"41","13109","Broadway & Berwyn Ave",41.978353,-87.659753,1210,1254,319,320,839,895,2464,1734,639
"42","13124","Cannon Dr & Fullerton Ave",41.926756,-87.634429,1235,1221,192,179,857,820,2456,1677,371
"43","13128","Clark St & North Ave",41.911974,-87.631942,2150,2149,398,396,1614,1619,4299,3233,794
"44","13132","Damen Ave & Chicago Ave",41.895769,-87.67722,1819,1885,524,528,1232,1297,3704,2529,1052
"45","13133","Damen Ave & Cortland St",41.915983,-87.677335,2094,2111,488,485,1511,1523,4205,3034,973
"46","13134","Damen Ave & Madison St",41.88137,-87.67493,378,393,108,104,248,263,771,511,212
"47","13135","Blue Island Ave & 18th St",41.857556,-87.661535,800,824,230,226,485,517,1624,1002,456
"48","13136","Damen Ave & Division St",41.903266,-87.678435,1663,1718,435,425,1172,1220,3381,2392,860
"49","13137","Broadway & Barry Ave",41.9375823160063,-87.6440978050232,5068,5090,1054,1048,3835,3865,10158,7700,2102
"50","13138","Canal St & Jackson Blvd",41.877245,-87.639366,883,843,300,282,537,528,1726,1065,582
"51","13139","Throop St & Taylor St",41.868968,-87.659141,961,947,211,209,719,718,1908,1437,420
"52","13143","Damen Ave & Melrose Ave",41.9406,-87.6785,602,633,117,117,450,476,1235,926,234
"53","13144","Seeley Ave & Roscoe St",41.943403,-87.679618,891,912,217,213,631,647,1803,1278,430
"54","13146","Clark St & Armitage Ave",41.918306,-87.636282,4884,4865,919,910,3725,3665,9749,7390,1829
"55","13150","Michigan Ave & 18th St",41.857813,-87.62455,1430,1390,297,296,1027,986,2820,2013,593
"56","13154","Sheffield Ave & Kingsbury St",41.910522,-87.653106,2113,2078,461,456,1572,1564,4191,3136,917
"57","13155","Racine Ave & Randolph St",41.8840476666667,-87.6569738333333,856,765,238,213,584,527,1621,1111,451
"58","13156","Aberdeen St & Monroe St",41.8804681666667,-87.6555713333333,1613,1603,322,322,1197,1233,3216,2430,644
"59","13157","Aberdeen St & Jackson Blvd",41.8777926666667,-87.6547511666667,1628,1598,359,347,1203,1210,3226,2413,706
"60","13158","Peoria St & Jackson Blvd",41.877642,-87.649618,2345,2309,558,548,1720,1672,4654,3392,1106
"61","13160","May St & Taylor St",41.8694821,-87.6554864,1345,1308,253,244,1029,1007,2653,2036,497
"62","13162","Halsted St & 21st St",41.8538156666667,-87.6465758333333,333,318,99,99,213,206,651,419,198
"63","13163","Morgan St & 18th St",41.8580578333333,-87.6511493333333,732,765,245,248,452,482,1497,934,493
"64","13164","Racine Ave & 18th St",41.858166,-87.656495,1127,1122,383,378,691,700,2249,1391,761
"65","13165","Racine Ave & 13th St",41.865054,-87.656959,187,176,43,39,118,125,363,243,82
"66","13179","Clark St & Lincoln Ave",41.915689,-87.6346,5284,5283,1027,1017,3929,3963,10567,7892,2044
"67","13191","Sedgwick St & Webster Ave",41.922167,-87.638888,2399,2391,513,509,1796,1788,4790,3584,1022
"68","13192","Halsted St & Dickens Ave",41.919936,-87.64883,2747,2797,584,581,2064,2134,5544,4198,1165
"69","13193","Larrabee St & Webster Ave",41.921822,-87.64414,4416,4393,886,866,3350,3337,8809,6687,1752
"70","13194","Ogden Ave & Race Ave",41.891795,-87.658751,1602,1641,427,423,1135,1156,3243,2291,850
"71","13196","Carpenter St & Huron St",41.89455,-87.6534033333333,1762,1580,466,425,1256,1117,3342,2373,891
"72","13197","Elizabeth (May) St & Fulton St",41.8866164860277,-87.6580399274826,886,843,212,210,649,598,1729,1247,422
"73","13206","Loomis St & Jackson Blvd",41.877945,-87.662007,1002,966,196,181,767,757,1968,1524,377
"74","13213","State St & 29th St",41.8417035,-87.6269868333333,111,107,22,22,81,68,218,149,44
"75","13215","Rhodes Ave & 32nd St",41.8367245,-87.6132906666667,541,536,150,145,334,334,1077,668,295
"76","13216","State St & 33rd St",41.834734,-87.625813,1209,1161,202,195,952,923,2370,1875,397
"77","13217","Calumet Ave & 33rd St",41.8349,-87.61793,629,636,78,77,519,526,1265,1045,155
"78","13221","Wood St & Milwaukee Ave",41.907655,-87.672552,2592,2650,683,676,1808,1866,5242,3674,1359
"79","13224","Ashland Ave & Blackhawk St",41.907066,-87.667252,1613,1631,389,383,1173,1201,3244,2374,772
"80","13229","Southport Ave & Belmont Ave",41.9394777504051,-87.6637476682663,1631,1623,348,342,1206,1222,3254,2428,690
"81","13235","Southport Ave & Waveland Ave",41.94815,-87.66394,2858,2840,663,655,2088,2090,5698,4178,1318
"82","13241","Western Ave & Division St",41.9029138333333,-87.6872953333333,859,769,311,281,504,450,1628,954,592
"83","13242","Milwaukee Ave & Rockwell St",41.9201955620057,-87.6926591992378,819,786,188,190,598,546,1605,1144,378
"84","13243","Milwaukee Ave & Wabansia Ave",41.912616,-87.681391,2016,2021,534,526,1396,1407,4037,2803,1060
"85","13245","Claremont Ave & Hirsch St",41.907781,-87.685854,384,410,75,70,300,330,794,630,145
"86","13247","Ashland Ave & Chicago Ave",41.895966,-87.667747,1518,1534,421,414,1048,1068,3052,2116,835
"87","13248","Ashland Ave & Augusta Blvd",41.8996601666667,-87.6684808333333,1206,1202,307,309,868,871,2408,1739,616
"88","13249","Ashland Ave & Belle Plaine Ave",41.956057,-87.668835,474,471,133,128,311,323,945,634,261
"89","13253","Lincoln Ave & Waveland Ave",41.948797,-87.675278,783,799,208,205,553,567,1582,1120,413
"90","13256","California Ave & Division St",41.903029,-87.697474,625,642,154,151,432,451,1267,883,305
"91","13257","Campbell Ave & North Ave",41.9105165,-87.6895166666667,1009,1013,367,367,603,603,2022,1206,734
"92","13258","California Ave & North Ave",41.91044,-87.6972,860,842,263,263,550,528,1702,1078,526
"93","13259","California Ave & Francis Pl (Temp)",41.918491153687,-87.6974228024483,725,736,251,244,445,467,1461,912,495
"94","13263","Columbus Dr & Randolph St",41.884728,-87.619521,2693,2670,771,758,1726,1721,5363,3447,1529
"95","13265","Kingsbury St & Erie St",41.8938080562436,-87.6416972279549,2810,2800,644,642,2125,2103,5610,4228,1286
"96","13266","Stave St & Armitage Ave",41.9176706666667,-87.6915361666667,764,762,261,259,472,475,1526,947,520
"97","13268","Damen Ave & Wellington Ave",41.93588,-87.67842,840,885,240,249,568,604,1725,1172,489
"98","13269","Ashland Ave & Wellington Ave",41.936083,-87.669807,974,972,220,220,720,717,1946,1437,440
"99","13271","Damen Ave & Clybourn Ave",41.931931,-87.677856,793,844,248,254,515,562,1637,1077,502
"100","13276","Stockton Dr & Wrightwood Ave",41.93132,-87.638742,2854,2864,552,549,2150,2157,5718,4307,1101
"101","13277","Broadway & Belmont Ave",41.940106,-87.645451,2946,2943,617,616,2214,2213,5889,4427,1233
"102","13278","Broadway & Cornelia Ave",41.945529,-87.646439,3383,3277,766,751,2458,2398,6660,4856,1517
"103","13285","Wood St & Taylor St (Temp)",41.8692652184382,-87.6737308502197,864,833,155,168,695,659,1697,1354,323
"104","13288","Damen Ave & Charleston St",41.9201013333333,-87.6778433333333,962,954,254,247,648,650,1916,1298,501
"105","13289","Eckhart Park",41.89637337,-87.66098386,1492,1491,373,353,1086,1096,2983,2182,726
"106","13290","Noble St & Milwaukee Ave",41.90068,-87.6626,1343,1317,297,289,991,971,2660,1962,586
"107","13292","Kedzie Ave & Palmer Ct",41.921525,-87.707322,645,669,189,194,419,441,1314,860,383
"108","13294","Greenview Ave & Diversey Pkwy",41.9325896342979,-87.6659363508224,1231,1172,230,218,966,925,2403,1891,448
"109","13296","Ashland Ave & Wrightwood Ave",41.92883,-87.668507,1123,1162,247,248,840,856,2285,1696,495
"110","13300","DuSable Lake Shore Dr & Monroe St",41.880958,-87.616743,6582,6335,1158,1012,4091,4147,12917,8238,2170
"111","13303","Clark St & Chicago Ave",41.89675,-87.63089,2191,2172,504,501,1611,1573,4363,3184,1005
"112","13304","Racine Ave & 15th St",41.861267,-87.656625,443,450,145,138,276,289,893,565,283
"113","13307","Laflin St & Cullerton St",41.8549145757657,-87.6635599136353,395,387,133,129,241,235,782,476,262
"114","13319","Ashland Ave & Grace St",41.950687,-87.6687,1095,1082,283,274,759,750,2177,1509,557
"115","13323","Broadway & Sheridan Rd",41.952833,-87.649993,2197,2127,526,525,1596,1539,4324,3135,1051
"116","13325","Broadway & Waveland Ave",41.949074,-87.648636,3428,3373,714,710,2559,2531,6801,5090,1424
"117","13326","Canal St & Harrison St",41.8742741666667,-87.6395558333333,475,382,112,78,340,282,857,622,190
"118","13331","May St & Cullerton St",41.855136,-87.654127,293,331,67,69,214,241,624,455,136
"119","13332","Loomis St & Lexington St",41.872187,-87.661501,2138,2101,405,375,1678,1659,4239,3337,780
"120","13338","Mies van der Rohe Way & Chicago Ave",41.89691,-87.621743,2566,2519,557,550,1813,1798,5085,3611,1107
"121","13341","Canal St & Madison St",41.882091,-87.639833,1820,1806,401,404,1355,1312,3626,2667,805
"122","13345","Calumet Ave & 35th St",41.831379,-87.618034,297,269,65,54,215,201,566,416,119
"123","13353","Ada St & Washington Blvd",41.88283,-87.661206,1283,1273,291,287,944,936,2556,1880,578
"124","13354","Ashland Ave & 13th St",41.8652841666667,-87.666564,434,445,121,124,286,310,879,596,245
"125","13379","Clarendon Ave & Gordon Ter",41.9578665241517,-87.6495051383972,1922,1876,414,410,1427,1377,3798,2804,824
"126","13389","Clarendon Ave & Junior Ter",41.961004,-87.649603,1953,1959,517,509,1348,1349,3912,2697,1026
"127","13398","Blackstone Ave & Hyde Park Blvd",41.802562,-87.590368,635,619,168,166,441,419,1254,860,334
"128","13409","Sangamon St & Washington Blvd",41.883165,-87.6511,1644,1630,482,474,1105,1103,3274,2208,956
"129","13420","MLK Jr Dr & Pershing Rd",41.8246,-87.61678,222,223,77,75,126,124,445,250,152
"130","13427","Cityfront Plaza Dr & Pioneer Ct",41.8903981666667,-87.6220405,1776,1672,397,345,1244,1171,3448,2415,742
"131","13430","LaSalle St & Illinois St",41.890762,-87.631697,3740,3741,839,837,2674,2624,7481,5298,1676
"132","13431","Adler Planetarium",41.866095,-87.607267,2607,2542,528,469,1649,1682,5149,3331,997
"133","13432","Wood St & Hubbard St",41.889899,-87.671473,792,749,209,192,562,546,1541,1108,401
"134","13434","Ashland Ave & Grand Ave",41.891072,-87.666611,1128,1088,293,263,800,789,2216,1589,556
"135","15442","Ashland Ave & Archer Ave",41.83920868403,-87.6656098589,156,184,46,45,94,120,340,214,91
"136","15443","Shields Ave & 28th Pl",41.842733,-87.635491,187,222,37,36,142,172,409,314,73
"137","15445","Wentworth Ave & 33rd St",41.8345715,-87.6317546666667,395,401,72,69,304,318,796,622,141
"138","15446","Racine Ave & 35th St",41.830696,-87.655976,141,133,37,39,93,77,274,170,76
"139","15449","State St & Pershing Rd",41.8230546666667,-87.626579,52,51,18,17,32,33,103,65,35
"140","15470","Calumet Ave & 51st St",41.802295,-87.618054,127,113,39,38,76,64,240,140,77
"141","15491","63rd St Beach",41.780910964248,-87.5763237476349,317,339,70,65,170,194,656,364,135
"142","15529","Mies van der Rohe Way & Chestnut St",41.8985866514,-87.6219152258,2430,2425,556,553,1672,1644,4855,3316,1109
"143","15530","Rush St & Superior St",41.89576474564,-87.6259080327,2857,2812,699,692,2031,1956,5669,3987,1391
"144","15534","Field Blvd & South Water St",41.88634906269,-87.6175165471,2126,2105,584,564,1309,1386,4231,2695,1148
"145","15535","Desplaines St & Randolph St",41.88461618962,-87.6445705849,1861,1862,471,473,1320,1338,3723,2658,944
"146","15539","Desplaines St & Jackson Blvd",41.87828,-87.6441481666667,1533,1521,328,311,1148,1167,3054,2315,639
"147","15541","Buckingham Fountain",41.8765351944122,-87.62047290802,1602,1574,305,292,1057,990,3176,2047,597
"148","15542","Clinton St & Polk St",41.87146651779,-87.6409491327,228,179,55,36,156,132,407,288,91
"149","15544","Shedd Aquarium",41.86722595682,-87.6153553902,4773,4688,896,830,2778,2906,9461,5684,1726
"150","15545","Burnham Harbor",41.856268,-87.613348,2013,2030,277,269,1537,1574,4043,3111,546
"151","15546","Calumet Ave & 21st St",41.85418424947,-87.6191537415,648,608,149,145,414,385,1256,799,294
"152","15550","Canal St & Taylor St",41.870257,-87.639474,838,809,166,154,620,624,1647,1244,320
"153","15571","Broadway & Granville Ave",41.9947796884,-87.6602845349,1123,1138,251,254,783,808,2261,1591,505
"154","15575","Broadway & Thorndale Ave",41.98974251144,-87.6601406209,1131,1150,247,245,807,833,2281,1640,492
"155","15578","Broadway & Ridge Ave",41.9840446107,-87.6602738295,1084,1009,298,270,726,696,2093,1422,568
"156","15585","Budlong Woods Library",41.98366470886,-87.6964225611,127,141,54,54,68,79,268,147,108
"157","15597","Halsted St & 69th St",41.76906172032,-87.6446135779,13,13,2,2,10,8,26,18,4
"158","15599","Calumet Ave & 71st St",41.76550800581,-87.616917925,11,14,1,2,7,8,25,15,3
"159","15615","Christiana Ave & Lawrence Ave",41.96835449363,-87.7118306675,232,242,77,77,140,146,474,286,154
"160","15621","Albany Ave & Montrose Ave",41.961041,-87.705866,317,311,122,120,184,176,628,360,242
"161","15622","California Ave & Montrose Ave",41.961068,-87.695439,457,459,137,138,272,284,916,556,275
"162","15623","Campbell Ave & Montrose Ave",41.96152593287,-87.6911650414,411,434,154,155,255,271,845,526,309
"163","15624","Avondale Ave & Irving Park Rd",41.953393,-87.732002,233,209,138,125,88,76,442,164,263
"164","15628","California Ave & Byron St",41.95216219326,-87.698051113,385,425,120,123,221,256,810,477,243
"165","15631","Troy St & Elston Ave",41.94524356848,-87.7066499009,364,400,116,118,232,254,764,486,234
"166","15632","Talman Ave & Addison St",41.9466441666667,-87.694634,476,556,209,214,249,323,1032,572,423
"167","15634","Western Ave & Roscoe St",41.943034,-87.687288,423,465,108,110,282,316,888,598,218
"168","15640","Avers Ave & Belmont Ave",41.939403,-87.7235436666667,362,387,156,154,191,208,749,399,310
"169","15642","California Ave & Fletcher St",41.93842879148,-87.698007756,568,642,231,233,298,376,1210,674,464
"170","15643","Kosciuszko Park",41.9304498333333,-87.7238058333333,360,383,130,132,212,227,743,439,262
"171","15644","Central Park Ave & Elbridge Ave",41.93533728263,-87.7168892935,327,335,136,138,176,183,662,359,274
"172","15645","Richmond St & Diversey Ave",41.93190196886,-87.7011951301,371,420,104,101,239,302,791,541,205
"173","15646","California Ave & Altgeld St",41.92669,-87.697668,672,706,217,216,436,458,1378,894,433
"174","15648","Campbell Ave & Fullerton Ave",41.92463247165,-87.6893070063,557,564,171,168,364,363,1121,727,339
"175","15650","Spaulding Ave & Armitage Ave",41.9171195,-87.7102458333333,677,721,243,238,395,448,1398,843,481
"176","15651","Humboldt Blvd & Armitage Ave",41.91751339399,-87.7018089555,1014,942,343,329,617,546,1956,1163,672
"177","15652","Central Park Ave & North Ave",41.90965687563,-87.7166319516,190,202,93,93,86,96,392,182,186
"178","15653","Troy St & North Ave",41.90976930169,-87.7052804871,484,436,114,96,326,298,920,624,210
"179","15654","Spaulding Ave & Division St",41.90270659438,-87.709219571,300,302,106,106,178,166,602,344,212
"180","15655","Albany Ave & Bloomingdale Ave",41.9139633333333,-87.7051555,737,736,299,301,400,394,1473,794,600
"181","15664","Artesian Ave & Hubbard St",41.88949181977,-87.6882193648,333,287,124,114,196,161,620,357,238
"182","15666","California Ave & Lake St",41.884459,-87.6962901666667,124,103,42,33,72,64,227,136,75
"183","15667","Western Ave & Monroe St",41.8797636666667,-87.6860585,381,361,116,98,246,245,742,491,214
"184","15668","Western Ave & Congress Pkwy",41.874749,-87.686445,463,467,153,138,282,302,930,584,291
"185","15682","Kedzie Ave & Roosevelt Rd",41.86649278172,-87.7064961757,81,87,22,19,44,53,168,97,41
"186","15685","Central Park Ave & Ogden Ave",41.8540635038745,-87.7151173353195,87,80,41,39,43,40,167,83,80
"187","15686","Kedzie Ave & 21st St",41.85353363213,-87.7050730318,60,79,23,25,33,46,139,79,48
"188","15687","Central Park Ave & 24th St",41.8481,-87.715068,32,28,17,9,12,12,60,24,26
"189","15689","California Ave & 23rd Pl",41.84910969176,-87.6951398068,110,102,32,31,65,66,212,131,63
"190","15691","Albany Ave & 26th St",41.84447501366,-87.7020130128,50,44,18,16,28,26,94,54,34
"191","15692","California Ave & 26th St",41.8440588333333,-87.695358,52,56,37,36,15,16,108,31,73
"192","16010","Keystone Ave & Fullerton Ave",41.92459,-87.72785,178,224,80,78,85,127,402,212,158
"193","16806","Bosworth Ave & Howard St",42.019537,-87.669563,160,129,27,25,132,99,289,231,52
"194","16903","Cicero Ave & Lake St",41.886841,-87.745261,32,18,10,6,20,11,50,31,16
"195","16905","Central Ave & Lake St",41.887664,-87.765469,41,34,23,17,14,12,75,26,40
"196","16906","Austin Blvd & Lake St",41.8878915,-87.774446,117,136,91,97,12,27,253,39,188
"197","16907","Central Park Blvd & 5th Ave",41.875679,-87.71547,41,45,26,24,11,15,86,26,50
"198","16912","Cicero Ave & Flournoy St",41.872131,-87.746619,17,9,7,2,9,6,26,15,9
"199","16913","Cicero Ave & Quincy St",41.8776211666667,-87.7453876666667,18,18,13,11,4,5,36,9,24
"200","16915","Central Ave & Harrison St",41.872993,-87.764499,32,25,18,10,12,14,57,26,28
"201","16916","Central Ave & Madison St",41.880121,-87.763238,39,47,6,7,31,39,86,70,13
"202","16918","Austin Blvd & Madison St",41.8802676666667,-87.7744348333333,51,47,32,28,13,14,98,27,60
"203","16920","Central Ave & Chicago Ave",41.894958,-87.764902,74,76,31,32,41,43,150,84,63
"204","16921","Austin Blvd & Chicago Ave",41.894887,-87.774704,66,63,49,52,16,11,129,27,101
"205","16932","Ashland Ave & Pershing Rd",41.823465,-87.665577,63,60,19,13,36,39,123,75,32
"206","16933","Morgan St & Pershing Rd",41.823613,-87.650931,13,27,0,0,13,26,40,39,0
"207","16937","Ashland Ave & McDowell Ave",41.8088671666667,-87.6644928333333,86,78,28,22,47,54,164,101,50
"208","16940","Ashland Ave & 50th St",41.803023,-87.664699,32,27,5,4,24,21,59,45,9
"209","16943","Ashland Ave & Garfield Blvd",41.792822,-87.664429,18,15,5,4,12,8,33,20,9
"210","16948","Ashland Ave & 63rd St",41.7793725,-87.6649875,36,35,24,18,11,15,71,26,42
"211","16950","Ashland Ave & 66th St",41.7741146666667,-87.6637673333333,21,22,14,13,4,5,43,9,27
"212","16953","Vincennes Ave & 75th St",41.7579125,-87.6312218333333,18,10,15,8,3,2,28,5,23
"213","16970","Bennett Ave & 79th St",41.751785,-87.578496,15,10,7,4,6,6,25,12,11
"214","16991","Milwaukee Ave & Cuyler Ave",41.9544395,-87.7496065,182,213,124,125,50,77,395,127,249
"215","16994","Kilbourn Ave & Milwaukee Ave",41.9470708941847,-87.7400082349777,62,76,23,21,32,45,138,77,44
"216","17660","California Ave & Cortez St",41.900325,-87.696654,869,896,278,284,552,565,1765,1117,562
"217","18003","Fairbanks St & Superior St",41.895748,-87.620104,1331,1350,340,327,907,955,2681,1862,667
"218","18016","Bernard St & Elston Ave",41.949923,-87.713949,202,186,71,70,126,109,388,235,141
"219","18017","Central Park Ave & Bloomingdale Ave",41.914166,-87.716755,487,512,85,88,339,341,999,680,173
"220","18022","Archer (Damen) Ave & 37th St",41.826712,-87.683144,57,61,13,14,37,39,118,76,27
"221","18025","Carpenter St & 63rd St",41.7799053333333,-87.6509058333333,7,5,5,1,0,0,12,0,6
"222","18058","Leavitt St & Chicago Ave",41.8954866666667,-87.6820635,729,814,185,190,527,595,1543,1122,375
"223","18062","Aberdeen St & Randolph St",41.884114,-87.654264,1514,1510,417,406,1019,1041,3024,2060,823
"224","18067","Walsh Park",41.91461,-87.667968,1325,1173,216,203,1035,918,2498,1953,419
"225","18069","Cherry Ave & Blackhawk St",41.907221,-87.655618,291,298,77,73,208,223,589,431,150
"226","20.0","Damen Ave & Wabansia Ave",41.91,-87.68,136,130,136,130,0,0,266,0,266
"227","20101","Summit Ave & 86th St",41.7378208333333,-87.644985,31,27,14,10,17,17,58,34,24
"228","201022","Loomis St & 89th St",41.7324923333333,-87.6580855,35,23,31,14,4,9,58,13,45
"229","20103","Prospect Sq & 91st St",41.7282338,-87.6675239,47,45,31,26,14,17,92,31,57
"230","20104","State St & 95th St",41.7218499,-87.6228544,85,59,50,37,35,22,144,57,87
"231","20105","Halsted St & 96th St",41.7196746666667,-87.6428455,18,18,12,11,3,4,36,7,23
"232","20106","Chicago State University",41.7189895,-87.6082695,42,34,21,12,14,14,76,28,33
"233","20107","Walden Pkwy & 100th St",41.7122003333333,-87.6677428333333,63,46,27,19,25,16,109,41,46
"234","20108","Hale Ave & 107th St",41.6992303333333,-87.6689265,83,85,65,66,14,15,168,29,131
"235","20109","Vernon Ave & 107th St",41.7001213792389,-87.6122599840164,23,17,14,11,9,6,40,15,25
"236","20110","Eberhart Ave & 91st St",41.7292851572549,-87.6110315322876,28,30,9,6,16,19,58,35,15
"237","20112","Indiana Ave & 103rd St",41.7071702711776,-87.6184719800949,19,21,10,10,9,11,40,20,20
"238","20113","Dauphin Ave & 103rd St",41.7072503677818,-87.6076626777649,15,11,5,2,9,9,26,18,7
"239","20116","Dauphin Ave & 87th St",41.7365590228221,-87.6012575626373,35,28,10,9,22,19,63,41,19
"240","20118","Eggleston Ave & 92nd St",41.7275888333333,-87.6348995,60,59,59,54,1,5,119,6,113
"241","20119","Elizabeth St & 92nd St",41.7267989637012,-87.6542901992798,25,23,9,7,10,10,48,20,16
"242","20120","Stewart Ave & 83rd St",41.7437171666667,-87.6341075,43,26,19,9,24,17,69,41,28
"243","20121","Loomis Blvd & 84th St",41.7414865286181,-87.6584100723267,56,42,30,21,23,17,98,40,51
"244","20123","Western Ave & 104th St",41.704607,-87.6810691666667,46,25,32,13,10,7,71,17,45
"245","20124","Vincennes Ave & 104th St",41.7049255649976,-87.6568681095887,19,12,14,9,5,3,31,8,23
"246","20125","Halsted St & 104th St",41.705184,-87.6423986666667,41,23,41,21,0,0,64,0,62
"247","20126","S Aberdeen St & W 106th St",41.7,-87.65,23,18,23,18,0,0,41,0,41
"248","20127","Halsted St & 111th St",41.6922625558917,-87.6426118612289,27,16,15,13,10,3,43,13,28
"249","20128","S Wentworth Ave & W 111th St",41.69,-87.63,0,0,0,0,0,0,0,0,0
"250","20129","Ada St & 113th St",41.6875616233574,-87.6554757356644,11,11,3,4,7,6,22,13,7
"251","20130","Wentworth Ave & 104th St",41.7053079969982,-87.6292169094086,17,8,7,3,10,5,25,15,10
"252","20131","Cottage Grove Ave & 111th Pl",41.6916516666667,-87.6100265,34,31,25,13,9,17,65,26,38
"253","20133","Woodlawn & 103rd - Olive Harvey Vaccination Site",41.71,-87.59,7,6,7,6,0,0,13,0,13
"254","20134","Maryland Ave & 104th St",41.71,-87.6,13,7,13,7,0,0,20,0,20
"255","20201","Kedzie Ave & 104th St",41.7,-87.7,3,0,3,0,0,0,0,0,0
"256","20202","W 103rd St & S Avers Ave",41.71,-87.72,20,9,20,9,0,0,29,0,29
"257","20203","Lawndale Ave & 111th St",41.6913191922107,-87.7128857374191,44,42,19,14,14,18,86,32,33
"258","20204","Kedzie Ave & 110th St",41.6923903333333,-87.7009673333333,27,20,16,7,11,9,47,20,23
"259","20205","Western Ave & 111th St",41.691211034981,-87.6812973618507,59,38,40,18,11,14,97,25,58
"260","20206","Homewood Ave & 115th St",41.6845335,-87.670749,21,17,17,12,3,5,38,8,29
"261","20207","Major Taylor Trail & 115th St",41.6849943333333,-87.645268,40,32,35,27,4,3,72,7,62
"262","20208","Major Taylor Trail & 124th St",41.6687268333333,-87.6372635,25,25,20,18,4,6,50,10,38
"263","20210","State St & 123rd St",41.6706438368798,-87.6225864887238,42,38,40,36,2,2,80,4,76
"264","20211","Eberhart Ave & 131st St",41.6579598333333,-87.6108465,14,13,14,12,0,0,27,0,26
"265","20212","Altgeld Gardens",41.657077,-87.5988726666667,17,11,14,10,1,0,28,0,24
"266","20213","Commercial Ave & 130th St",41.6591613333333,-87.5507968333333,26,19,16,15,6,1,45,7,31
"267","20214","Avenue O & 134th St",41.6519595,-87.5395506666667,21,18,20,12,1,5,39,6,32
"268","20215","Hegewisch Metra Station",41.6485795,-87.546238,17,21,11,14,5,6,38,11,25
"269","20217","Torrence Ave & 126th Pl",41.6663120082573,-87.5572156906128,11,5,7,2,4,3,16,7,9
"270","20218","Avenue O & 118th St",41.6810056666667,-87.5380313333333,13,15,12,11,1,3,28,4,23
"271","20220","Avenue L & 114th St",41.69,-87.54,4,1,4,1,0,0,5,0,5
"272","20221","Torrence Ave & 106th St",41.7028008502259,-87.5597262382507,15,6,13,3,2,2,21,4,16
"273","20222","Burnham Greenway & 105th St",41.7045750872071,-87.5282317399979,38,40,15,15,13,14,78,27,30
"274","20223","Ewing Ave & Burnham Greenway",41.712749,-87.534814,8,5,2,3,3,1,13,4,5
"275","20224","Calumet Park",41.7137098303562,-87.5308442115784,53,50,12,10,23,22,103,45,22
"276","20225","Commercial Ave & 100th St",41.713317395477,-87.5510975718498,7,8,3,2,4,5,15,9,5
"277","20226","Oglesby Ave & 100th St",41.713397,-87.565842,12,15,6,6,3,6,27,9,12
"278","20227","Bradley Park",41.7179398333333,-87.564621,25,19,13,8,12,11,44,23,21
"279","20228","Constance Ave & 95th St",41.7222907409526,-87.5789684057236,23,17,6,6,16,10,40,26,12
"280","20229","Baltimore Ave & 87th St",41.7373356004167,-87.5485146045685,28,33,11,6,15,24,61,39,17
"281","20230","Clyde Ave & 87th St",41.7371938333333,-87.5726378333333,28,21,11,7,11,11,49,22,18
"282","20231","East End Ave & 87th St",41.7368152144067,-87.5828012824059,24,23,3,3,20,14,47,34,6
"283","20232","Big Marsh Park",41.6858706666667,-87.573765,41,40,22,19,7,9,81,16,41
"284","20233","Halsted St & 78th St",41.7524611666667,-87.6437643333333,19,8,11,1,8,7,27,15,12
"285","20234","Ashland Ave & 78th St",41.7522048494112,-87.663699388504,27,17,19,8,8,8,44,16,27
"286","20235","Greenwood Ave & 91st St",41.7282642681627,-87.5972986221313,15,17,5,5,8,10,32,18,10
"287","20236","Stony Island Ave & 90th St",41.7314163333333,-87.5857885,44,40,30,28,9,10,84,19,58
"288","20237","Yates Blvd & 93rd St",41.7261296666667,-87.5662996666667,25,23,16,17,9,6,48,15,33
"289","20238","Greenwood Ave & 97th St",41.7187031547574,-87.5970357656479,51,47,35,33,14,12,98,26,68
"290","20239","Marquette Ave & 89th St",41.7336836666667,-87.558482,31,30,16,15,11,11,61,22,31
"291","20242","Houston Ave & 92nd St",41.728204215358,-87.5497001409531,14,17,6,5,7,11,31,18,11
"292","20243","Michigan Ave & 114th St",41.6870147946712,-87.6210522651672,18,14,14,10,3,4,32,7,24
"293","20244","Halsted St & 73rd St",41.7615313333333,-87.6440278333333,16,21,7,5,9,13,37,22,12
"294","20245","Ashland Ave & 74th St",41.7592360242587,-87.6634740829468,23,19,12,9,9,9,42,18,21
"295","20246.0","N Green St & W Lake St",41.89,-87.65,224,145,224,145,0,0,369,0,369
"296","20247.0","W Washington Blvd & N Peoria St",41.88,-87.65,4,9,4,9,0,0,13,0,13
"297","202480.0","Hampden Ct & Diversey Ave",41.93,-87.64,6,30,6,30,0,0,36,0,36
"298","20249.0","N Clark St & W Elm St",41.9,-87.63,1,1,1,1,0,0,2,0,2
"299","20251.0","N Carpenter St & W Lake St",41.89,-87.65,20,13,20,13,0,0,33,0,33
"300","20252.0","W Oakdale Ave & N Broadway",41.94,-87.64,251,161,251,161,0,0,412,0,412
"301","20253.0","N Paulina St & Lincoln Ave",41.94,-87.67,11,11,11,11,0,0,22,0,22
"302","20254.0","W Armitage Ave & N Sheffield Ave",41.92,-87.65,152,102,152,102,0,0,254,0,254
"303","20256.0","N Sheffield Ave & W Wellington Ave",41.94,-87.65,43,42,43,42,0,0,85,0,85
"304","20257.0","N Southport Ave & W Newport Ave",41.94,-87.66,48,37,48,37,0,0,85,0,85
"305","310","North Ave & New England Ave",41.91,-87.8,1,2,1,2,0,0,3,0,3
"306","312","Lockwood Ave & Wrightwood Ave",41.93,-87.76,53,41,53,41,0,0,94,0,94
"307","313","Long Ave & Belden Ave",41.92,-87.76,28,25,28,25,0,0,53,0,53
"308","316","Lamon Ave & Belmont Ave",41.94,-87.75,52,45,52,45,0,0,97,0,97
"309","317","Long Ave & Belmont Ave",41.94,-87.76,29,26,29,26,0,0,55,0,55
"310","319","Roscoe & Harlem",41.94,-87.81,10,6,10,6,0,0,16,0,16
"311","321","Kostner Ave & Wrightwood Ave",41.93,-87.74,43,43,43,43,0,0,86,0,86
"312","322","Cicero Ave & Grace St",41.95,-87.75,10,10,10,10,0,0,20,0,20
"313","324","Meade Ave & Addison St",41.95,-87.78,28,21,28,21,0,0,49,0,49
"314","325","Harlem Ave & Grace St",41.95,-87.81,2,1,2,1,0,0,3,0,3
"315","327","Plainfield & Irving Park",41.95,-87.83,25,21,25,21,0,0,46,0,46
"316","329.0","Central Park Ave & Douglas Blvd",41.86,-87.72,12,3,12,3,0,0,15,0,15
"317","330.0","Keeler Ave & Roosevelt Rd",41.87,-87.73,20,8,20,8,0,0,28,0,28
"318","331","Halsted St & Clybourn Ave",41.909668,-87.648128,3013,2894,712,692,2198,2118,5907,4316,1404
"319","331.0","Pulaski Rd & 21st St",41.85,-87.72,3,2,3,2,0,0,5,0,5
"320","332.0","Harding Ave & 26th St",41.84,-87.72,7,7,7,7,0,0,14,0,14
"321","334.0","Lawndale Ave & 30th St",41.84,-87.72,18,15,18,15,0,0,33,0,33
"322","335.0","Komensky Ave & 31st St",41.84,-87.73,12,6,12,6,0,0,18,0,18
"323","351","Mulligan Ave & Wellington Ave",41.93,-87.78,49,39,49,39,0,0,88,0,88
"324","352","Sayre & Diversey",41.93,-87.8,7,5,7,5,0,0,12,0,12
"325","353","Meade Ave & Diversey Ave",41.93,-87.78,31,33,31,33,0,0,64,0,64
"326","354","Parkside Ave & Armitage Ave",41.92,-87.77,13,9,13,9,0,0,22,0,22
"327","355","Central Ave & Parker Ave",41.93,-87.77,31,23,31,23,0,0,54,0,54
"328","356","Lavergne & Fullerton",41.92,-87.75,29,24,29,24,0,0,53,0,53
"329","357","Lamon Ave & Armitage Ave",41.92,-87.75,28,16,28,16,0,0,44,0,44
"330","358","Kilpatrick Ave & Parker Ave",41.93,-87.74,15,14,15,14,0,0,29,0,29
"331","359","Kilbourn & Belden",41.92,-87.74,12,6,12,6,0,0,18,0,18
"332","360","Kilbourn & Roscoe",41.94,-87.74,35,31,35,31,0,0,66,0,66
"333","362.0","Lawndale Ave & 16th St",41.86,-87.72,4,4,4,4,0,0,8,0,8
"334","363.0","Tripp Ave & 15th St",41.86,-87.73,0,0,0,0,0,0,0,0,0
"335","364.0","Homan Ave & Fillmore St",41.87,-87.71,25,24,25,24,0,0,49,0,49
"336","365.0","Kildare Ave & 26th St",41.84,-87.73,1,1,1,1,0,0,2,0,2
"337","366.0","Spaulding Ave & 16th St",41.86,-87.71,7,6,7,6,0,0,13,0,13
"338","368.0","Tripp Ave & 31st St",41.84,-87.73,12,12,12,12,0,0,24,0,24
"339","393","Oketo Ave & Addison St",41.94,-87.81,19,16,19,16,0,0,35,0,35
"340","396","Central Ave & Roscoe St",41.94,-87.77,28,20,28,20,0,0,48,0,48
"341","397","Narragansett Ave & School St",41.94,-87.79,32,34,32,34,0,0,66,0,66
"342","398","Long & Irving Park",41.95,-87.76,56,54,56,54,0,0,110,0,110
"343","473","Mason Ave & Belmont Ave",41.94,-87.77,31,24,31,24,0,0,55,0,55
"344","514","Ridge Blvd & Howard St",42.0193035,-87.6846028333333,85,79,38,42,44,33,164,77,80
"345","515","Paulina St & Howard St",42.019159,-87.673573,285,289,93,92,156,184,574,340,185
"346","517","Clark St & Jarvis Ave",42.0159795,-87.675008,126,118,28,27,91,82,244,173,55
"347","518","Conservatory Dr & Lake St",41.885502,-87.716866,157,151,56,54,80,74,308,154,110
"348","519","Wolcott Ave & Fargo Ave",42.016977,-87.677725,75,66,29,31,42,30,141,72,60
"349","520","Greenview Ave & Jarvis Ave",42.015962,-87.66857,451,413,110,112,324,290,864,614,222
"350","523","Eastlake Ter & Rogers Ave",42.0208536666667,-87.6650088333333,296,297,102,101,181,176,593,357,203
"351","525","Glenwood Ave & Touhy Ave",42.012701,-87.666058,317,297,50,56,250,222,614,472,106
"352","527","Western Ave & Howard St",42.018901,-87.690048,108,122,56,62,47,57,230,104,118
"353","528","Pulaski Rd & Lake St",41.885409,-87.726491,54,50,32,29,17,16,104,33,61
"354","530","Laramie Ave & Kinzie St",41.887832,-87.755527,38,31,11,12,27,18,69,45,23
"355","534","Karlov Ave & Madison St",41.88085,-87.727907,37,22,23,12,13,8,59,21,35
"356","535","Pulaski Rd & Congress Pkwy",41.874325,-87.725704,21,22,12,10,8,10,43,18,22
"357","536","Kostner Ave & Lake St",41.885928,-87.73541,22,18,6,6,16,12,40,28,12
"358","537","Kenton Ave & Madison St",41.880708,-87.741018,17,14,9,8,8,6,31,14,17
"359","540","Laramie Ave & Madison St",41.880207,-87.755337,32,23,14,5,16,16,55,32,19
"360","543","Laramie Ave & Gladys Ave",41.8757971666667,-87.7553165,22,10,15,2,7,7,32,14,17
"361","545","Kostner Ave & Adams St",41.877917,-87.735737,23,21,6,5,15,14,44,29,11
"362","546","Damen Ave & Pershing Rd",41.823192,-87.676597,52,62,15,14,26,34,114,60,29
"363","549","Marshfield Ave & 44th St",41.813996,-87.666589,63,55,29,27,34,26,118,60,56
"364","553","Elizabeth St & 47th St",41.80839,-87.656526,15,15,2,2,12,13,30,25,4
"365","554","Damen Ave & 51st St",41.800908,-87.674684,15,13,1,1,11,8,28,19,2
"366","556","Throop St & 52nd St",41.799659,-87.657195,18,22,5,6,10,14,40,24,11
"367","557","Seeley Ave & Garfield Blvd",41.7941445,-87.6755173333333,3,8,2,6,1,2,11,3,8
"368","559","Racine Ave & Garfield Blvd",41.794228,-87.655073,26,25,7,4,19,17,51,36,11
"369","560","Marshfield Ave & 59th St",41.786833,-87.666215,12,10,7,3,1,7,22,8,10
"370","561","Damen Ave & 59th St",41.7860443333333,-87.6741391666667,10,13,6,0,3,8,23,11,0
"371","562","Racine Ave & 61st St",41.783189,-87.654372,13,17,2,1,10,16,30,26,3
"372","564","Racine Ave & 65th St",41.775393,-87.654308,9,7,2,4,6,1,16,7,6
"373","567","May St & 69th St",41.768938,-87.652934,28,27,26,23,2,4,55,6,49
"374","569","Woodlawn Ave & 75th St",41.7591791666667,-87.5957943333333,9,8,6,5,3,2,17,5,11
"375","570","Evans Ave & 75th St",41.75849,-87.60641,38,36,21,18,16,17,74,33,39
"376","571","Vernon Ave & 75th St",41.758361,-87.614138,22,20,15,13,7,5,42,12,28
"377","572","State St & 76th St",41.7569821666667,-87.6246051666667,12,9,11,5,1,3,21,4,16
"378","573","State St & 79th St",41.750794,-87.624424,53,36,27,24,20,11,89,31,51
"379","574","Vernon Ave & 79th St",41.75094,-87.61379,30,26,6,8,21,18,56,39,14
"380","575","Cottage Grove Ave & 78th St",41.7531688333333,-87.6050133333333,33,28,17,12,13,14,61,27,29
"381","576","Greenwood Ave & 79th St",41.751299,-87.5974436666667,21,26,6,5,13,12,47,25,11
"382","577","Stony Island Ave & South Chicago Ave",41.751173,-87.585337,22,15,5,4,14,8,37,22,9
"383","579","Phillips Ave & 79th St",41.75182,-87.565211,34,32,13,8,18,18,66,36,21
"384","580","Exchange Ave & 79th St",41.751731,-87.552812,29,24,11,10,15,13,53,28,21
"385","582","Phillips Ave & 83rd St",41.744531,-87.56506,29,20,16,9,13,10,49,23,25
"386","583","Stony Island Ave & 82nd St",41.746559,-87.586005,33,40,20,23,13,16,73,29,43
"387","584","Ellis Ave & 83rd St",41.744123,-87.599034,28,28,13,12,15,13,56,28,25
"388","585","Cottage Grove Ave & 83rd St",41.743441,-87.604836,32,33,12,14,19,16,65,35,26
"389","586","MLK Jr Dr & 83rd St",41.743116,-87.6148,12,12,2,2,6,7,24,13,4
"390","587","Wabash Ave & 83rd St",41.743316,-87.622849,9,9,0,0,3,4,18,7,0
"391","588","South Chicago Ave & 83rd St",41.7438971666667,-87.5752451666667,25,23,14,13,9,9,48,18,27
"392","590","Kilbourn Ave & Irving Park Rd",41.953733,-87.740569,75,77,33,34,38,37,152,75,67
"393","592","Knox Ave & Montrose Ave",41.960631,-87.745359,101,99,51,41,43,54,200,97,92
"394","593","Halsted St & 59th St",41.787539,-87.644874,8,12,1,1,7,11,20,18,2
"395","594","Western Blvd & 48th Pl",41.805661,-87.683392,52,69,19,19,28,41,121,69,38
"396","595","Wabash Ave & 87th St",41.736646,-87.622634,55,45,29,27,21,18,100,39,56
"397","596","Benson Ave & Church St",42.048214,-87.683485,884,908,196,202,622,634,1792,1256,398
"398","598","Elmwood Ave & Austin St",42.025784,-87.684107,163,141,52,45,111,96,304,207,97
"399","599","Valli Produce - Evanston Plaza",42.039742,-87.699413,151,161,72,73,75,85,312,160,145
"400","600","Dodge Ave & Church St",42.048308,-87.698224,118,121,33,30,74,72,239,146,63
"401","604","Sheridan Rd & Noyes St (NU)",42.0582398333333,-87.6774601666667,447,431,70,70,344,329,878,673,140
"402","605","University Library (NU)",42.052939,-87.673447,344,354,62,59,241,251,698,492,121
"403","620","Orleans St & Chestnut St (NEXT Apts)",41.8981308333333,-87.6374548333333,1818,1649,495,438,1294,1167,3467,2461,933
"404","623","Michigan Ave & 8th St",41.872773,-87.623981,2862,2673,573,517,1900,1760,5535,3660,1090
"405","624","Dearborn St & Van Buren St",41.876268,-87.629155,1130,992,224,186,814,734,2122,1548,410
"406","631","Malcolm X College Vaccination Site",41.877618,-87.673895,290,203,84,47,198,143,493,341,131
"407","632","Clark St & Newport St",41.9444681666667,-87.6547066666667,3654,3646,863,859,2616,2634,7300,5250,1722
"408","636","Orleans St & Hubbard St",41.890028,-87.636618,1478,1382,345,338,1091,1020,2860,2111,683
"409","637","Wood St & Chicago Ave",41.895634,-87.672069,1058,1098,326,329,706,747,2156,1453,655
"410","638","Clinton St & Jackson Blvd",41.8783166118307,-87.6409810781479,1849,1752,486,465,1301,1225,3601,2526,951
"411","639","Lakefront Trail & Wilson Ave",41.965845,-87.645361,1743,1748,255,252,1301,1302,3491,2603,507
"412","642","Latrobe Ave & Chicago Ave",41.8947395,-87.7568026666667,26,30,18,18,6,10,56,16,36
"413","643","Smith Park",41.892048,-87.689397,374,422,140,146,214,255,796,469,286
"414","644","Western Ave & Fillmore St",41.868563,-87.686234,648,650,291,299,332,339,1298,671,590
"415","646","State St & 54th St",41.7965868333333,-87.6259773333333,32,19,9,8,22,10,51,32,17
"416","647","Elizabeth St & 59th St",41.7896968804834,-87.65469789505,9,9,5,4,4,2,18,6,9
"417","649","Stewart Ave & 63rd St",41.779835,-87.634774,32,29,10,8,20,19,61,39,18
"418","650","Eggleston Ave & 69th St",41.7689291666667,-87.6357641666667,17,9,13,3,4,6,26,10,16
"419","651","Michigan Ave & 71st St",41.7652981666667,-87.6216713333333,25,15,17,12,8,3,40,11,29
"420","652","Rhodes Ave & 71st St",41.766,-87.611726,23,20,6,5,16,15,43,31,11
"421","653","Cornell Dr & Hayes Dr",41.780595,-87.584846,63,56,10,11,45,37,119,82,21
"422","654","Racine Ave & Washington Blvd",41.883073,-87.656952,867,767,232,213,617,529,1634,1146,445
"423","655","Hoyne Ave & Balmoral Ave",41.979851,-87.681932,348,380,104,109,239,253,728,492,213
"424","657","Wood St & Augusta Blvd",41.899181,-87.6722,1003,896,273,234,711,636,1899,1347,507
"425","658","Leavitt St & Division St",41.9029291666667,-87.68369,698,571,171,149,503,402,1269,905,320
"426","660","Sheridan Rd & Columbia Ave",42.0044975,-87.6614871666667,631,631,142,140,436,447,1262,883,282
"427","661","Evanston Civic Center",42.057044,-87.686554,215,214,61,56,143,146,429,289,117
"428","662","Dodge Ave & Mulford St",42.023713,-87.699645,72,87,35,34,35,45,159,80,69
"429","665","South Chicago Ave & Elliot Ave",41.747363,-87.580046,5,4,4,2,1,2,9,3,6
"430","E002","Chicago Ave & Washington St",42.032562,-87.679101,469,482,156,160,295,301,951,596,316
"431","E006","Central St Metra",42.063598,-87.69873,185,199,60,59,121,133,384,254,119
"432","E007","Central St & Girard Ave",42.0643053333333,-87.6861083333333,183,191,45,46,129,137,374,266,91
"433","E008","Chicago Ave & Sheridan Rd",42.050491,-87.677821,426,437,54,53,296,320,863,616,107
"434","E011","Dodge Ave & Main St",42.0346318516159,-87.6991876959801,86,80,36,32,40,39,166,79,68
"435","E014","Lincolnwood Dr & Central St",42.0647238333333,-87.7153275,115,130,44,46,59,72,245,131,90
"436","Hubbard Bike-checking (LBS-WH-TEST)","Base - 2132 W Hubbard Warehouse",41.8899738333333,-87.680251,41,81,39,37,2,28,122,30,76
"437","KA1503000001","Shields Ave & 43rd St",41.8161935,-87.6347851666667,32,37,22,21,10,16,69,26,43
"438","KA1503000002","South Shore Dr & 71st St",41.766409,-87.565688,334,331,149,141,143,151,665,294,290
"439","KA1503000003","Cottage Grove Ave & 71st St",41.76571903697,-87.604959713,32,24,2,2,24,21,56,45,4
"440","KA1503000004","Lake Park Ave & 35th St",41.831274,-87.608799,468,467,117,111,265,262,935,527,228
"441","KA1503000005","Wentworth Ave & 35th St",41.830777,-87.632504,332,304,81,73,206,198,636,404,154
"442","KA1503000007","Cornell Ave & Hyde Park Blvd",41.802406,-87.586924,1092,1076,360,358,671,665,2168,1336,718
"443","KA1503000009","Princeton Ave & 47th St",41.80931770924,-87.633449288,58,65,23,18,33,42,123,75,41
"444","KA1503000010","Halsted St & 51st St",41.80183164049,-87.645213904,11,15,4,4,7,11,26,18,8
"445","KA1503000011","Halsted St & 56th St",41.79292964599,-87.6449900565,14,13,1,1,11,11,27,22,2
"446","KA1503000012","Clark St & Lake St",41.88602082773,-87.6308760584,2161,2188,513,512,1547,1526,4349,3073,1025
"447","KA1503000013","Princeton Ave & Garfield Blvd",41.794982,-87.633124,43,38,20,17,21,21,81,42,37
"448","KA1503000014","Ellis Ave & 60th St",41.78509714636,-87.6010727606,1376,1384,182,177,1144,1162,2760,2306,359
"449","KA1503000015","Wabash Ave & Adams St",41.87947235235,-87.6256886059,1388,1385,279,273,981,976,2773,1957,552
"450","KA1503000018","Jeffery Blvd & 71st St",41.76663823695,-87.5764501141,43,49,17,17,18,20,92,38,34
"451","KA1503000019","Stony Island Ave & 75th St",41.7586696704,-87.586882871,44,43,26,22,16,19,87,35,48
"452","KA1503000020","South Shore Dr & 74th St",41.7622205,-87.5592353333333,100,102,45,45,40,44,202,84,90
"453","KA1503000021","Stony Island Ave & 64th St",41.778881,-87.586647,69,82,18,19,33,45,151,78,37
"454","KA1503000022","Clark St & Montrose Ave",41.961588,-87.666036,926,871,207,207,675,624,1797,1299,414
"455","KA1503000023","Stony Island Ave & 67th St",41.77345849948,-87.5853397391,68,57,7,6,48,38,125,86,13
"456","KA1503000024","Yates Blvd & 75th St",41.758768,-87.56644,38,30,7,7,26,21,68,47,14
"457","KA1503000025","Wentworth Ave & 63rd St",41.7800561666667,-87.629786,71,65,51,52,20,13,136,33,103
"458","KA1503000027","Prairie Ave & 43rd St",41.81665889302,-87.6194124619,182,185,41,41,119,115,367,234,82
"459","KA1503000028","Jeffery Blvd & 76th St",41.75712006802,-87.5758393587,35,35,16,13,15,14,70,29,29
"460","KA1503000029","South Shore Dr & 67th St",41.773643,-87.567514,163,165,48,50,90,91,328,181,98
"461","KA1503000030","Jeffery Blvd & 67th St",41.77351755125,-87.5771428255,121,113,47,43,54,48,234,102,90
"462","KA1503000031","Cottage Grove Ave & 67th St",41.773721,-87.605635,57,63,4,5,46,49,120,95,9
"463","KA1503000032","Union Ave & Root St",41.819102,-87.643278,75,78,26,28,41,44,153,85,54
"464","KA1503000033","Eberhart Ave & 61st St",41.784096,-87.6132571666667,96,109,63,61,28,39,205,67,124
"465","KA1503000034","LaSalle St & Adams St",41.87934437346,-87.6319852213,826,816,229,214,524,542,1642,1066,443
"466","KA1503000038","Shields Ave & 31st St",41.838464,-87.635406,453,446,93,91,350,343,899,693,184
"467","KA1503000040","Loomis St & Archer Ave",41.84163253965,-87.6574349533,207,212,65,63,130,140,419,270,128
"468","KA1503000041","McClurg Ct & Erie St",41.894503,-87.617854,2698,2619,681,641,1850,1831,5317,3681,1322
"469","KA1503000043","Kingsbury St & Kinzie St",41.8890773333333,-87.6384261666667,4633,4640,1128,1131,3381,3409,9273,6790,2259
"470","KA1503000044","Rush St & Hubbard St",41.890173,-87.626185,1334,1261,334,318,898,835,2595,1733,652
"471","KA1503000045","Stony Island Ave & 71st St",41.7664929373,-87.5864608775,61,75,20,15,30,48,136,78,35
"472","KA1503000046","Dorchester Ave & 63rd St",41.7804056457,-87.5914159893,127,149,24,25,94,112,276,206,49
"473","KA1503000047","Perry Ave & 69th St",41.76929308995,-87.6281959291,31,16,13,9,14,6,47,20,22
"474","KA1503000049","Rainbow Beach",41.75787144829,-87.54938625,72,65,34,29,25,24,137,49,63
"475","KA1503000051","Halsted St & 47th Pl",41.8082091666667,-87.645629,110,105,48,50,58,50,215,108,98
"476","KA1503000052","Ellis Ave & 53rd St",41.79933626261,-87.6009581145,716,711,146,146,542,542,1427,1084,292
"477","KA1503000053","MLK Jr Dr & 63rd St",41.780032,-87.6159415,99,100,79,83,14,13,199,27,162
"478","KA1503000054","Cottage Grove Ave & 63rd St",41.780601,-87.605836,152,163,71,65,68,84,315,152,136
"479","KA1503000055","Halsted & 63rd - Kennedy-King Vaccination Site",41.779381,-87.644621,44,26,10,9,27,13,70,40,19
"480","KA1503000059","Lake Park Ave & 53rd St",41.799602,-87.5862475,842,824,229,219,536,531,1666,1067,448
"481","KA1503000064","Dusable Harbor",41.886976,-87.612813,3146,3127,611,598,1881,2017,6273,3898,1209
"482","KA1503000065","Woodlawn Ave & Lake Park Ave",41.8140863333333,-87.5970138333333,240,229,66,63,139,127,469,266,129
"483","KA1503000066","Wood St & 35th St",41.8301568333333,-87.6704593333333,83,84,23,21,52,57,167,109,44
"484","KA1503000068","Leavitt St & Archer Ave",41.82879201994,-87.6806044594,112,87,21,20,82,58,199,140,41
"485","KA1503000069","Dorchester Ave & 49th St",41.805772,-87.592464,190,154,62,58,119,85,344,204,120
"486","KA1503000070","Harper Ave & 59th St",41.7879681666667,-87.5882816666667,384,376,97,96,274,261,760,535,193
"487","KA1503000071","University Ave & 57th St",41.791478,-87.599861,1365,1348,294,284,1010,1001,2713,2011,578
"488","KA1503000072","Wacker Dr & Washington St",41.8832531952286,-87.6365125179291,1163,1163,371,367,736,760,2326,1496,738
"489","KA1503000073","MLK Jr Dr & 56th St",41.79342945658,-87.6158532619,79,48,15,9,58,35,127,93,24
"490","KA1503000074","Museum of Science and Industry",41.79172820953,-87.583945009,798,747,166,161,499,439,1545,938,327
"491","KA1503000075","DuSable Museum",41.791568,-87.607852,94,87,31,30,53,53,181,106,61
"492","KA1504000076","Ellis Ave & 55th St",41.794301,-87.60145,1408,1393,226,223,1160,1148,2801,2308,449
"493","KA1504000078","Lincoln Ave & Winona St",41.97491129677,-87.6925025594,385,443,169,168,199,251,828,450,337
"494","KA1504000079","Larrabee St & Division St",41.90348607004,-87.6433534936,1724,1728,411,403,1235,1279,3452,2514,814
"495","KA1504000080","Washtenaw Ave & Lawrence Ave",41.968987,-87.696027,488,500,192,201,275,284,988,559,393
"496","KA1504000082","Kedzie Ave & Harrison St",41.87359967462,-87.7048707493,50,51,17,16,31,29,101,60,33
"497","KA1504000086","Kedzie Ave & 24th St",41.84819094491,-87.7054137458,29,39,8,8,19,28,68,47,16
"498","KA1504000090","St. Louis Ave & Fullerton Ave",41.9248155968119,-87.714495062828,428,475,120,120,282,330,903,612,240
"499","KA1504000091","Hoyne Ave & 47th St",41.808227,-87.67718,38,37,9,7,21,23,75,44,16
"500","KA1504000093","Rockwell St & Eastwood Ave",41.96590013976,-87.6936384935,344,373,132,133,201,233,717,434,265
"501","KA1504000096","Sawyer Ave & Irving Park Rd",41.95358617895,-87.7093107999,212,222,67,71,124,127,434,251,138
"502","KA1504000097","Drake Ave & Montrose Ave",41.96115407569,-87.7165690733,200,204,80,78,108,112,404,220,158
"503","KA150400009X","Kimball Ave & Belmont Ave",41.939398,-87.711561,391,395,151,148,223,219,786,442,299
"504","KA1504000101","Ogden Ave & Roosevelt Rd",41.8665205,-87.684537,248,231,48,42,176,166,479,342,90
"505","KA1504000102","Fairfield Ave & Roosevelt Rd",41.866624,-87.694521,98,86,36,23,47,45,184,92,59
"506","KA1504000103","Western Ave & Walton St",41.89841768945,-87.6865960164,1130,1038,332,304,753,694,2168,1447,636
"507","KA1504000104","Paulina St & Flournoy St",41.87295,-87.66913,1259,1229,311,289,937,924,2488,1861,600
"508","KA1504000106","Kedzie Ave & Lake St",41.88460328501,-87.7063037436,102,113,47,45,44,50,215,94,92
"509","KA1504000109","Washtenaw Ave & Ogden Ave",41.8619304927826,-87.6934504508972,227,218,84,76,116,126,445,242,160
"510","KA1504000110","Millard Ave & 26th St",41.8445311246216,-87.715921998024,52,65,16,14,29,41,117,70,30
"511","KA1504000113","Sacramento Blvd & Franklin Blvd",41.8904687924386,-87.7026075124741,48,43,6,7,39,32,91,71,13
"512","KA1504000114","Kedzie Ave & Chicago Ave",41.89546530305,-87.7061278837,116,144,48,39,64,97,260,161,87
"513","KA1504000116","Larrabee St & Oak St",41.90021949323,-87.6429854676,1190,1032,211,191,945,812,2222,1757,402
"514","KA1504000117","Halsted St & North Branch St",41.89936843921,-87.6484798752,423,372,107,106,306,260,795,566,213
"515","KA1504000126","Kedzie Ave & Leland Ave",41.96668636205,-87.7080519806,175,179,77,72,92,97,354,189,149
"516","KA1504000127","Manor Ave & Leland Ave",41.965875,-87.700825,301,300,135,130,152,157,601,309,265
"517","KA1504000128","Kedzie Ave & Foster Ave",41.9756631666667,-87.7092301666667,173,176,56,51,94,110,349,204,107
"518","KA1504000129","Western Ave & Granville Ave",41.99416136902,-87.689438282,217,236,96,82,113,139,453,252,178
"519","KA1504000130","Maplewood Ave & Peterson Ave",41.990236,-87.69337,107,114,32,30,61,77,221,138,62
"520","KA1504000133","Rush St & Cedar St",41.90230870122,-87.627690528,3301,3287,798,799,2359,2309,6588,4668,1597
"521","KA1504000134","Ritchie Ct & Banks St",41.9069018333333,-87.6259138333333,2230,2170,495,483,1622,1585,4400,3207,978
"522","KA1504000135","Wells St & Elm St",41.903222,-87.634324,5785,5763,1307,1296,4313,4305,11548,8618,2603
"523","KA1504000139","Monticello Ave & Irving Park Rd",41.95400483876,-87.7191281797,177,188,69,69,101,113,365,214,138
"524","KA1504000140","Winchester Ave & Elston Ave",41.92409085038,-87.6764600747,615,644,158,153,440,476,1259,916,311
"525","KA1504000141","Pulaski Rd & Eddy St (Temp)",41.946264,-87.731023,73,79,15,17,51,51,152,102,32
"526","KA1504000142","Drake Ave & Addison St",41.947326,-87.717582,132,156,53,54,76,90,288,166,107
"527","KA1504000143","Leavitt St & Addison St",41.946655,-87.683359,442,419,113,114,300,292,861,592,227
"528","KA1504000146","Clark St & Berwyn Ave",41.9780356666667,-87.6680778333333,1673,1719,502,503,1067,1124,3392,2191,1005
"529","KA1504000147","Winchester (Ravenswood) Ave & Balmoral Ave",41.979762,-87.67753,259,265,72,73,176,189,524,365,145
"530","KA1504000148","Clark St & Elmdale Ave",41.9908604481256,-87.6697236299515,564,568,150,147,386,391,1132,777,297
"531","KA1504000149","Damen Ave & Foster Ave",41.97561480459,-87.6794590387,518,541,167,160,332,345,1059,677,327
"532","KA1504000151","Clark St & Bryn Mawr Ave",41.983593,-87.669154,1174,1255,321,329,790,869,2429,1659,650
"533","KA1504000152","Lakefront Trail & Bryn Mawr Ave",41.98403669612,-87.6523104689,3192,3209,689,684,2239,2276,6401,4515,1373
"534","KA1504000155","2112 W Peterson Ave",41.991178,-87.683593,141,153,52,54,86,96,294,182,106
"535","KA1504000156","Clark St & Schreiber Ave",41.9993005,-87.6713893333333,445,451,153,147,263,280,896,543,300
"536","KA1504000158","Oakley Ave & Irving Park Rd",41.9541956666667,-87.6859995,342,381,79,79,248,281,723,529,158
"537","KA1504000159","Sheridan Rd & Greenleaf Ave",42.010587,-87.662412,372,348,87,84,237,219,720,456,171
"538","KA1504000160","Francisco Ave & Foster Ave",41.9756683333333,-87.7014161666667,331,331,124,124,171,174,662,345,248
"539","KA1504000161","St. Louis Ave & Balmoral Ave",41.98039423475,-87.7161149615,132,136,56,55,67,72,268,139,111
"540","KA1504000162","Clark St & Lunt Ave",42.009074,-87.67419,413,383,156,155,243,212,796,455,311
"541","KA1504000164","Keystone Ave & Montrose Ave",41.96110801623,-87.7289701012,132,134,67,66,59,57,266,116,133
"542","KA1504000167","Kedzie Ave & Bryn Mawr Ave",41.98239708485,-87.7089225202,141,149,36,34,99,107,290,206,70
"543","KA1504000168","Western & 28th - Velasquez Institute Vaccination Site",41.84151770807,-87.6851314409,19,18,11,12,5,2,37,7,23
"544","KA1504000171","Marine Dr & Ainslie St",41.9716,-87.650154,1501,1483,380,378,981,966,2984,1947,758
"545","KA1504000175","Glenwood Ave & Morse Ave",42.0079626666667,-87.6654318333333,647,641,149,157,464,445,1288,909,306
"546","KA17018054","Damen Ave & Walnut (Lake) St",41.8859303333333,-87.6770665,424,463,127,113,273,334,887,607,240
"547","KA17018068","Leavitt St & Belmont Ave",41.939354,-87.683282,713,685,207,183,456,469,1398,925,390
"548","KA1706005007","Delano Ct & Roosevelt Rd",41.867491,-87.63219,929,865,236,221,639,589,1794,1228,457
"549","KA1706005015","Kildare Ave & Montrose Ave",41.96108,-87.73569,100,106,28,28,65,70,206,135,56
"550","KP1705001026","LaSalle Dr & Huron St",41.894877,-87.632326,2213,2099,552,536,1585,1479,4312,3064,1088
"551","LF-005","DuSable Lake Shore Dr & North Blvd",41.911722,-87.626804,9334,10806,1490,1608,6868,8209,20140,15077,3098
"552","LP-","Lincoln Park Conservatory",41.9239313113662,-87.6358245313168,2581,2379,392,371,1916,1679,4960,3595,763
"553","RN-","Franklin St & Illinois St",41.8910233102519,-87.6354798674583,2595,2489,606,581,1926,1821,5084,3747,1187
"554","RP-001","Warren Park West",42.001785,-87.688829,170,179,56,52,93,102,349,195,108
"555","RP-002","Warren Park East",42.0045531666667,-87.6806596666667,187,203,70,69,103,119,390,222,139
"556","RP-004","Oakley Ave & Touhy Ave",42.012342,-87.688243,70,87,25,23,39,57,157,96,48
"557","RP-005","Western Ave & Lunt Ave",42.008594,-87.690492,212,254,103,103,96,136,466,232,206
"558","RP-006","Ridge Blvd & Touhy Ave",42.01213227742,-87.6829126443,113,102,32,33,70,59,215,129,65
"559","RP-007","Clark St & Touhy Ave",42.01256011541,-87.6743671152,208,192,80,80,117,98,400,215,160
"560","RP-008","Clark St & Columbia Ave",42.00445062934,-87.6724024047,365,368,160,159,198,199,733,397,319
"561","RP-009","Sheridan Rd & Loyola Ave",42.00104377979,-87.6611982433,718,728,216,210,449,473,1446,922,426
"562","SL-005","Indiana Ave & Roosevelt Rd",41.867888,-87.623041,4204,4216,930,913,2754,2860,8420,5614,1843
"563","SL-006","Wells St & 19th St",41.856802,-87.633879,362,352,90,85,230,242,714,472,175
"564","SL-007","State St & Harrison St",41.874053,-87.627716,1184,1180,270,269,825,800,2364,1625,539
"565","SL-008","Federal St & Polk St",41.8721788333333,-87.6295363333333,2643,2632,659,652,1845,1848,5275,3693,1311
"566","SL-009","Clark St & 9th St (AMLI)",41.870816,-87.631246,924,912,269,264,617,592,1836,1209,533
"567","SL-010","Financial Pl & Ida B Wells Dr",41.8750236280333,-87.6330940425396,857,852,207,205,615,601,1709,1216,412
"568","SL-011","Wells St & Polk St",41.872596,-87.633502,1847,1859,512,510,1255,1268,3706,2523,1022
"569","SL-012","Wabash Ave & 16th St",41.8603588333333,-87.6258048333333,1316,1323,266,267,986,995,2639,1981,533
"570","SL-013","State St & 19th St",41.856594,-87.627542,462,442,71,68,344,343,904,687,139
"571","TA1305000001","Wabash Ave & Cermak Rd",41.852619,-87.626488,613,629,161,151,389,407,1242,796,312
"572","TA1305000002","Wabash Ave & Roosevelt Rd",41.8670231666667,-87.6259296666667,3315,3323,732,721,2326,2356,6638,4682,1453
"573","TA1305000003","Fairbanks Ct & Grand Ave",41.8918473721099,-87.6205801963806,3767,3771,795,790,2646,2633,7538,5279,1585
"574","TA1305000004","McCormick Place",41.8513751729,-87.6188346489,528,530,135,136,308,328,1058,636,271
"575","TA1305000005","Dearborn St & Adams St",41.8786673333333,-87.6301535,1196,1208,263,263,846,879,2404,1725,526
"576","TA1305000006","Dearborn St & Monroe St",41.8810645,-87.6298925,2245,2240,537,528,1570,1577,4485,3147,1065
"577","TA1305000009","Clark St & Ida B Wells Dr",41.8759326655,-87.6305845355,718,666,160,148,523,467,1384,990,308
"578","TA1305000010","Michigan Ave & Ida B Wells Dr",41.876243,-87.624426,1233,1233,224,224,812,796,2466,1608,448
"579","TA1305000011","Michigan Ave & Lake St",41.886024,-87.624117,3354,3340,721,705,2192,2264,6694,4456,1426
"580","TA1305000014","Clark St & Wrightwood Ave",41.929546,-87.643118,3793,3788,681,680,2981,2976,7581,5957,1361
"581","TA1305000017","Halsted St & Roosevelt Rd",41.867324,-87.648625,643,637,87,82,528,525,1280,1053,169
"582","TA1305000020","Ogden Ave & Chicago Ave",41.896362458,-87.6540612729,1903,1820,495,488,1314,1258,3723,2572,983
"583","TA1305000022","Orleans St & Merchandise Mart Plaza",41.888243,-87.63639,2732,2717,762,755,1894,1905,5449,3799,1517
"584","TA1305000025","Franklin St & Jackson Blvd",41.8777079559,-87.6353211408,2414,2404,607,601,1640,1633,4818,3273,1208
"585","TA1305000029","State St & Randolph St",41.8845995,-87.6273716666667,2748,2735,619,612,1931,1876,5483,3807,1231
"586","TA1305000030","Clark St & Randolph St",41.8842688333333,-87.631596,2196,2213,632,636,1455,1479,4409,2934,1268
"587","TA1305000032","Clinton St & Madison St",41.882242,-87.641066,3180,3171,745,737,2339,2352,6351,4691,1482
"588","TA1305000034","Honore St & Division St",41.9031443333333,-87.6738431666667,1825,1844,556,559,1191,1241,3669,2432,1115
"589","TA1305000035","State St & Van Buren St",41.8771741666667,-87.6278235,1036,990,259,229,710,694,2026,1404,488
"590","TA1305000037","Paulina Ave & North Ave",41.9098546521673,-87.6699301600456,1367,1400,268,272,1046,1063,2767,2109,540
"591","TA1305000039","Elston Ave & Cortland St",41.9164334291265,-87.6667463779449,1371,1277,330,313,966,917,2648,1883,643
"592","TA1305000041","Damen Ave & Pierce Ave",41.9093960065,-87.6776919292,3397,3525,870,870,2360,2460,6922,4820,1740
"593","TA1306000002","Morgan Ave & 14th Pl",41.862378,-87.651062,788,810,165,165,595,615,1598,1210,330
"594","TA1306000003","Desplaines St & Kinzie St",41.888716036,-87.6444478533,3419,3254,872,823,2469,2357,6673,4826,1695
"595","TA1306000006","Orleans St & Elm St",41.9029103333333,-87.6376151666667,960,857,179,164,755,673,1817,1428,343
"596","TA1306000007","Larrabee St & Menomonee St",41.91468,-87.64332,945,919,167,165,743,714,1864,1457,332
"597","TA1306000008","Larrabee St & North Ave",41.91021,-87.6435,1251,1248,222,219,989,985,2499,1974,441
"598","TA1306000009","Larrabee St & Kingsbury St",41.897764,-87.642884,2270,2190,661,642,1562,1511,4460,3073,1303
"599","TA1306000010","Daley Center Plaza",41.8841723333333,-87.6292006666667,2668,2568,613,615,1955,1874,5236,3829,1228
"600","TA1306000011","Wells St & Walton St",41.89993001,-87.63443007,1132,1095,168,166,931,885,2227,1816,334
"601","TA1306000012","Wells St & Huron St",41.894722,-87.634362,4397,4374,1115,1112,3165,3155,8771,6320,2227
"602","TA1306000013","New St & Illinois St",41.8908470406238,-87.6186168193817,4023,3984,923,895,2705,2723,8007,5428,1818
"603","TA1306000014","Wilton Ave & Diversey Pkwy",41.932418,-87.652705,2969,2822,559,547,2350,2188,5791,4538,1106
"604","TA1306000015","Morgan St & Lake St",41.8854886666667,-87.6522495,3303,3386,964,953,2171,2265,6689,4436,1917
"605","TA1306000016","Sheffield Ave & Fullerton Ave",41.9256018819,-87.6537080423,2633,2616,454,449,2101,2085,5249,4186,903
"606","TA1306000025","Racine Ave & Congress Pkwy",41.87464,-87.65703,695,569,125,92,538,447,1264,985,217
"607","TA1306000026","Racine Ave & Fullerton Ave",41.925563,-87.658404,1754,1747,274,270,1428,1429,3501,2857,544
"608","TA1306000029","DuSable Lake Shore Dr & Ohio St",41.89257,-87.614492,3336,3317,744,730,2215,2230,6653,4445,1474
"609","TA1306000032","Sheffield Ave & Willow St",41.913688,-87.652855,2079,2078,433,430,1585,1588,4157,3173,863
"610","TA1307000001","Greenview Ave & Fullerton Ave",41.92533,-87.6658,1952,2041,430,428,1451,1539,3993,2990,858
"611","TA1307000005","Indiana Ave & 26th St",41.845687,-87.622481,371,370,86,84,274,273,741,547,170
"612","TA1307000006","Southport Ave & Wellington Ave",41.9355751666667,-87.663731,2062,1975,428,409,1582,1512,4037,3094,837
"613","TA1307000038","Sedgwick St & North Ave",41.9112863333333,-87.6386753333333,2591,2591,463,458,2039,2043,5182,4082,921
"614","TA1307000039","Clark St & Elm St",41.902973,-87.63128,5566,5419,1246,1194,4132,4081,10985,8213,2440
"615","TA1307000041","DuSable Lake Shore Dr & Wellington Ave",41.9367161666667,-87.6368225,4011,3999,666,646,3128,3173,8010,6301,1312
"616","TA1307000044","Clinton St & 18th St",41.85795,-87.640826,394,425,128,125,258,278,819,536,253
"617","TA1307000048","Fort Dearborn Dr & 31st St",41.838556,-87.608218,1679,1658,274,266,1090,1047,3337,2137,540
"618","TA1307000052","Sheffield Ave & Wellington Ave",41.9362988333333,-87.6525086666667,2979,2920,529,526,2402,2320,5899,4722,1055
"619","TA1307000061","State St & Pearson St",41.897448,-87.628722,1717,1536,399,387,1231,1071,3253,2302,786
"620","TA1307000062","Sedgwick St & Huron St",41.8945896666667,-87.6382198333333,1953,1814,489,440,1431,1343,3767,2774,929
"621","TA1307000064","Lincoln Ave & Diversey Pkwy",41.932225,-87.658617,2425,2423,498,495,1835,1877,4848,3712,993
"622","TA1307000066","Damen Ave & Coulter St",41.8492,-87.67564,89,93,35,31,48,54,182,102,66
"623","TA1307000070","Damen Ave & Thomas St (Augusta Blvd)",41.9013561666667,-87.6776705,1295,1124,278,258,980,827,2419,1807,536
"624","TA1307000107","Sheridan Rd & Montrose Ave",41.96167,-87.65464,2467,2474,614,619,1752,1766,4941,3518,1233
"625","TA1307000111","Franklin St & Lake St",41.885575,-87.6357775,2193,2164,566,558,1563,1522,4357,3085,1124
"626","TA1307000113","Southport Ave & Wrightwood Ave",41.928773,-87.663913,1981,1992,403,395,1533,1541,3973,3074,798
"627","TA1307000115","Clybourn Ave & Division St",41.904613,-87.640552,981,928,177,172,792,724,1909,1516,349
"628","TA1307000117","Wabash Ave & Grand Ave",41.891466,-87.626761,4464,4421,974,964,3193,3056,8885,6249,1938
"629","TA1307000119","Clarendon Ave & Leland Ave",41.9679241666667,-87.6499631666667,1052,1063,281,283,706,727,2115,1433,564
"630","TA1307000120","Green St & Madison St",41.881892,-87.648789,4182,4168,1083,1085,2960,2924,8350,5884,2168
"631","TA1307000121","Halsted St & Polk St",41.87184,-87.64664,1333,1330,237,236,1061,1061,2663,2122,473
"632","TA1307000124","Michigan Ave & 14th St",41.8645356666667,-87.6236155,2163,2114,508,488,1532,1489,4277,3021,996
"633","TA1307000126","Sheffield Ave & Waveland Ave",41.949399,-87.654529,3054,3863,755,894,2068,2682,6917,4750,1649
"634","TA1307000127","Clark St & Grace St",41.95078,-87.659172,2748,2678,664,657,1910,1872,5426,3782,1321
"635","TA1307000128","Dearborn Pkwy & Delaware Pl",41.899134,-87.6298595,3459,3410,802,778,2578,2525,6869,5103,1580
"636","TA1307000129","State St & 35th St",41.8310363140161,-87.6267975568771,568,578,128,121,408,433,1146,841,249
"637","TA1307000130","Morgan St & Polk St",41.871737,-87.65103,1219,1213,211,208,972,965,2432,1937,419
"638","TA1307000131","Wabash Ave & Wacker Pl",41.886875,-87.62603,2415,2407,551,540,1535,1485,4822,3020,1091
"639","TA1307000134","Wilton Ave & Belmont Ave",41.94018,-87.65304,4325,4271,940,929,3249,3172,8596,6421,1869
"640","TA1307000136","Clark St & Wellington Ave",41.9365233333333,-87.6476153333333,3058,3064,543,539,2415,2409,6122,4824,1082
"641","TA1307000138","Lincoln Ave & Roscoe St",41.94334,-87.67097,1911,1986,494,499,1330,1411,3897,2741,993
"642","TA1307000139","MLK Jr Dr & 29th St",41.842052,-87.617,941,934,193,192,726,709,1875,1435,385
"643","TA1307000140","Western Ave & Leland Ave",41.966399801841,-87.6887042820454,1008,1037,285,286,674,695,2045,1369,571
"644","TA1307000142","Clark St & Drummond Pl",41.931248,-87.644336,3571,3558,594,595,2792,2829,7129,5621,1189
"645","TA1307000143","Sedgwick St & Schiller St",41.907626,-87.638566,814,764,175,166,605,571,1578,1176,341
"646","TA1307000144","Wolcott (Ravenswood) Ave & Montrose Ave",41.961406,-87.676169,736,742,234,238,486,481,1478,967,472
"647","TA1307000149","Ravenswood Ave & Irving Park Rd",41.95469,-87.67393,848,848,185,183,606,621,1696,1227,368
"648","TA1307000150","Pine Grove Ave & Waveland Ave",41.9494727408833,-87.6464527845383,3333,3267,560,558,2598,2522,6600,5120,1118
"649","TA1307000151","Wells St & Hubbard St",41.889906,-87.634266,3375,3326,800,792,2449,2410,6701,4859,1592
"650","TA1307000153","Emerald Ave & 28th St",41.84358,-87.645368,357,362,52,51,276,285,719,561,103
"651","TA1307000156","Lincoln Ave & Sunnyside Ave",41.963006,-87.6848291666667,767,767,200,203,534,535,1534,1069,403
"652","TA1307000158","Damen Ave & Leland Ave",41.967094,-87.679028,803,788,222,223,553,537,1591,1090,445
"653","TA1307000159","Paulina St & 18th St",41.857901,-87.668745,557,576,123,121,410,409,1133,819,244
"654","TA1307000160","Prairie Ave & Garfield Blvd",41.794853,-87.618691,183,162,69,57,99,96,345,195,126
"655","TA1307000161","Halsted St & 37th St",41.8271521666667,-87.645796,110,123,31,30,74,87,233,161,61
"656","TA1307000163","Clifton Ave & Armitage Ave",41.918216,-87.656936,1738,1763,383,375,1307,1359,3501,2666,758
"657","TA1307000164","Woodlawn Ave & 55th St",41.795264,-87.596471,806,741,222,200,550,504,1547,1054,422
"658","TA1307000166","Halsted St & Willow St",41.913865,-87.648755,1965,1939,421,416,1487,1427,3904,2914,837
"659","TA1308000001","Theater on the Lake",41.926277,-87.630834,7175,7150,951,914,5441,5442,14325,10883,1865
"660","TA1308000002","Greenwood Ave & 47th St",41.8097506666667,-87.5994018333333,329,323,98,98,200,194,652,394,196
"661","TA1308000005","Leavitt St & North Ave",41.9101608333333,-87.6823991666667,1044,999,237,229,762,740,2043,1502,466
"662","TA1308000006","Damen Ave & Grand Ave",41.8912911666667,-87.6768133333333,849,822,249,225,579,560,1671,1139,474
"663","TA1308000007","MLK Jr Dr & 47th St",41.8098776666667,-87.6163396666667,145,136,41,39,70,73,281,143,80
"664","TA1308000009","Shore Dr & 55th St",41.7952946666667,-87.5809056666667,1688,1663,407,381,1118,1110,3351,2228,788
"665","TA1308000012","Montrose Harbor",41.963982,-87.638181,4023,4054,730,721,2735,2823,8077,5558,1451
"666","TA1308000013","Halsted St & Archer Ave",41.847203,-87.646795,244,223,48,39,175,162,467,337,87
"667","TA1308000014","Normal Ave & Archer Ave",41.849527,-87.640591,189,158,19,17,168,131,347,299,36
"668","TA1308000019","Racine Ave & Belmont Ave",41.939743,-87.658865,2304,2273,484,486,1734,1700,4577,3434,970
"669","TA1308000021","Winthrop Ave & Lawrence Ave",41.968812,-87.657659,968,975,324,325,616,612,1943,1228,649
"670","TA1308000022","Pine Grove Ave & Irving Park Rd",41.9543013333333,-87.647923,2456,2463,628,622,1706,1710,4919,3416,1250
"671","TA1308000023","Cottage Grove Ave & 43rd St",41.816499,-87.606582,101,92,36,28,51,53,193,104,64
"672","TA1308000026","Wentworth Ave & 24th St (Temp)",41.8500836934758,-87.6321405172348,282,281,41,39,209,205,563,414,80
"673","TA1308000029","Stetson Ave & South Water St",41.886835,-87.62232,1976,1860,513,479,1272,1152,3836,2424,992
"674","TA1308000031","Logan Blvd & Elston Ave",41.929465,-87.684158,959,1086,357,356,563,691,2045,1254,713
"675","TA1308000035","Lake Park Ave & 47th St",41.809443,-87.591875,421,420,134,134,252,245,841,497,268
"676","TA1308000036","Indiana Ave & 31st St",41.838842,-87.621857,484,448,72,61,383,354,932,737,133
"677","TA1308000038","Cottage Grove Ave & Oakwood Blvd",41.8229308333333,-87.6071548333333,279,289,76,72,162,172,568,334,148
"678","TA1308000043","Halsted St & 35th St",41.830661,-87.647172,280,286,90,87,163,173,566,336,177
"679","TA1308000045","Wallace St & 35th St",41.830629,-87.64129,354,334,81,80,249,234,688,483,161
"680","TA1308000046","Morgan St & 31st St",41.8378,-87.65114,501,532,142,143,325,346,1033,671,285
"681","TA1308000047","Southport Ave & Clark St",41.957081,-87.664199,530,526,106,103,390,406,1056,796,209
"682","TA1308000049","Wells St & Evergreen Ave",41.906724,-87.63483,3761,3730,863,843,2772,2765,7491,5537,1706
"683","TA1308000050","Wells St & Concord Ln",41.912133,-87.634656,6903,6868,1535,1509,5149,5158,13771,10307,3044
"684","TA1309000001","Halsted St & Maxwell St",41.8648046666667,-87.647099,1286,1254,306,297,904,890,2540,1794,603
"685","TA1309000002","Michigan Ave & Jackson Blvd",41.87785,-87.62408,1698,1687,277,266,1140,1095,3385,2235,543
"686","TA1309000003","Western Ave & 24th St",41.8484581666667,-87.6851558333333,117,141,52,48,64,87,258,151,100
"687","TA1309000004","LaSalle St & Jackson Blvd",41.8777575,-87.6317411666667,1613,1596,453,461,1101,1089,3209,2190,914
"688","TA1309000006","Larrabee St & Armitage Ave",41.918084,-87.643749,1785,1680,297,287,1432,1333,3465,2765,584
"689","TA1309000007","Franklin St & Monroe St",41.880317,-87.635185,1778,1750,531,507,1160,1142,3528,2302,1038
"690","TA1309000008","Franklin St & Adams St (Temp)",41.8794340914001,-87.6355040073395,1329,1330,329,319,879,916,2659,1795,648
"691","TA1309000010","Wabash Ave & 9th St",41.8707485,-87.6257771666667,2176,2177,500,499,1513,1484,4353,2997,999
"692","TA1309000011","Ellis Ave & 58th St",41.788746,-87.601334,885,881,194,189,649,670,1766,1319,383
"693","TA1309000012","Damen Ave & Sunnyside Ave",41.96325,-87.679258,515,431,73,67,412,327,946,739,140
"694","TA1309000014","Clark St & Leland Ave",41.967096,-87.667429,1429,1459,389,385,986,1030,2888,2016,774
"695","TA1309000015","Leavitt St & Lawrence Ave",41.968885,-87.684001,442,437,109,107,314,306,879,620,216
"696","TA1309000018","Ravenswood Ave & Berteau Ave",41.957921,-87.673567,494,480,134,125,351,339,974,690,259
"697","TA1309000019","Lakeview Ave & Fullerton Pkwy",41.9259458333333,-87.63906,3925,3924,793,785,2907,2941,7849,5848,1578
"698","TA1309000021","Paulina St & Montrose Ave",41.9614858333333,-87.6713735,508,504,103,104,376,375,1012,751,207
"699","TA1309000023","Sheffield Ave & Wrightwood Ave",41.928712,-87.653833,2285,2285,452,449,1743,1777,4570,3520,901
"700","TA1309000024","Clark St & Schiller St",41.907993,-87.631501,3390,3326,662,648,2579,2479,6716,5058,1310
"701","TA1309000025","Halsted St & Roscoe St",41.94367,-87.64895,3636,3627,963,954,2535,2531,7263,5066,1917
"702","TA1309000026","Lincoln Ave & Belle Plaine Ave",41.9560035507855,-87.6801614463329,918,926,253,245,629,643,1844,1272,498
"703","TA1309000027","Sheridan Rd & Buena Ave",41.958494,-87.654966,1483,1382,382,378,1065,964,2865,2029,760
"704","TA1309000029","Leavitt St & Armitage Ave",41.917805,-87.682437,959,949,251,250,651,664,1908,1315,501
"705","TA1309000030","Southport Ave & Clybourn Ave",41.920771,-87.663712,1550,1666,397,401,1095,1203,3216,2298,798
"706","TA1309000032","Elston Ave & Wabansia Ave",41.912919,-87.664169,527,533,152,151,355,368,1060,723,303
"707","TA1309000033","Sheffield Ave & Webster Ave",41.92154,-87.653818,2648,2601,490,487,2022,2002,5249,4024,977
"708","TA1309000035","Clark St & Winnemac Ave",41.973347640473,-87.6678554713726,2012,2025,590,589,1350,1360,4037,2710,1179
"709","TA1309000036","Burling St & Diversey Pkwy",41.93314,-87.64776,2241,2259,398,397,1798,1796,4500,3594,795
"710","TA1309000037","Kimbark Ave & 53rd St",41.799568,-87.594747,1532,1516,378,361,1079,1088,3048,2167,739
"711","TA1309000039","DuSable Lake Shore Dr & Diversey Pkwy",41.932588,-87.636427,4067,3977,755,744,3074,2999,8044,6073,1499
"712","TA1309000041","Sheridan Rd & Lawrence Ave",41.969517,-87.654691,959,980,284,291,615,637,1939,1252,575
"713","TA1309000042","Lincoln Ave & Belmont Ave",41.939365,-87.668385,1691,1695,348,345,1291,1297,3386,2588,693
"714","TA1309000043","Southport Ave & Irving Park Rd",41.954177,-87.664358,1161,1036,207,183,898,808,2197,1706,390
"715","TA1309000049","DuSable Lake Shore Dr & Belmont Ave",41.940775,-87.639192,4123,4102,795,778,3071,3047,8225,6118,1573
"716","TA1309000050","Lincoln Ave & Addison St",41.946176,-87.673308,585,534,118,113,439,397,1119,836,231
"717","TA1309000051","Commercial Ave & 83rd St",41.744615,-87.551208,20,17,11,10,7,6,37,13,21
"718","TA1309000053","Cottage Grove Ave & 47th St",41.809855,-87.606755,147,150,53,46,74,92,297,166,99
"719","TA1309000055","Emerald Ave & 31st St",41.8382371666667,-87.6450795,777,834,162,159,570,626,1611,1196,321
"720","TA1309000058","Lincoln Ave & Fullerton Ave",41.925905,-87.64926,4054,4085,856,858,3066,3105,8139,6171,1714
"721","TA1309000059","Racine Ave & Wrightwood Ave",41.928887,-87.658971,1430,1400,260,255,1135,1101,2830,2236,515
"722","TA1309000061","Halsted St & Wrightwood Ave",41.929143,-87.649077,3149,3069,567,556,2481,2418,6218,4899,1123
"723","TA1309000063","Lake Park Ave & 56th St",41.793242,-87.587782,829,829,148,146,617,622,1658,1239,294
"724","TA1309000064","Wolcott Ave & Polk St",41.8713118333333,-87.6737058333333,1249,1253,295,276,931,954,2502,1885,571
"725","TA1309000066","Ravenswood Ave & Lawrence Ave",41.9691185,-87.674186,2061,2006,682,673,1307,1265,4067,2572,1355
"726","TA1309000067","Cottage Grove Ave & 51st St",41.803038,-87.606615,176,161,77,64,83,86,337,169,141
"727","WL-008","Clinton St & Roosevelt Rd",41.867069,-87.6409933333333,1180,1189,322,316,804,827,2369,1631,638
"728","WL-011","Jefferson St & Monroe St",41.880422,-87.642746,1455,1447,317,313,1094,1075,2902,2169,630
"729","WL-012","Clinton St & Washington Blvd",41.88338,-87.64117,2833,2752,788,753,1987,1922,5585,3909,1541
