"","station_id","station_name","lat","long","start_n","end_n","e_start_n","e_end_n","c_start_n","c_end_n","total","classic","electric"
"1","","",41.93,-87.7,108210,114834,108210,113680,0,0,223044,0,221890
"2","13001","Michigan Ave & Washington St",41.883984,-87.624684,2447,2427,690,686,1518,1540,4874,3058,1376
"3","13006","LaSalle St & Washington St",41.8820421666667,-87.6327075,1129,1061,522,479,568,557,2190,1125,1001
"4","13008","Millennium Park",41.881032,-87.624084,4215,4210,1119,1093,2219,2267,8425,4486,2212
"5","13011","Canal St & Adams St",41.879255,-87.639904,2107,1986,776,707,1259,1248,4093,2507,1483
"6","13016","St. Clair St & Erie St",41.8943451374243,-87.6227983832359,3292,3486,1149,1160,1994,2116,6778,4110,2309
"7","13017","Franklin St & Chicago Ave",41.8967469730938,-87.6356676220894,1731,1671,628,611,1073,1034,3402,2107,1239
"8","13021","Clinton St & Lake St",41.885637,-87.641823,2060,2011,835,805,1181,1160,4071,2341,1640
"9","13022","Streeter Dr & Grand Ave",41.892227,-87.612004,6040,6234,1305,1265,3480,3601,12274,7081,2570
"10","13028","900 W Harrison St",41.874754,-87.649807,1386,1360,409,405,914,905,2746,1819,814
"11","13029","Field Museum",41.865312,-87.617867,871,796,233,217,445,444,1667,889,450
"12","13033","Milwaukee Ave & Grand Ave",41.8916093333333,-87.648212,2082,2053,976,954,1037,1050,4135,2087,1930
"13","13034","Michigan Ave & Pearson St",41.8958748333333,-87.6235378333333,1457,1408,389,386,876,827,2865,1703,775
"14","13036","Michigan Ave & Madison St",41.882134,-87.625125,1407,1359,464,430,797,832,2766,1629,894
"15","13037","Clinton St & Tilden St",41.875885,-87.640795,417,377,140,131,269,240,794,509,271
"16","13042","Michigan Ave & Oak St",41.90096,-87.623777,3257,3263,899,894,1920,1875,6520,3795,1793
"17","13045","Dearborn St & Erie St",41.894068,-87.6290948333333,3332,3342,1177,1166,2077,2069,6674,4146,2343
"18","13050","State St & Kinzie St",41.8892348333333,-87.6276423333333,2409,2436,862,844,1410,1437,4845,2847,1706
"19","13053","Green St & Randolph St",41.8835448333333,-87.6485528333333,2152,2240,820,818,1273,1333,4392,2606,1638
"20","13056","Canal St & Monroe St",41.88169,-87.63953,1094,1073,365,359,690,676,2167,1366,724
"21","13058","Dayton St & North Ave",41.9105780349,-87.6494219288,1403,1244,478,433,866,772,2647,1638,911
"22","13059","Bissell St & Armitage Ave",41.9184953333333,-87.6522218333333,2104,2167,668,674,1388,1456,4271,2844,1342
"23","13061","Ashland Ave & Division St",41.9033291666667,-87.6679251666667,2847,2852,1171,1156,1611,1610,5699,3221,2327
"24","13063","Sheridan Rd & Irving Park Rd",41.954245,-87.654406,1549,1513,555,541,963,958,3062,1921,1096
"25","13068","Western Ave & Winnebago Ave",41.9156361666667,-87.687061,1125,1109,513,501,572,577,2234,1149,1014
"26","13071","Southport Ave & Roscoe St",41.943739,-87.66402,2095,2115,659,661,1370,1412,4210,2782,1320
"27","13073","Ashland Ave & Lake St",41.8859421666667,-87.6671896666667,618,518,264,206,333,302,1136,635,470
"28","13074","Broadway & Wilson - Truman College Vaccination Site",41.9651748333333,-87.6584966666667,1064,1073,417,415,625,626,2137,1251,832
"29","13075","Wentworth Ave & Cermak Rd",41.8530845574128,-87.6319313049316,1057,1113,297,301,668,708,2170,1376,598
"30","13080","Hermitage Ave & Polk St",41.871514,-87.669886,476,349,140,103,327,241,825,568,243
"31","13081","Ogden Ave & Congress Pkwy",41.87501,-87.67328,351,291,136,116,201,163,642,364,252
"32","13083","Indiana Ave & 40th St",41.8217033333333,-87.6214691666667,55,39,23,22,29,17,94,46,45
"33","13084","California Ave & Milwaukee Ave",41.922695,-87.697153,1350,1335,760,751,529,525,2685,1054,1511
"34","13085","Kedzie Ave & Milwaukee Ave",41.929567,-87.707857,1263,1418,733,758,459,603,2681,1062,1491
"35","13089","Damen Ave & Cullerton St",41.8549641666667,-87.6755823333333,379,410,202,198,161,193,789,354,400
"36","13091","Western Ave & 21st St",41.854109,-87.685838,179,189,127,126,50,58,368,108,253
"37","13096","California Ave & 21st St",41.8537881666667,-87.6957891666667,125,127,87,83,35,37,252,72,170
"38","13099","Halsted St & 18th St (Temp)",41.8585065,-87.6464206666667,508,502,201,202,278,280,1010,558,403
"39","13102","Calumet Ave & 18th St",41.857611,-87.619407,1084,1097,391,388,623,639,2181,1262,779
"40","13108","Broadway & Argyle St",41.9735946666667,-87.6598596666667,933,934,329,336,589,572,1867,1161,665
"41","13109","Broadway & Berwyn Ave",41.9783213333333,-87.6598113333333,935,931,378,381,521,526,1866,1047,759
"42","13124","Cannon Dr & Fullerton Ave",41.9267559875,-87.6344287848,570,493,111,100,386,328,1063,714,211
"43","13128","Clark St & North Ave",41.911974,-87.631942,1440,1380,433,416,924,895,2820,1819,849
"44","13132","Damen Ave & Chicago Ave",41.895769,-87.67722,1450,1519,648,657,777,834,2969,1611,1305
"45","13133","Damen Ave & Cortland St",41.915983,-87.677335,1416,1444,546,544,811,826,2860,1637,1090
"46","13134","Damen Ave & Madison St",41.88137,-87.67493,463,435,171,151,276,268,898,544,322
"47","13135","Blue Island Ave & 18th St",41.857556,-87.661535,756,744,310,306,405,393,1500,798,616
"48","13136","Damen Ave & Division St",41.903266,-87.678435,1188,1239,520,518,634,696,2427,1330,1038
"49","13137","Broadway & Barry Ave",41.9375823160063,-87.6440978050232,3177,3244,1064,1068,2018,2088,6421,4106,2132
"50","13138","Canal St & Jackson Blvd",41.8769261666667,-87.6396928333333,744,735,317,312,398,395,1479,793,629
"51","13139","Throop St & Taylor St",41.868968,-87.659141,1024,1023,262,259,736,732,2047,1468,521
"52","13143","Damen Ave & Melrose Ave",41.9405978333333,-87.6785713333333,376,379,134,136,226,228,755,454,270
"53","13144","Seeley Ave & Roscoe St",41.943403,-87.679618,678,724,342,344,322,365,1402,687,686
"54","13146","Clark St & Armitage Ave",41.918306,-87.636282,3399,3334,1104,1108,2118,2090,6733,4208,2212
"55","13150","Michigan Ave & 18th St",41.857813,-87.62455,1127,1129,299,298,769,757,2256,1526,597
"56","13154","Sheffield Ave & Kingsbury St",41.9106523333333,-87.653105,1530,1533,590,586,908,920,3063,1828,1176
"57","13155","Racine Ave & Randolph St",41.884069,-87.656853,589,579,254,242,317,322,1168,639,496
"58","13156","Aberdeen St & Monroe St",41.8804978333333,-87.6555045,1246,1206,408,395,780,783,2452,1563,803
"59","13157","Aberdeen St & Jackson Blvd",41.87772613,-87.65478743,1447,1415,481,460,933,938,2862,1871,941
"60","13158","Peoria St & Jackson Blvd",41.8776191666667,-87.649403,1810,1811,596,583,1171,1183,3621,2354,1179
"61","13160","May St & Taylor St",41.8694821,-87.6554864,1316,1274,353,342,930,905,2590,1835,695
"62","13162","Halsted St & 21st St",41.8537798107274,-87.6466029882431,246,228,88,79,147,138,474,285,167
"63","13163","Morgan St & 18th St",41.858086,-87.651073,539,545,222,223,301,302,1084,603,445
"64","13164","Racine Ave & 18th St",41.858166,-87.656495,860,862,343,336,475,482,1722,957,679
"65","13165","Racine Ave & 13th St",41.8649823333333,-87.6570558333333,136,163,54,62,68,85,299,153,116
"66","13179","Clark St & Lincoln Ave",41.915689,-87.6346,3194,3191,965,966,2053,2087,6385,4140,1931
"67","13191","Sedgwick St & Webster Ave",41.922167,-87.638888,1853,1843,676,679,1147,1123,3696,2270,1355
"68","13192","Halsted St & Dickens Ave",41.9198865,-87.6487905,1898,1950,668,670,1153,1217,3848,2370,1338
"69","13193","Larrabee St & Webster Ave",41.921822,-87.64414,2669,2651,855,837,1717,1723,5320,3440,1692
"70","13194","Ogden Ave & Race Ave",41.891795,-87.658751,1182,1244,504,503,653,717,2426,1370,1007
"71","13196","Carpenter St & Huron St",41.8945495,-87.6534938333333,1276,1231,571,545,685,668,2507,1353,1116
"72","13197","Elizabeth (May) St & Fulton St",41.886616,-87.65804,644,720,297,293,336,415,1364,751,590
"73","13206","Loomis St & Jackson Blvd",41.877945,-87.662007,828,761,237,207,565,529,1589,1094,444
"74","13213","State St & 29th St",41.841707,-87.626938,108,123,33,36,65,73,231,138,69
"75","13215","Rhodes Ave & 32nd St",41.836208,-87.613533,539,525,165,153,362,364,1064,726,318
"76","13216","State St & 33rd St",41.834734,-87.625813,1756,1765,358,348,1372,1383,3521,2755,706
"77","13217","Calumet Ave & 33rd St",41.8349,-87.61793,810,794,145,142,659,644,1604,1303,287
"78","13221","Wood St & Milwaukee Ave",41.9075865,-87.6725283333333,1809,1914,814,829,949,1031,3723,1980,1643
"79","13224","Ashland Ave & Blackhawk St",41.9070473333333,-87.6672223333333,1206,1236,495,492,682,717,2442,1399,987
"80","13229","Southport Ave & Belmont Ave",41.9394777504051,-87.6637476682663,1243,1194,430,415,785,742,2437,1527,845
"81","13235","Southport Ave & Waveland Ave",41.94815,-87.66394,2029,2021,733,721,1240,1264,4050,2504,1454
"82","13241","Western Ave & Division St",41.9028873333333,-87.6873278333333,724,614,385,321,313,278,1338,591,706
"83","13242","Milwaukee Ave & Rockwell St",41.9201955620057,-87.6926591992378,476,484,184,184,277,280,960,557,368
"84","13243","Milwaukee Ave & Wabansia Ave",41.912616,-87.681391,1391,1396,545,544,796,789,2787,1585,1089
"85","13245","Claremont Ave & Hirsch St",41.907781,-87.685854,295,302,130,121,164,176,597,340,251
"86","13247","Ashland Ave & Chicago Ave",41.895966,-87.667747,1079,1054,440,440,624,585,2133,1209,880
"87","13248","Ashland Ave & Augusta Blvd",41.899643,-87.6677,890,876,353,331,527,533,1766,1060,684
"88","13249","Ashland Ave & Belle Plaine Ave",41.9560206666667,-87.6688066666667,335,329,131,129,195,191,664,386,260
"89","13253","Lincoln Ave & Waveland Ave",41.948797,-87.675278,540,557,185,181,343,362,1097,705,366
"90","13256","California Ave & Division St",41.903011,-87.6976135,457,381,250,191,197,170,838,367,441
"91","13257","Campbell Ave & North Ave",41.9105963333333,-87.6895356666667,660,672,355,351,287,302,1332,589,706
"92","13258","California Ave & North Ave",41.91044,-87.6972,452,418,232,209,201,193,870,394,441
"93","13259","California Ave & Francis Pl (Temp)",41.918491,-87.697423,494,475,279,261,187,186,969,373,540
"94","13263","Columbus Dr & Randolph St",41.884728,-87.619521,2067,2070,804,802,1137,1131,4137,2268,1606
"95","13265","Kingsbury St & Erie St",41.8938228333333,-87.6420141666667,2218,2131,778,729,1401,1374,4349,2775,1507
"96","13266","Stave St & Armitage Ave",41.9177315,-87.6914083333333,490,517,307,307,165,191,1007,356,614
"97","13268","Damen Ave & Wellington Ave",41.9358568333333,-87.6783646666667,474,454,194,179,272,269,928,541,373
"98","13269","Ashland Ave & Wellington Ave",41.936075,-87.6698665,589,615,255,257,314,343,1204,657,512
"99","13271","Damen Ave & Clybourn Ave",41.931931,-87.677856,484,526,220,227,249,284,1010,533,447
"100","13276","Stockton Dr & Wrightwood Ave",41.93132,-87.638742,1697,1696,572,567,1049,1070,3393,2119,1139
"101","13277","Broadway & Belmont Ave",41.9401111666667,-87.6455788333333,1662,1667,477,477,1145,1146,3329,2291,954
"102","13278","Broadway & Cornelia Ave",41.9455346666667,-87.6464895,2148,2142,682,681,1395,1399,4290,2794,1363
"103","13285","Wood St & Taylor St (Temp)",41.8693845,-87.6736233333333,890,831,278,292,600,531,1721,1131,570
"104","13288","Damen Ave & Charleston St",41.9200391666667,-87.677979,719,748,323,323,340,363,1467,703,646
"105","13289","Eckhart Park",41.89637337,-87.66098386,1097,1096,407,399,674,668,2193,1342,806
"106","13290","Noble St & Milwaukee Ave",41.90068,-87.6626,1006,993,407,383,565,581,1999,1146,790
"107","13292","Kedzie Ave & Palmer Ct",41.9215188333333,-87.7073176666667,534,511,302,283,213,212,1045,425,585
"108","13294","Greenview Ave & Diversey Pkwy",41.9326091666667,-87.6659731666667,802,786,283,282,506,490,1588,996,565
"109","13296","Ashland Ave & Wrightwood Ave",41.9288451666667,-87.668612,855,912,326,328,502,547,1767,1049,654
"110","13300","DuSable Lake Shore Dr & Monroe St",41.880958,-87.616743,3571,3473,792,751,2080,2070,7044,4150,1543
"111","13303","Clark St & Chicago Ave",41.8958191666667,-87.6303073333333,1704,1594,610,580,1059,961,3298,2020,1190
"112","13304","Racine Ave & 15th St",41.861247,-87.6565363333333,391,360,160,158,217,185,751,402,318
"113","13307","Laflin St & Cullerton St",41.8549145757657,-87.6635599136353,365,346,162,151,176,180,711,356,313
"114","13319","Ashland Ave & Grace St",41.950687,-87.6687,855,811,326,313,506,473,1666,979,639
"115","13323","Broadway & Sheridan Rd",41.9528106666667,-87.6501051666667,1638,1584,537,525,1069,1039,3222,2108,1062
"116","13325","Broadway & Waveland Ave",41.949074,-87.648636,2062,2067,701,691,1305,1311,4129,2616,1392
"117","13326","Canal St & Harrison St",41.8742753333333,-87.6394913333333,363,268,107,75,237,179,631,416,182
"118","13331","May St & Cullerton St",41.855136,-87.654127,250,236,60,60,180,167,486,347,120
"119","13332","Loomis St & Lexington St",41.872187,-87.661501,2314,2229,629,607,1657,1602,4543,3259,1236
"120","13338","Mies van der Rohe Way & Chicago Ave",41.897092,-87.621913,1760,1738,556,539,1118,1106,3498,2224,1095
"121","13341","Canal St & Madison St",41.882091,-87.639833,1505,1507,544,537,905,919,3012,1824,1081
"122","13345","Calumet Ave & 35th St",41.831379,-87.618034,237,220,48,49,182,166,457,348,97
"123","13353","Ada St & Washington Blvd",41.88283,-87.661206,918,892,327,321,574,552,1810,1126,648
"124","13354","Ashland Ave & 13th St",41.865234,-87.666507,323,411,104,116,206,287,734,493,220
"125","13379","Clarendon Ave & Gordon Ter",41.9578665241517,-87.6495051383972,1440,1403,534,527,871,835,2843,1706,1061
"126","13389","Clarendon Ave & Junior Ter",41.961055,-87.6493531666667,1221,1179,469,446,727,701,2400,1428,915
"127","13398","Blackstone Ave & Hyde Park Blvd",41.802562,-87.590368,616,612,137,137,460,453,1228,913,274
"128","13409","Sangamon St & Washington Blvd",41.883165,-87.6511,1254,1275,445,440,788,806,2529,1594,885
"129","13420","MLK Jr Dr & Pershing Rd",41.8246,-87.61678,111,108,44,41,61,58,219,119,85
"130","13427","Cityfront Plaza Dr & Pioneer Ct",41.890573,-87.622072,1819,1625,587,539,1103,962,3444,2065,1126
"131","13430","LaSalle St & Illinois St",41.890762,-87.631697,2763,2745,999,994,1644,1632,5508,3276,1993
"132","13431","Adler Planetarium",41.8661601666667,-87.6073021666667,1160,1132,222,202,768,752,2292,1520,424
"133","13432","Wood St & Hubbard St",41.8899093333333,-87.6714185,506,495,206,185,294,302,1001,596,391
"134","13434","Ashland Ave & Grand Ave",41.8911025,-87.6666183333333,575,662,258,268,292,367,1237,659,526
"135","15442","Ashland Ave & Archer Ave",41.8389561666667,-87.6655756666667,136,140,64,64,66,71,276,137,128
"136","15443","Shields Ave & 28th Pl",41.842733,-87.635491,248,243,50,53,192,185,491,377,103
"137","15445","Wentworth Ave & 33rd St",41.8345308333333,-87.6318271666667,380,325,69,60,300,259,705,559,129
"138","15446","Racine Ave & 35th St",41.83069611252,-87.6559759116,128,140,51,52,72,77,268,149,103
"139","15449","State St & Pershing Rd",41.8230108333333,-87.626589,43,42,30,30,13,9,85,22,60
"140","15470","Calumet Ave & 51st St",41.8023126666667,-87.6180585,135,118,60,50,64,58,253,122,110
"141","15491","63rd St Beach",41.780910964248,-87.5763237476349,101,93,26,23,64,64,194,128,49
"142","15529","Mies van der Rohe Way & Chestnut St",41.8980158333333,-87.6225526666667,2101,2087,696,682,1297,1305,4188,2602,1378
"143","15530","Rush St & Superior St",41.89576474564,-87.6259080327,2268,2268,746,748,1423,1400,4536,2823,1494
"144","15534","Field Blvd & South Water St",41.8850205,-87.6176765,1396,1358,554,543,746,749,2754,1495,1097
"145","15535","Desplaines St & Randolph St",41.88461618962,-87.6445705849,1266,1221,459,442,773,753,2487,1526,901
"146","15539","Desplaines St & Jackson Blvd",41.8781189009123,-87.6439476013184,1568,1528,504,495,1044,1009,3096,2053,999
"147","15541","Buckingham Fountain",41.876535,-87.620473,738,703,161,145,384,386,1441,770,306
"148","15542","Clinton St & Polk St",41.8714275,-87.6409791666667,142,125,40,31,89,90,267,179,71
"149","15544","Shedd Aquarium",41.86722595682,-87.6153553902,2368,2322,573,544,1196,1296,4690,2492,1117
"150","15545","Burnham Harbor",41.856268,-87.613348,1109,1147,196,195,791,838,2256,1629,391
"151","15546","Calumet Ave & 21st St",41.854184,-87.619154,643,592,208,191,368,336,1235,704,399
"152","15550","Canal St & Taylor St",41.8702158333333,-87.6394598333333,726,797,267,266,419,498,1523,917,533
"153","15571","Broadway & Granville Ave",41.99478,-87.660285,738,744,249,251,457,460,1482,917,500
"154","15575","Broadway & Thorndale Ave",41.9898046666667,-87.6601758333333,666,659,203,204,425,424,1325,849,407
"155","15578","Broadway & Ridge Ave",41.9840343333333,-87.6601766666667,804,771,349,332,430,430,1575,860,681
"156","15585","Budlong Woods Library",41.9836596666667,-87.6964293333333,83,84,43,43,38,39,167,77,86
"157","15597","Halsted St & 69th St",41.76906172032,-87.6446135779,4,4,0,0,4,4,8,8,0
"158","15599","Calumet Ave & 71st St",41.7655523333333,-87.6169473333333,6,4,3,2,3,2,10,5,5
"159","15615","Christiana Ave & Lawrence Ave",41.96835449363,-87.7118306675,183,182,108,104,68,69,365,137,212
"160","15621","Albany Ave & Montrose Ave",41.9610636666667,-87.7057765,235,249,160,159,71,83,484,154,319
"161","15622","California Ave & Montrose Ave",41.960999,-87.6954123333333,298,314,142,144,137,158,612,295,286
"162","15623","Campbell Ave & Montrose Ave",41.96152593287,-87.6911650414,283,292,164,163,113,124,575,237,327
"163","15624","Avondale Ave & Irving Park Rd",41.9533273333333,-87.7320376666667,201,156,132,111,61,36,357,97,243
"164","15628","California Ave & Byron St",41.95216219326,-87.698051113,228,226,120,117,92,88,454,180,237
"165","15631","Troy St & Elston Ave",41.94524356848,-87.7066499009,236,257,149,146,72,103,493,175,295
"166","15632","Talman Ave & Addison St",41.9466503333333,-87.6946913333333,396,438,243,247,142,173,834,315,490
"167","15634","Western Ave & Roscoe St",41.9430768333333,-87.6872818333333,296,308,121,122,171,177,604,348,243
"168","15640","Avers Ave & Belmont Ave",41.939408,-87.723574,218,217,135,126,78,74,435,152,261
"169","15642","California Ave & Fletcher St",41.9384583333333,-87.6980756666667,311,398,193,199,105,195,709,300,392
"170","15643","Kosciuszko Park",41.9305571666667,-87.7237876666667,188,196,101,97,79,90,384,169,198
"171","15644","Central Park Ave & Elbridge Ave",41.935337,-87.716889,250,236,154,147,90,86,486,176,301
"172","15645","Richmond St & Diversey Ave",41.9318826666667,-87.7012991666667,246,261,131,130,109,126,507,235,261
"173","15646","California Ave & Altgeld St",41.92669,-87.697668,425,424,248,248,162,164,849,326,496
"174","15648","Campbell Ave & Fullerton Ave",41.9246813333333,-87.6892741666667,371,365,190,185,164,159,736,323,375
"175","15650","Spaulding Ave & Armitage Ave",41.9170636666667,-87.710299,425,470,251,245,163,202,895,365,496
"176","15651","Humboldt Blvd & Armitage Ave",41.91751339399,-87.7018089555,510,509,308,295,185,190,1019,375,603
"177","15652","Central Park Ave & North Ave",41.90965687563,-87.7166319516,100,111,69,65,26,36,211,62,134
"178","15653","Troy St & North Ave",41.9098128333333,-87.7053461666667,290,236,149,120,120,101,526,221,269
"179","15654","Spaulding Ave & Division St",41.9027153333333,-87.7092305,194,175,119,113,70,51,369,121,232
"180","15655","Albany Ave & Bloomingdale Ave",41.91402671273,-87.705126462,510,501,318,303,177,181,1011,358,621
"181","15664","Artesian Ave & Hubbard St",41.8895318333333,-87.6881115,352,289,247,191,96,85,641,181,438
"182","15666","California Ave & Lake St",41.88445395657,-87.6962981368,110,92,61,58,41,32,202,73,119
"183","15667","Western Ave & Monroe St",41.8798815,-87.6860371666667,260,285,147,145,91,121,545,212,292
"184","15668","Western Ave & Congress Pkwy",41.8745293333333,-87.6863336666667,455,469,260,249,189,201,924,390,509
"185","15682","Kedzie Ave & Roosevelt Rd",41.8664983333333,-87.7064886666667,25,41,13,17,10,21,66,31,30
"186","15685","Central Park Ave & Ogden Ave",41.8540635038745,-87.7151173353195,68,50,27,26,37,23,118,60,53
"187","15686","Kedzie Ave & 21st St",41.8535233333333,-87.7050541666667,31,29,16,16,13,9,60,22,32
"188","15687","Central Park Ave & 24th St",41.8481183333333,-87.7150441666667,23,30,17,16,5,11,53,16,33
"189","15689","California Ave & 23rd Pl",41.84910969176,-87.6951398068,106,92,63,53,37,33,198,70,116
"190","15691","Albany Ave & 26th St",41.844475,-87.702013,20,21,8,6,9,13,41,22,14
"191","15692","California Ave & 26th St",41.84404003127,-87.6952959227,48,38,29,24,19,14,86,33,53
"192","16010","Keystone Ave & Fullerton Ave",41.92459,-87.72785,84,109,35,37,43,63,193,106,72
"193","16806","Bosworth Ave & Howard St",42.019537,-87.669563,119,95,44,40,73,54,214,127,84
"194","16903","Cicero Ave & Lake St",41.886841,-87.745261,26,12,20,9,6,3,38,9,29
"195","16905","Central Ave & Lake St",41.887664,-87.765469,54,40,47,29,4,9,94,13,76
"196","16906","Austin Blvd & Lake St",41.8879208333333,-87.7744586666667,127,114,108,97,16,14,241,30,205
"197","16907","Central Park Blvd & 5th Ave",41.875679,-87.71547,12,8,2,3,10,4,20,14,5
"198","16912","Cicero Ave & Flournoy St",41.872131,-87.746619,8,6,2,2,6,4,14,10,4
"199","16913","Cicero Ave & Quincy St",41.877613,-87.745405,12,12,8,7,3,5,24,8,15
"200","16915","Central Ave & Harrison St",41.8730055,-87.764525,20,23,17,17,3,6,43,9,34
"201","16916","Central Ave & Madison St",41.880127,-87.7631596666667,21,25,6,4,15,21,46,36,10
"202","16918","Austin Blvd & Madison St",41.880281,-87.774453,44,29,37,25,7,4,73,11,62
"203","16920","Central Ave & Chicago Ave",41.8949323333333,-87.7648953333333,59,61,43,42,15,18,120,33,85
"204","16921","Austin Blvd & Chicago Ave",41.8948405,-87.7745766666667,37,41,19,19,16,17,78,33,38
"205","16932","Ashland Ave & Pershing Rd",41.8234691666667,-87.6655961666667,33,32,15,11,16,18,65,34,26
"206","16933","Morgan St & Pershing Rd",41.823613,-87.650931,22,27,7,6,15,21,49,36,13
"207","16937","Ashland Ave & McDowell Ave",41.80887,-87.66454,41,52,28,29,13,21,93,34,57
"208","16940","Ashland Ave & 50th St",41.8030125,-87.664677,15,11,14,6,1,5,26,6,20
"209","16943","Ashland Ave & Garfield Blvd",41.7929338333333,-87.6644021666667,30,19,18,12,6,7,49,13,30
"210","16948","Ashland Ave & 63rd St",41.779374,-87.664843,31,21,20,10,7,9,52,16,30
"211","16950","Ashland Ave & 66th St",41.7740678333333,-87.6638195,14,16,12,11,2,4,30,6,23
"212","16953","Vincennes Ave & 75th St",41.7579903333333,-87.6311863333333,26,38,22,19,4,19,64,23,41
"213","16970","Bennett Ave & 79th St",41.7518836666667,-87.578521,16,10,11,8,3,1,26,4,19
"214","16991","Milwaukee Ave & Cuyler Ave",41.954468,-87.749594,76,80,52,52,22,20,156,42,104
"215","16994","Kilbourn Ave & Milwaukee Ave",41.9470751666667,-87.739926,38,33,29,16,9,17,71,26,45
"216","17660","California Ave & Cortez St",41.9004063333333,-87.6967158333333,589,596,373,339,196,226,1185,422,712
"217","18003","Fairbanks St & Superior St",41.8953535,-87.6201985,1159,1100,463,433,651,625,2259,1276,896
"218","18016","Bernard St & Elston Ave",41.9499231666667,-87.7139393333333,119,119,77,77,37,38,238,75,154
"219","18017","Central Park Ave & Bloomingdale Ave",41.914166,-87.716755,265,289,85,81,155,183,554,338,166
"220","18022","Archer (Damen) Ave & 37th St",41.826712,-87.683144,42,48,10,7,26,35,90,61,17
"221","18025","Carpenter St & 63rd St",41.77987,-87.650919,5,5,1,0,3,5,10,8,0
"222","18058","Leavitt St & Chicago Ave",41.8955203333333,-87.6820463333333,505,587,209,215,285,354,1092,639,424
"223","18062","Aberdeen St & Randolph St",41.8840778333333,-87.6542078333333,1064,1099,413,408,624,660,2163,1284,821
"224","18067","Walsh Park",41.91461,-87.667968,946,835,274,254,634,538,1781,1172,528
"225","18069","Cherry Ave & Blackhawk St",41.907221,-87.655618,189,241,74,75,110,162,430,272,149
"226","20.0","Damen Ave & Wabansia Ave",41.91,-87.68,204,204,204,204,0,0,408,0,408
"227","20101","Summit Ave & 86th St",41.7378538333333,-87.6449055,10,9,8,5,2,3,19,5,13
"228","201022","Loomis St & 89th St",41.7323797532955,-87.6580694317818,11,9,10,7,1,2,20,3,17
"229","20103","Prospect Sq & 91st St",41.7282338,-87.6675239,30,32,20,19,9,11,62,20,39
"230","20104","State St & 95th St",41.7218499,-87.6228544,91,67,51,46,35,18,158,53,97
"231","20105","Halsted St & 96th St",41.7197121836188,-87.6430195569992,39,38,23,18,15,19,77,34,41
"232","20106","Chicago State University",41.7189634216545,-87.6082956790924,231,216,155,147,73,67,447,140,302
"233","20107","Walden Pkwy & 100th St",41.712164,-87.667733,28,20,21,14,3,3,48,6,35
"234","20108","Hale Ave & 107th St",41.6991676666667,-87.668801,29,32,24,25,3,5,61,8,49
"235","20109","Vernon Ave & 107th St",41.700121,-87.61226,7,5,4,2,2,3,12,5,6
"236","20110","Eberhart Ave & 91st St",41.7292851572549,-87.6110315322876,14,11,3,4,11,7,25,18,7
"237","20112","Indiana Ave & 103rd St",41.7071745,-87.6183111666667,18,18,15,11,3,7,36,10,26
"238","20113","Dauphin Ave & 103rd St",41.7072503677818,-87.6076626777649,15,17,6,7,7,8,32,15,13
"239","20114","Doty Ave & 111th St",41.6950104493814,-87.5987148284912,9,6,7,3,1,1,15,2,10
"240","20116","Dauphin Ave & 87th St",41.7365590228221,-87.6012575626373,25,15,12,7,11,6,40,17,19
"241","20118","Eggleston Ave & 92nd St",41.7276935,-87.6348453333333,22,17,20,11,2,5,39,7,31
"242","20119","Elizabeth St & 92nd St",41.7268371666667,-87.6543476666667,17,10,15,6,2,3,27,5,21
"243","20120","Stewart Ave & 83rd St",41.743717,-87.634088,9,8,6,4,3,4,17,7,10
"244","20121","Loomis Blvd & 84th St",41.7414865286181,-87.6584100723267,6,1,3,0,3,1,7,4,0
"245","20123","Western Ave & 104th St",41.7046143333333,-87.6811566666667,25,16,20,14,4,2,41,6,34
"246","20124","Vincennes Ave & 104th St",41.7049255649976,-87.6568681095887,27,20,24,12,3,8,47,11,36
"247","20125","Halsted St & 104th St",41.7051397889324,-87.6424241065979,8,5,1,1,7,4,13,11,2
"248","20126","S Aberdeen St & W 106th St",41.7,-87.65,6,3,6,3,0,0,9,0,9
"249","20127","Halsted St & 111th St",41.6922625558917,-87.6426118612289,25,16,21,11,4,5,41,9,32
"250","20128","S Wentworth Ave & W 111th St",41.69,-87.63,9,4,9,4,0,0,13,0,13
"251","20129","Ada St & 113th St",41.687589,-87.6553595,14,12,14,12,0,0,26,0,26
"252","20130","Wentworth Ave & 104th St",41.7053448333333,-87.628884,7,5,7,4,0,0,12,0,11
"253","20131","Cottage Grove Ave & 111th Pl",41.6917097584701,-87.6100015640259,16,15,11,7,4,7,31,11,18
"254","20133","Woodlawn & 103rd - Olive Harvey Vaccination Site",41.71,-87.59,3,1,3,1,0,0,4,0,4
"255","20134","Maryland Ave & 104th St",41.71,-87.6,8,4,8,4,0,0,12,0,12
"256","20201","Kedzie Ave & 104th St",41.7,-87.7,6,3,6,3,0,0,9,0,9
"257","20202","W 103rd St & S Avers Ave",41.71,-87.72,14,8,14,8,0,0,22,0,22
"258","20203","Lawndale Ave & 111th St",41.6912986666667,-87.712804,21,22,13,13,6,6,43,12,26
"259","20204","Kedzie Ave & 110th St",41.6923947458756,-87.7009606361389,12,5,8,2,3,0,17,0,10
"260","20205","Western Ave & 111th St",41.691211,-87.681297,25,9,23,7,0,0,34,0,30
"261","20206","Homewood Ave & 115th St",41.6845950720262,-87.6707080006599,35,23,32,20,3,3,58,6,52
"262","20207","Major Taylor Trail & 115th St",41.684931595193,-87.6452887058258,45,29,35,23,8,5,74,13,58
"263","20208","Major Taylor Trail & 124th St",41.6686963533225,-87.6371133327484,9,8,6,6,2,1,17,3,12
"264","20209","S Michigan Ave & E 118th St",41.68,-87.62,3,0,3,0,0,0,0,0,0
"265","20210","State St & 123rd St",41.6706273333333,-87.6227995,28,25,25,23,3,2,53,5,48
"266","20211","Eberhart Ave & 131st St",41.6584131511011,-87.6107108969882,7,3,6,0,1,3,10,4,0
"267","20212","Altgeld Gardens",41.6566655296737,-87.5988006591797,5,3,1,1,4,2,8,6,2
"268","20213","Commercial Ave & 130th St",41.6591391666667,-87.5507196666667,8,9,4,3,4,6,17,10,7
"269","20214","Avenue O & 134th St",41.6518678022852,-87.5396713614464,9,5,2,1,7,4,14,11,3
"270","20215","Hegewisch Metra Station",41.6486181666667,-87.5462351666667,12,8,4,4,8,3,20,11,8
"271","20217","Torrence Ave & 126th Pl",41.6663105,-87.5571676666667,6,10,6,7,0,0,16,0,13
"272","20218","Avenue O & 118th St",41.6810014591104,-87.5379312226869,5,8,3,7,2,1,13,3,10
"273","20220","Avenue L & 114th St",41.69,-87.54,6,3,6,3,0,0,9,0,9
"274","20221","Torrence Ave & 106th St",41.7028608333333,-87.5598715,8,2,6,1,1,0,10,0,7
"275","20222","Burnham Greenway & 105th St",41.704575,-87.528232,11,17,2,5,3,5,28,8,7
"276","20223","Ewing Ave & Burnham Greenway",41.712749,-87.534814,5,7,3,2,0,0,12,0,5
"277","20224","Calumet Park",41.71371,-87.530844,5,3,1,0,1,1,8,2,0
"278","20225","Commercial Ave & 100th St",41.713317395477,-87.5510975718498,6,5,4,1,2,3,11,5,5
"279","20226","Oglesby Ave & 100th St",41.7133316666667,-87.565877,10,9,8,5,0,0,19,0,13
"280","20227","Bradley Park",41.7178735,-87.5646686666667,12,5,12,5,0,0,17,0,17
"281","20228","Constance Ave & 95th St",41.7221218333333,-87.5789611666667,9,11,8,9,1,1,20,2,17
"282","20229","Baltimore Ave & 87th St",41.7373368333333,-87.5484793333333,13,13,9,10,1,3,26,4,19
"283","20230","Clyde Ave & 87th St",41.7371514643106,-87.572740316391,10,12,2,1,7,10,22,17,3
"284","20231","East End Ave & 87th St",41.7367856666667,-87.5828128333333,12,9,3,3,7,4,21,11,6
"285","20232","Big Marsh Park",41.685868,-87.573735,26,25,11,10,10,10,51,20,21
"286","20233","Halsted St & 78th St",41.7524951666667,-87.6436166666667,19,5,16,2,3,3,24,6,18
"287","20234","Ashland Ave & 78th St",41.7522048494112,-87.663699388504,43,17,32,6,11,11,60,22,38
"288","20235","Greenwood Ave & 91st St",41.7287153333333,-87.5973151666667,14,8,12,4,2,4,22,6,16
"289","20236","Stony Island Ave & 90th St",41.7313949433024,-87.5857436656952,41,53,39,43,2,10,94,12,82
"290","20237","Yates Blvd & 93rd St",41.7261663902451,-87.5662761926651,17,25,16,23,1,2,42,3,39
"291","20238","Greenwood Ave & 97th St",41.7187031547574,-87.5970357656479,12,13,7,6,5,7,25,12,13
"292","20239","Marquette Ave & 89th St",41.7336687907147,-87.558342218399,4,8,2,3,1,4,12,5,5
"293","20240","Indiana Ave & 133rd St",41.65,-87.62,4,4,4,4,0,0,8,0,8
"294","20242","Houston Ave & 92nd St",41.728204215358,-87.5497001409531,12,13,9,6,3,6,25,9,15
"295","20243","Michigan Ave & 114th St",41.6870147946712,-87.6210522651672,3,6,2,3,1,3,9,4,5
"296","20244","Halsted St & 73rd St",41.7616515,-87.644071,7,9,3,4,2,4,16,6,7
"297","20245","Ashland Ave & 74th St",41.7591545,-87.6634731666667,33,37,19,22,14,15,70,29,41
"298","20246.0","N Green St & W Lake St",41.89,-87.65,581,577,581,577,0,0,1158,0,1158
"299","20247.0","W Washington Blvd & N Peoria St",41.88,-87.65,72,76,72,76,0,0,148,0,148
"300","202480.0","Hampden Ct & Diversey Ave",41.93,-87.64,263,277,263,277,0,0,540,0,540
"301","20249.0","N Clark St & W Elm St",41.9,-87.63,7,26,7,26,0,0,33,0,33
"302","20251.0","N Carpenter St & W Lake St",41.89,-87.65,69,71,69,71,0,0,140,0,140
"303","20252.0","W Oakdale Ave & N Broadway",41.94,-87.64,304,302,304,302,0,0,606,0,606
"304","20253.0","N Paulina St & Lincoln Ave",41.94,-87.67,40,37,40,37,0,0,77,0,77
"305","20254.0","W Armitage Ave & N Sheffield Ave",41.92,-87.65,271,255,271,255,0,0,526,0,526
"306","20255.0","N Damen Ave & W Chicago Ave",41.9,-87.68,7,4,7,4,0,0,11,0,11
"307","20256.0","N Sheffield Ave & W Wellington Ave",41.94,-87.65,207,213,207,213,0,0,420,0,420
"308","20257.0","N Southport Ave & W Newport Ave",41.94,-87.66,97,93,97,93,0,0,190,0,190
"309","20260.0","Ping Tom Park (East)",41.86,-87.63,12,12,12,12,0,0,24,0,24
"310","301","Monticello Ave & Chicago Ave",41.9,-87.72,21,20,21,20,0,0,41,0,41
"311","302","Lamon Ave & Chicago Ave",41.9,-87.75,8,6,8,6,0,0,14,0,14
"312","303","Kildare Ave & Division St",41.9,-87.73,26,17,26,17,0,0,43,0,43
"313","304","Lavergne Ave & Division St",41.9,-87.75,15,10,15,10,0,0,25,0,25
"314","305","Menard Ave & Division St",41.9,-87.77,10,10,10,10,0,0,20,0,20
"315","307","Leamington Ave & Hirsch St",41.91,-87.75,19,11,19,11,0,0,30,0,30
"316","308","Major Ave & Bloomingdale Ave",41.91,-87.77,13,8,13,8,0,0,21,0,21
"317","309","Narragansett & McLean",41.92,-87.79,14,9,14,9,0,0,23,0,23
"318","310","North Ave & New England Ave",41.91,-87.8,13,13,13,13,0,0,26,0,26
"319","312","Lockwood Ave & Wrightwood Ave",41.93,-87.76,37,29,37,29,0,0,66,0,66
"320","313","Long Ave & Belden Ave",41.92,-87.76,33,16,33,16,0,0,49,0,49
"321","314","Narragansett & Wrightwood",41.93,-87.79,48,42,48,42,0,0,90,0,90
"322","316","Lamon Ave & Belmont Ave",41.94,-87.75,28,23,28,23,0,0,51,0,51
"323","317","Long Ave & Belmont Ave",41.94,-87.76,38,35,38,35,0,0,73,0,73
"324","318","Oak Park & Wellington",41.93,-87.8,36,25,36,25,0,0,61,0,61
"325","319","Roscoe & Harlem",41.94,-87.81,13,6,13,6,0,0,19,0,19
"326","320","Orange & Addison",41.94,-87.82,22,12,22,12,0,0,34,0,34
"327","321","Kostner Ave & Wrightwood Ave",41.93,-87.74,47,28,47,28,0,0,75,0,75
"328","322","Cicero Ave & Grace St",41.95,-87.75,6,6,6,6,0,0,12,0,12
"329","323","Narragansett & Irving Park",41.95,-87.79,41,31,41,31,0,0,72,0,72
"330","324","Meade Ave & Addison St",41.95,-87.78,26,24,26,24,0,0,50,0,50
"331","325","Harlem Ave & Grace St",41.95,-87.81,23,11,23,11,0,0,34,0,34
"332","326","Harlem & Irving Park",41.95,-87.81,36,32,36,32,0,0,68,0,68
"333","327","Plainfield & Irving Park",41.95,-87.83,3,6,3,6,0,0,9,0,9
"334","329.0","Central Park Ave & Douglas Blvd",41.86,-87.72,22,7,22,7,0,0,29,0,29
"335","330.0","Keeler Ave & Roosevelt Rd",41.87,-87.73,19,7,19,7,0,0,26,0,26
"336","331","Halsted St & Clybourn Ave",41.909668,-87.648128,2034,2097,777,774,1206,1270,4131,2476,1551
"337","331.0","Pulaski Rd & 21st St",41.85,-87.72,39,26,39,26,0,0,65,0,65
"338","332.0","Harding Ave & 26th St",41.84,-87.72,7,7,7,7,0,0,14,0,14
"339","334.0","Lawndale Ave & 30th St",41.84,-87.72,12,10,12,10,0,0,22,0,22
"340","335.0","Komensky Ave & 31st St",41.84,-87.73,10,8,10,8,0,0,18,0,18
"341","337","Hoyne Ave & 34th St",41.83,-87.68,11,10,11,10,0,0,21,0,21
"342","338","California Ave & 36th St",41.83,-87.69,9,6,9,6,0,0,15,0,15
"343","339","Sacramento Ave & Pershing Rd",41.82,-87.7,20,15,20,15,0,0,35,0,35
"344","340","Pulaski & Ann Lurie Pl",41.82,-87.72,5,2,5,2,0,0,7,0,7
"345","341","Archer Ave & 43rd St",41.82,-87.7,19,13,19,13,0,0,32,0,32
"346","343","Pulaski Rd & 51st St",41.8,-87.72,13,8,13,8,0,0,21,0,21
"347","344","Springfield Ave & 47th St",41.81,-87.72,12,11,12,11,0,0,23,0,23
"348","345","Artesian Ave & 55th St",41.79,-87.69,15,11,15,11,0,0,26,0,26
"349","346","Kedzie Ave & 57th St",41.79,-87.7,23,15,23,15,0,0,38,0,38
"350","347","Komensky Ave & 55th St",41.79,-87.72,7,5,7,5,0,0,12,0,12
"351","348","Western Ave & 62nd St",41.78,-87.68,6,2,6,2,0,0,8,0,8
"352","349","Spaulding Ave & 63rd St",41.78,-87.71,12,7,12,7,0,0,19,0,19
"353","350","Hamlin Ave & 62nd Pl",41.78,-87.72,2,1,2,1,0,0,3,0,3
"354","351","Mulligan Ave & Wellington Ave",41.93,-87.78,60,59,60,59,0,0,119,0,119
"355","352","Sayre & Diversey",41.93,-87.8,19,16,19,16,0,0,35,0,35
"356","353","Meade Ave & Diversey Ave",41.93,-87.78,21,13,21,13,0,0,34,0,34
"357","354","Parkside Ave & Armitage Ave",41.92,-87.77,9,6,9,6,0,0,15,0,15
"358","355","Central Ave & Parker Ave",41.93,-87.77,25,22,25,22,0,0,47,0,47
"359","356","Lavergne & Fullerton",41.92,-87.75,26,16,26,16,0,0,42,0,42
"360","357","Lamon Ave & Armitage Ave",41.92,-87.75,30,30,30,30,0,0,60,0,60
"361","358","Kilpatrick Ave & Parker Ave",41.93,-87.74,58,43,58,43,0,0,101,0,101
"362","359","Kilbourn & Belden",41.92,-87.74,38,30,38,30,0,0,68,0,68
"363","360","Kilbourn & Roscoe",41.94,-87.74,39,29,39,29,0,0,68,0,68
"364","361","Kenosha & Wellington",41.93,-87.73,27,24,27,24,0,0,51,0,51
"365","362.0","Lawndale Ave & 16th St",41.86,-87.72,11,5,11,5,0,0,16,0,16
"366","363.0","Tripp Ave & 15th St",41.86,-87.73,13,12,13,12,0,0,25,0,25
"367","364.0","Homan Ave & Fillmore St",41.87,-87.71,22,12,22,12,0,0,34,0,34
"368","365.0","Kildare Ave & 26th St",41.84,-87.73,7,5,7,5,0,0,12,0,12
"369","366.0","Spaulding Ave & 16th St",41.86,-87.71,10,4,10,4,0,0,14,0,14
"370","368.0","Tripp Ave & 31st St",41.84,-87.73,21,12,21,12,0,0,33,0,33
"371","369","Central Park Ave & Ohio St",41.89,-87.72,13,6,13,6,0,0,19,0,19
"372","370","Central Park & Augusta Blvd",41.9,-87.72,16,14,16,14,0,0,30,0,30
"373","371","Kildare Ave & Chicago Ave",41.9,-87.73,18,13,18,13,0,0,31,0,31
"374","375","Long Ave & North Ave",41.91,-87.76,19,9,19,9,0,0,28,0,28
"375","377","Bloomingdale Ave & Harlem Ave",41.91,-87.81,16,10,16,10,0,0,26,0,26
"376","378","Nordica & Medill",41.92,-87.8,43,32,43,32,0,0,75,0,75
"377","379","Rockwell St & Archer Ave",41.82,-87.69,32,33,32,33,0,0,65,0,65
"378","380","Fairfield Ave & 44th St",41.81,-87.69,7,3,7,3,0,0,10,0,10
"379","382","Kedzie Ave & 48th Pl",41.8,-87.7,59,49,59,49,0,0,108,0,108
"380","383","Campbell Ave & 51st St",41.8,-87.69,3,2,3,2,0,0,5,0,5
"381","384","Kedzie Ave & 52nd St",41.8,-87.7,18,18,18,18,0,0,36,0,36
"382","385","St Louis Ave & Norman Bobbins Ave",41.79,-87.71,7,8,7,8,0,0,15,0,15
"383","386","Rockwell St & 57th St",41.79,-87.69,18,11,18,11,0,0,29,0,29
"384","387","St Louis Ave & 59th St",41.79,-87.71,1,0,1,0,0,0,0,0,0
"385","388","Richmond St & 59th St",41.79,-87.7,15,10,15,10,0,0,25,0,25
"386","389","Maplewood Ave & 59th St",41.79,-87.69,20,21,20,21,0,0,41,0,41
"387","390","California Ave & Marquette Rd",41.77,-87.69,3,0,3,0,0,0,0,0,0
"388","393","Oketo Ave & Addison St",41.94,-87.81,19,13,19,13,0,0,32,0,32
"389","394","Panama Ave & Grace St",41.95,-87.83,4,2,4,2,0,0,6,0,6
"390","395","Shabbona Park",41.94,-87.8,1,1,1,1,0,0,2,0,2
"391","396","Central Ave & Roscoe St",41.94,-87.77,26,20,26,20,0,0,46,0,46
"392","397","Narragansett Ave & School St",41.94,-87.79,34,35,34,35,0,0,69,0,69
"393","398","Long & Irving Park",41.95,-87.76,119,118,119,118,0,0,237,0,237
"394","399","Lavergne Ave & 46th St",41.81,-87.75,2,1,2,1,0,0,3,0,3
"395","400","Lawler Ave & 50th St",41.8,-87.75,5,6,5,6,0,0,11,0,11
"396","402","Kenneth Ave & 50th St",41.8,-87.73,1,1,1,1,0,0,2,0,2
"397","403","Kildare Ave & 55th St",41.79,-87.73,6,2,6,2,0,0,8,0,8
"398","404","Pulaski Rd & 60th St",41.78,-87.72,5,4,5,4,0,0,9,0,9
"399","406","Kostner Ave & 63rd St",41.78,-87.73,8,4,8,4,0,0,12,0,12
"400","407","Tripp Ave & 65th St",41.77,-87.73,22,20,22,20,0,0,42,0,42
"401","428","Milwaukee Ave & Fullerton Ave",41.92,-87.7,17,12,17,12,0,0,29,0,29
"402","430","Troy St & Grace St",41.95,-87.71,6,1,6,1,0,0,7,0,7
"403","434","Albany Ave & Belmont Ave",41.94,-87.71,11,9,11,9,0,0,20,0,20
"404","437","Whipple St & Irving Park Rd",41.95,-87.7,1,1,1,1,0,0,2,0,2
"405","442","Lincoln Ave & Balmoral Ave",41.98,-87.69,3,1,3,1,0,0,4,0,4
"406","445","Western Ave & Gunnison St",41.97,-87.69,9,6,9,6,0,0,15,0,15
"407","471","Damen Ave & 33rd St",41.83,-87.68,14,9,14,9,0,0,23,0,23
"408","473","Mason Ave & Belmont Ave",41.94,-87.77,33,31,33,31,0,0,64,0,64
"409","514","Ridge Blvd & Howard St",42.019276,-87.68452,115,91,31,30,83,60,206,143,61
"410","515","Paulina St & Howard St",42.019159,-87.673573,230,245,100,99,124,144,475,268,199
"411","517","Clark St & Jarvis Ave",42.015963,-87.675005,138,117,51,50,85,66,255,151,101
"412","518","Conservatory Dr & Lake St",41.885511,-87.7168408333333,89,95,52,51,29,37,184,66,103
"413","519","Wolcott Ave & Fargo Ave",42.016977,-87.677725,52,44,24,21,28,22,96,50,45
"414","520","Greenview Ave & Jarvis Ave",42.015962,-87.66857,326,334,105,107,212,225,660,437,212
"415","523","Eastlake Ter & Rogers Ave",42.0208872805206,-87.6650579273701,213,190,91,85,119,97,403,216,176
"416","525","Glenwood Ave & Touhy Ave",42.0127501666667,-87.666018,217,202,53,48,149,140,419,289,101
"417","527","Western Ave & Howard St",42.018901,-87.690048,102,102,63,58,38,40,204,78,121
"418","528","Pulaski Rd & Lake St",41.885409,-87.726491,53,59,49,51,4,7,112,11,100
"419","530","Laramie Ave & Kinzie St",41.887832,-87.755527,30,20,17,11,9,6,50,15,28
"420","534","Karlov Ave & Madison St",41.8808658333333,-87.727991,13,18,8,13,5,5,31,10,21
"421","535","Pulaski Rd & Congress Pkwy",41.874325,-87.725704,25,24,21,19,3,4,49,7,40
"422","536","Kostner Ave & Lake St",41.8859223333333,-87.7353911666667,22,5,20,3,2,2,27,4,23
"423","537","Kenton Ave & Madison St",41.8807165,-87.740968,14,15,8,7,6,8,29,14,15
"424","540","Laramie Ave & Madison St",41.880207,-87.755337,20,18,11,8,9,10,38,19,19
"425","543","Laramie Ave & Gladys Ave",41.875806,-87.755285,9,6,3,2,6,4,15,10,5
"426","545","Kostner Ave & Adams St",41.877917,-87.735737,21,19,4,2,17,17,40,34,6
"427","546","Damen Ave & Pershing Rd",41.8231866666667,-87.6766656666667,42,37,25,21,16,13,79,29,46
"428","549","Marshfield Ave & 44th St",41.813996,-87.666589,58,63,41,40,17,22,121,39,81
"429","553","Elizabeth St & 47th St",41.8084098333333,-87.6565326666667,11,15,2,2,8,13,26,21,4
"430","554","Damen Ave & 51st St",41.800908,-87.674684,13,10,5,6,8,4,23,12,11
"431","556","Throop St & 52nd St",41.7996706666667,-87.6572228333333,3,4,3,3,0,0,7,0,6
"432","557","Seeley Ave & Garfield Blvd",41.794087,-87.675478,5,6,1,1,0,0,11,0,2
"433","559","Racine Ave & Garfield Blvd",41.794228,-87.655073,12,16,6,6,6,9,28,15,12
"434","560","Marshfield Ave & 59th St",41.786713,-87.6661758333333,27,20,23,16,4,4,47,8,39
"435","561","Damen Ave & 59th St",41.785861065132,-87.674143910408,14,27,9,14,5,13,41,18,23
"436","562","Racine Ave & 61st St",41.7831416666667,-87.6543235,7,5,6,1,1,3,12,4,7
"437","564","Racine Ave & 65th St",41.775393,-87.654308,7,1,1,1,6,0,8,0,2
"438","567","May St & 69th St",41.7689496666667,-87.6529423333333,28,27,27,24,0,0,55,0,51
"439","569","Woodlawn Ave & 75th St",41.7592338333333,-87.595727,10,5,8,4,2,1,15,3,12
"440","570","Evans Ave & 75th St",41.7585998333333,-87.60643,8,9,5,4,2,5,17,7,9
"441","571","Vernon Ave & 75th St",41.7584353333333,-87.614151,13,10,4,2,7,5,23,12,6
"442","572","State St & 76th St",41.756971,-87.624621,10,7,4,3,3,4,17,7,7
"443","573","State St & 79th St",41.750794,-87.624424,52,39,33,25,15,14,91,29,58
"444","574","Vernon Ave & 79th St",41.75094,-87.61379,41,29,31,19,8,8,70,16,50
"445","575","Cottage Grove Ave & 78th St",41.7532255,-87.6050443333333,28,21,16,14,12,7,49,19,30
"446","576","Greenwood Ave & 79th St",41.751294,-87.597552,5,8,1,1,4,2,13,6,2
"447","577","Stony Island Ave & South Chicago Ave",41.751173,-87.5853256666667,16,18,9,8,7,10,34,17,17
"448","579","Phillips Ave & 79th St",41.75182,-87.565211,26,26,4,5,16,14,52,30,9
"449","580","Exchange Ave & 79th St",41.751731,-87.552812,28,27,8,7,20,19,55,39,15
"450","582","Phillips Ave & 83rd St",41.744531,-87.56506,8,4,0,0,8,4,12,12,0
"451","583","Stony Island Ave & 82nd St",41.746559,-87.586005,22,16,3,2,17,14,38,31,5
"452","584","Ellis Ave & 83rd St",41.7440611666667,-87.599085,22,17,8,4,11,10,39,21,12
"453","585","Cottage Grove Ave & 83rd St",41.743441,-87.604836,23,18,9,9,11,6,41,17,18
"454","586","MLK Jr Dr & 83rd St",41.743116,-87.6148,11,7,0,0,8,7,18,15,0
"455","587","Wabash Ave & 83rd St",41.7433706666667,-87.6227971666667,5,5,4,3,1,2,10,3,7
"456","588","South Chicago Ave & 83rd St",41.743921,-87.575225,13,10,7,8,6,2,23,8,15
"457","590","Kilbourn Ave & Irving Park Rd",41.953733,-87.740569,36,24,24,16,11,7,60,18,40
"458","592","Knox Ave & Montrose Ave",41.960631,-87.745359,61,74,46,49,14,19,135,33,95
"459","593","Halsted St & 59th St",41.787539,-87.644874,4,4,1,1,3,2,8,5,2
"460","594","Western Blvd & 48th Pl",41.8056956666667,-87.6833815,40,37,18,17,20,18,77,38,35
"461","595","Wabash Ave & 87th St",41.7366083333333,-87.6226051666667,37,22,15,10,19,12,59,31,25
"462","596","Benson Ave & Church St",42.048214,-87.683485,703,719,231,231,444,458,1422,902,462
"463","598","Elmwood Ave & Austin St",42.025784,-87.684107,113,116,53,56,58,59,229,117,109
"464","599","Valli Produce - Evanston Plaza",42.0396751666667,-87.6994326666667,108,102,60,61,44,40,210,84,121
"465","600","Dodge Ave & Church St",42.0483268333333,-87.6985545,87,70,24,25,62,42,157,104,49
"466","604","Sheridan Rd & Noyes St (NU)",42.058239,-87.677432,916,965,333,333,550,587,1881,1137,666
"467","605","University Library (NU)",42.052939,-87.673447,435,428,161,154,255,259,863,514,315
"468","620","Orleans St & Chestnut St (NEXT Apts)",41.898203,-87.637536,1247,1109,474,429,750,662,2356,1412,903
"469","623","Michigan Ave & 8th St",41.8724228333333,-87.6239526666667,2130,1965,578,495,1286,1201,4095,2487,1073
"470","624","Dearborn St & Van Buren St",41.876268,-87.629155,1077,877,323,223,701,609,1954,1310,546
"471","631","Malcolm X College Vaccination Site",41.877618,-87.673895,301,217,135,78,149,125,518,274,213
"472","632","Clark St & Newport St",41.94454,-87.654678,2334,2322,844,840,1425,1420,4656,2845,1684
"473","636","Orleans St & Hubbard St",41.8898603333333,-87.63669,1283,1132,424,380,835,728,2415,1563,804
"474","637","Wood St & Chicago Ave",41.8956116666667,-87.672071,757,776,284,283,449,473,1533,922,567
"475","638","Clinton St & Jackson Blvd",41.878246,-87.6414206666667,1653,1603,633,633,967,929,3256,1896,1266
"476","639","Lakefront Trail & Wilson Ave",41.965845,-87.645361,724,694,175,159,482,481,1418,963,334
"477","642","Latrobe Ave & Chicago Ave",41.8947021666667,-87.756865,20,10,12,6,7,3,30,10,18
"478","643","Smith Park",41.892048,-87.689397,233,281,182,199,50,74,514,124,381
"479","644","Western Ave & Fillmore St",41.8685845,-87.6862466666667,757,778,540,536,203,231,1535,434,1076
"480","646","State St & 54th St",41.796642,-87.625923,30,15,10,5,16,9,45,25,15
"481","647","Elizabeth St & 59th St",41.7896968804834,-87.65469789505,1,2,0,0,1,2,3,3,0
"482","649","Stewart Ave & 63rd St",41.779835,-87.634774,16,15,7,9,9,5,31,14,16
"483","650","Eggleston Ave & 69th St",41.7688706666667,-87.6358508333333,16,13,6,8,10,3,29,13,14
"484","651","Michigan Ave & 71st St",41.765286,-87.621748,8,3,3,3,5,0,11,0,6
"485","652","Rhodes Ave & 71st St",41.7660281666667,-87.611771,4,6,3,2,1,4,10,5,5
"486","653","Cornell Dr & Hayes Dr",41.780533,-87.5852328333333,33,24,6,4,27,20,57,47,10
"487","654","Racine Ave & Washington Blvd",41.883073,-87.656952,685,686,271,271,397,391,1371,788,542
"488","655","Hoyne Ave & Balmoral Ave",41.979851,-87.681932,217,268,133,134,77,121,485,198,267
"489","657","Wood St & Augusta Blvd",41.899181,-87.6722,611,608,265,255,331,345,1219,676,520
"490","658","Leavitt St & Division St",41.902997,-87.683825,504,481,223,206,255,255,985,510,429
"491","660","Sheridan Rd & Columbia Ave",42.004583,-87.661406,418,446,151,162,254,266,864,520,313
"492","661","Evanston Civic Center",42.057044,-87.686554,167,145,76,68,91,76,312,167,144
"493","662","Dodge Ave & Mulford St",42.023612,-87.6996245,70,82,39,38,26,39,152,65,77
"494","665","South Chicago Ave & Elliot Ave",41.7473681666667,-87.5800115,12,11,11,11,1,0,23,0,22
"495","E002","Chicago Ave & Washington St",42.0325356666667,-87.679194,396,426,147,153,238,259,822,497,300
"496","E006","Central St Metra",42.063598,-87.69873,185,189,105,94,78,93,374,171,199
"497","E007","Central St & Girard Ave",42.064313,-87.686152,143,137,54,51,81,78,280,159,105
"498","E008","Chicago Ave & Sheridan Rd",42.050491,-87.677821,676,635,221,217,422,392,1311,814,438
"499","E011","Dodge Ave & Main St",42.0348578333333,-87.6991655,51,60,27,28,23,31,111,54,55
"500","E014","Lincolnwood Dr & Central St",42.064756,-87.7153478333333,64,69,8,13,52,49,133,101,21
"501","Hubbard Bike-checking (LBS-WH-TEST)","Base - 2132 W Hubbard Warehouse",41.8899398333333,-87.6803221666667,28,48,28,30,0,0,76,0,58
"502","KA1503000001","Shields Ave & 43rd St",41.81620767856,-87.6348193497,8,10,5,6,3,4,18,7,11
"503","KA1503000002","South Shore Dr & 71st St",41.7664094567,-87.5656875719,107,106,40,37,60,60,213,120,77
"504","KA1503000003","Cottage Grove Ave & 71st St",41.76571903697,-87.604959713,17,16,2,2,15,14,33,29,4
"505","KA1503000004","Lake Park Ave & 35th St",41.8312446666667,-87.6086908333333,216,236,76,82,104,119,452,223,158
"506","KA1503000005","Wentworth Ave & 35th St",41.830777,-87.632504,198,154,66,58,122,89,352,211,124
"507","KA1503000007","Cornell Ave & Hyde Park Blvd",41.8023548333333,-87.5867568333333,926,886,282,268,619,593,1812,1212,550
"508","KA1503000009","Princeton Ave & 47th St",41.809334,-87.6334555,55,39,31,25,24,14,94,38,56
"509","KA1503000010","Halsted St & 51st St",41.8017851666667,-87.6452165,36,29,24,19,10,10,65,20,43
"510","KA1503000011","Halsted St & 56th St",41.79292964599,-87.6449900565,6,4,1,1,5,3,10,8,2
"511","KA1503000012","Clark St & Lake St",41.88602082773,-87.6308760584,1795,1733,584,555,1158,1100,3528,2258,1139
"512","KA1503000013","Princeton Ave & Garfield Blvd",41.7949093333333,-87.6331326666667,39,39,17,15,21,22,78,43,32
"513","KA1503000014","Ellis Ave & 60th St",41.78509714636,-87.6010727606,4710,4629,919,872,3725,3697,9339,7422,1791
"514","KA1503000015","Wabash Ave & Adams St",41.87947235235,-87.6256886059,1225,1194,441,419,715,686,2419,1401,860
"515","KA1503000018","Jeffery Blvd & 71st St",41.76663823695,-87.5764501141,30,31,11,11,15,16,61,31,22
"516","KA1503000019","Stony Island Ave & 75th St",41.7586696704,-87.586882871,38,34,19,20,17,14,72,31,39
"517","KA1503000020","South Shore Dr & 74th St",41.76218896038,-87.55927465,23,20,3,3,17,13,43,30,6
"518","KA1503000021","Stony Island Ave & 64th St",41.778881,-87.586647,61,61,34,35,25,22,122,47,69
"519","KA1503000022","Clark St & Montrose Ave",41.9615528333333,-87.6661803333333,728,641,271,258,442,373,1369,815,529
"520","KA1503000023","Stony Island Ave & 67th St",41.77345849948,-87.5853397391,23,29,8,9,15,18,52,33,17
"521","KA1503000024","Yates Blvd & 75th St",41.7587215,-87.5664006666667,10,16,1,0,7,11,26,18,0
"522","KA1503000025","Wentworth Ave & 63rd St",41.78007963264,-87.6297463052,66,60,51,50,12,9,126,21,101
"523","KA1503000027","Prairie Ave & 43rd St",41.81665889302,-87.6194124619,50,49,11,11,28,32,99,60,22
"524","KA1503000028","Jeffery Blvd & 76th St",41.75712006802,-87.5758393587,15,16,1,2,11,10,31,21,3
"525","KA1503000029","South Shore Dr & 67th St",41.773643,-87.567514,66,64,9,10,54,49,130,103,19
"526","KA1503000030","Jeffery Blvd & 67th St",41.77351755125,-87.5771428255,49,27,15,8,28,19,76,47,23
"527","KA1503000031","Cottage Grove Ave & 67th St",41.77372095205,-87.60563486,25,29,3,2,22,27,54,49,5
"528","KA1503000032","Union Ave & Root St",41.819102,-87.643278,35,51,22,24,13,26,86,39,46
"529","KA1503000033","Eberhart Ave & 61st St",41.78414169317,-87.6133078304,52,47,31,31,21,16,99,37,62
"530","KA1503000034","LaSalle St & Adams St",41.8793046666667,-87.6319008333333,636,599,201,191,386,360,1235,746,392
"531","KA1503000038","Shields Ave & 31st St",41.838464,-87.635406,392,337,90,78,295,252,729,547,168
"532","KA1503000040","Loomis St & Archer Ave",41.84163253965,-87.6574349533,172,177,85,83,85,86,349,171,168
"533","KA1503000041","McClurg Ct & Erie St",41.894503,-87.617854,2381,2304,793,741,1505,1489,4685,2994,1534
"534","KA1503000043","Kingsbury St & Kinzie St",41.8891863333333,-87.6384953333333,3746,3655,1286,1243,2394,2354,7401,4748,2529
"535","KA1503000044","Rush St & Hubbard St",41.890173,-87.626185,1189,1149,393,369,710,695,2338,1405,762
"536","KA1503000045","Stony Island Ave & 71st St",41.7664978333333,-87.5864653333333,45,63,25,29,17,29,108,46,54
"537","KA1503000046","Dorchester Ave & 63rd St",41.7804056457,-87.5914159893,85,87,19,17,56,60,172,116,36
"538","KA1503000047","Perry Ave & 69th St",41.7692703333333,-87.6282463333333,20,13,15,7,2,5,33,7,22
"539","KA1503000049","Rainbow Beach",41.75787144829,-87.54938625,13,9,5,3,7,5,22,12,8
"540","KA1503000051","Halsted St & 47th Pl",41.8081946666667,-87.6456415,74,66,56,50,17,16,140,33,106
"541","KA1503000052","Ellis Ave & 53rd St",41.79933626261,-87.6009581145,852,781,166,163,667,606,1633,1273,329
"542","KA1503000053","MLK Jr Dr & 63rd St",41.78008063659,-87.6159428567,37,42,27,26,6,9,79,15,53
"543","KA1503000054","Cottage Grove Ave & 63rd St",41.780569,-87.6058866666667,110,103,34,33,75,67,213,142,67
"544","KA1503000055","Halsted & 63rd - Kennedy-King Vaccination Site",41.7793868333333,-87.6449075,14,18,7,6,6,10,32,16,13
"545","KA1503000059","Lake Park Ave & 53rd St",41.79949429373,-87.5864498959,783,781,158,156,586,583,1564,1169,314
"546","KA1503000064","Dusable Harbor",41.886976,-87.612813,1674,1668,365,361,1143,1047,3342,2190,726
"547","KA1503000065","Woodlawn Ave & Lake Park Ave",41.81409271048,-87.5970051479,145,152,60,51,80,95,297,175,111
"548","KA1503000066","Wood St & 35th St",41.83010465416,-87.6702983089,68,70,37,35,30,29,138,59,72
"549","KA1503000068","Leavitt St & Archer Ave",41.8287225,-87.6806733333333,106,88,63,43,41,27,194,68,106
"550","KA1503000069","Dorchester Ave & 49th St",41.805772,-87.592464,172,175,88,87,83,86,347,169,175
"551","KA1503000070","Harper Ave & 59th St",41.78794281287,-87.5883151702,834,787,115,99,697,654,1621,1351,214
"552","KA1503000071","University Ave & 57th St",41.7914846666667,-87.5998433333333,4162,4201,938,908,3156,3238,8363,6394,1846
"553","KA1503000072","Wacker Dr & Washington St",41.883143,-87.637242,1079,1067,389,380,651,642,2146,1293,769
"554","KA1503000073","MLK Jr Dr & 56th St",41.79342945658,-87.6158532619,49,39,14,15,35,22,88,57,29
"555","KA1503000074","Museum of Science and Industry",41.7917346666667,-87.5839341666667,571,490,176,142,327,262,1061,589,318
"556","KA1503000075","DuSable Museum",41.7915205,-87.6078581666667,146,126,31,29,106,89,272,195,60
"557","KA1504000076","Ellis Ave & 55th St",41.79430062054,-87.6014497734,2938,2943,510,493,2365,2415,5881,4780,1003
"558","KA1504000078","Lincoln Ave & Winona St",41.97491129677,-87.6925025594,238,266,135,139,101,121,504,222,274
"559","KA1504000079","Larrabee St & Division St",41.90348607004,-87.6433534936,1231,1222,458,454,741,734,2453,1475,912
"560","KA1504000080","Washtenaw Ave & Lawrence Ave",41.9687471666667,-87.6961733333333,347,337,183,181,150,144,684,294,364
"561","KA1504000082","Kedzie Ave & Harrison St",41.87359967462,-87.7048707493,21,18,7,8,14,8,39,22,15
"562","KA1504000086","Kedzie Ave & 24th St",41.84819094491,-87.7054137458,17,9,6,4,8,2,26,10,10
"563","KA1504000090","St. Louis Ave & Fullerton Ave",41.9248155968119,-87.714495062828,312,357,174,179,120,151,669,271,353
"564","KA1504000091","Hoyne Ave & 47th St",41.8082511666667,-87.6771841666667,39,41,17,14,20,20,80,40,31
"565","KA1504000093","Rockwell St & Eastwood Ave",41.96590013976,-87.6936384935,292,335,177,185,108,142,627,250,362
"566","KA1504000096","Sawyer Ave & Irving Park Rd",41.95358617895,-87.7093107999,111,125,64,64,43,54,236,97,128
"567","KA1504000097","Drake Ave & Montrose Ave",41.96115407569,-87.7165690733,126,137,67,60,55,67,263,122,127
"568","KA150400009X","Kimball Ave & Belmont Ave",41.9393635,-87.7116078333333,329,271,180,162,136,104,600,240,342
"569","KA1504000101","Ogden Ave & Roosevelt Rd",41.86650148316,-87.68469707,201,166,81,71,105,86,367,191,152
"570","KA1504000102","Fairfield Ave & Roosevelt Rd",41.8666143333333,-87.6945236666667,102,98,76,70,23,28,200,51,146
"571","KA1504000103","Western Ave & Walton St",41.8984373333333,-87.6865348333333,872,882,428,385,405,455,1754,860,813
"572","KA1504000104","Paulina St & Flournoy St",41.8728403333333,-87.6690013333333,1172,1089,419,346,741,735,2261,1476,765
"573","KA1504000106","Kedzie Ave & Lake St",41.88460328501,-87.7063037436,102,75,69,53,30,20,177,50,122
"574","KA1504000109","Washtenaw Ave & Ogden Ave",41.8619304927826,-87.6934504508972,78,77,43,36,35,39,155,74,79
"575","KA1504000110","Millard Ave & 26th St",41.8445715,-87.7159921666667,26,49,15,16,11,29,75,40,31
"576","KA1504000113","Sacramento Blvd & Franklin Blvd",41.8904687924386,-87.7026075124741,35,30,17,6,17,21,65,38,23
"577","KA1504000114","Kedzie Ave & Chicago Ave",41.89546530305,-87.7061278837,71,81,41,37,29,42,152,71,78
"578","KA1504000116","Larrabee St & Oak St",41.90021949323,-87.6429854676,890,821,278,255,596,556,1711,1152,533
"579","KA1504000117","Halsted St & North Branch St",41.899326,-87.6484198333333,297,276,149,148,145,125,573,270,297
"580","KA1504000126","Kedzie Ave & Leland Ave",41.96668636205,-87.7080519806,152,145,83,73,66,69,297,135,156
"581","KA1504000127","Manor Ave & Leland Ave",41.965875,-87.700825,236,230,141,145,92,84,466,176,286
"582","KA1504000128","Kedzie Ave & Foster Ave",41.9756723333333,-87.709269,125,128,58,57,61,66,253,127,115
"583","KA1504000129","Western Ave & Granville Ave",41.9941811666667,-87.6894303333333,142,169,81,86,58,75,311,133,167
"584","KA1504000130","Maplewood Ave & Peterson Ave",41.99023602867,-87.6933696402,70,60,22,17,40,35,130,75,39
"585","KA1504000133","Rush St & Cedar St",41.9024211666667,-87.627834,2139,2155,782,783,1304,1281,4294,2585,1565
"586","KA1504000134","Ritchie Ct & Banks St",41.9069271666667,-87.6262113333333,1427,1379,528,511,870,829,2806,1699,1039
"587","KA1504000135","Wells St & Elm St",41.903222,-87.634324,3892,3910,1401,1402,2413,2453,7802,4866,2803
"588","KA1504000139","Monticello Ave & Irving Park Rd",41.9539423333333,-87.719101,139,166,78,87,51,73,305,124,165
"589","KA1504000140","Winchester Ave & Elston Ave",41.92409085038,-87.6764600747,453,501,192,197,245,288,954,533,389
"590","KA1504000141","Pulaski Rd & Eddy St (Temp)",41.9463813333333,-87.7310831666667,44,46,18,19,23,25,90,48,37
"591","KA1504000142","Drake Ave & Addison St",41.9473926666667,-87.7176651666667,110,97,66,58,37,35,207,72,124
"592","KA1504000143","Leavitt St & Addison St",41.9466091666667,-87.683403,311,322,124,124,178,187,633,365,248
"593","KA1504000146","Clark St & Berwyn Ave",41.9779966544,-87.6680471047,1122,1218,529,546,556,629,2340,1185,1075
"594","KA1504000147","Winchester (Ravenswood) Ave & Balmoral Ave",41.9797688333333,-87.6776045,215,219,91,94,120,118,434,238,185
"595","KA1504000148","Clark St & Elmdale Ave",41.9908604481256,-87.6697236299515,408,391,136,131,252,243,799,495,267
"596","KA1504000149","Damen Ave & Foster Ave",41.97561480459,-87.6794590387,459,508,224,230,222,262,967,484,454
"597","KA1504000151","Clark St & Bryn Mawr Ave",41.983593,-87.669154,866,950,373,387,472,536,1816,1008,760
"598","KA1504000152","Lakefront Trail & Bryn Mawr Ave",41.98403669612,-87.6523104689,1184,1244,313,334,797,843,2428,1640,647
"599","KA1504000155","2112 W Peterson Ave",41.991178,-87.683593,97,112,52,52,44,56,209,100,104
"600","KA1504000156","Clark St & Schreiber Ave",41.999254,-87.6712776666667,293,287,123,121,161,157,580,318,244
"601","KA1504000158","Oakley Ave & Irving Park Rd",41.9542768333333,-87.6860388333333,265,305,94,97,162,197,570,359,191
"602","KA1504000159","Sheridan Rd & Greenleaf Ave",42.01058656284,-87.6624120948,212,201,86,76,105,116,413,221,162
"603","KA1504000160","Francisco Ave & Foster Ave",41.975633,-87.701419,192,202,93,88,87,101,394,188,181
"604","KA1504000161","St. Louis Ave & Balmoral Ave",41.9803613333333,-87.7161516666667,135,117,69,66,62,44,252,106,135
"605","KA1504000162","Clark St & Lunt Ave",42.0089198333333,-87.6737208333333,283,267,139,137,138,125,550,263,276
"606","KA1504000164","Keystone Ave & Montrose Ave",41.96110801623,-87.7289701012,62,92,33,35,27,51,154,78,68
"607","KA1504000167","Kedzie Ave & Bryn Mawr Ave",41.9812248627334,-87.7089723944664,95,99,29,31,64,67,194,131,60
"608","KA1504000168","Western & 28th - Velasquez Institute Vaccination Site",41.84151770807,-87.6851314409,23,21,15,14,6,6,44,12,29
"609","KA1504000171","Marine Dr & Ainslie St",41.9716,-87.650154,746,728,291,296,425,393,1474,818,587
"610","KA1504000175","Glenwood Ave & Morse Ave",42.00797192287,-87.6655023944,441,445,149,158,285,281,886,566,307
"611","KA17018054","Damen Ave & Walnut (Lake) St",41.885951,-87.677009,357,354,160,149,180,187,711,367,309
"612","KA17018068","Leavitt St & Belmont Ave",41.9393621666667,-87.6832453333333,452,442,236,229,206,199,894,405,465
"613","KA1706005007","Delano Ct & Roosevelt Rd",41.867491,-87.63219,964,889,365,324,533,515,1853,1048,689
"614","KA1706005015","Kildare Ave & Montrose Ave",41.9610421666667,-87.735684,68,81,37,41,30,37,149,67,78
"615","KP1705001026","LaSalle Dr & Huron St",41.894877,-87.632326,1627,1410,562,504,1021,853,3037,1874,1066
"616","LF-005","DuSable Lake Shore Dr & North Blvd",41.911722,-87.626804,2633,2698,593,605,1780,1867,5331,3647,1198
"617","LP-","Lincoln Park Conservatory",41.923931,-87.635825,1348,1306,330,318,873,865,2654,1738,648
"618","RN-","Franklin St & Illinois St",41.8910233102519,-87.6354798674583,2031,2007,755,751,1249,1218,4038,2467,1506
"619","RP-001","Warren Park West",42.001785,-87.688829,90,90,48,42,36,45,180,81,90
"620","RP-002","Warren Park East",42.00454962194,-87.6806661451,89,77,52,49,33,27,166,60,101
"621","RP-004","Oakley Ave & Touhy Ave",42.012342,-87.688243,85,85,55,40,26,41,170,67,95
"622","RP-005","Western Ave & Lunt Ave",42.0085956666667,-87.6904171666667,173,195,100,98,73,94,368,167,198
"623","RP-006","Ridge Blvd & Touhy Ave",42.0120926666667,-87.6829695,75,81,42,42,32,38,156,70,84
"624","RP-007","Clark St & Touhy Ave",42.0125688333333,-87.6743116666667,98,87,61,58,37,27,185,64,119
"625","RP-008","Clark St & Columbia Ave",42.004444,-87.6724561666667,252,251,120,121,126,119,503,245,241
"626","RP-009","Sheridan Rd & Loyola Ave",42.0010893333333,-87.66123,522,546,213,223,280,292,1068,572,436
"627","SL-005","Indiana Ave & Roosevelt Rd",41.867888,-87.623041,2500,2480,757,747,1520,1527,4980,3047,1504
"628","SL-006","Wells St & 19th St",41.856802,-87.633879,240,276,47,51,171,201,516,372,98
"629","SL-007","State St & Harrison St",41.874053,-87.627716,944,919,256,246,603,595,1863,1198,502
"630","SL-008","Federal St & Polk St",41.87207763285,-87.6295437729,2128,2112,684,682,1383,1352,4240,2735,1366
"631","SL-009","Clark St & 9th St (AMLI)",41.870816,-87.631246,715,685,233,229,451,427,1400,878,462
"632","SL-010","Financial Pl & Ida B Wells Dr",41.8750236280333,-87.6330940425396,847,851,300,295,527,534,1698,1061,595
"633","SL-011","Wells St & Polk St",41.872596,-87.633502,1415,1366,620,600,755,732,2781,1487,1220
"634","SL-012","Wabash Ave & 16th St",41.860384,-87.625813,1026,992,264,260,722,698,2018,1420,524
"635","SL-013","State St & 19th St",41.8566403333333,-87.6275966666667,384,361,96,87,245,249,745,494,183
"636","TA1305000001","Wabash Ave & Cermak Rd",41.852619,-87.626488,459,481,140,142,280,295,940,575,282
"637","TA1305000002","Wabash Ave & Roosevelt Rd",41.867227,-87.625961,2509,2522,777,779,1592,1629,5031,3221,1556
"638","TA1305000003","Fairbanks Ct & Grand Ave",41.8918473721099,-87.6205801963806,2560,2526,840,833,1587,1507,5086,3094,1673
"639","TA1305000004","McCormick Place",41.851375,-87.618835,888,870,259,254,523,481,1758,1004,513
"640","TA1305000005","Dearborn St & Adams St",41.8793563587,-87.6297910363,1068,1023,321,292,676,688,2091,1364,613
"641","TA1305000006","Dearborn St & Monroe St",41.8813971666667,-87.6301851666667,1892,1850,630,620,1171,1170,3742,2341,1250
"642","TA1305000009","Clark St & Ida B Wells Dr",41.8759326655,-87.6305845355,680,662,185,178,454,458,1342,912,363
"643","TA1305000010","Michigan Ave & Ida B Wells Dr",41.876243,-87.624426,939,910,246,233,563,553,1849,1116,479
"644","TA1305000011","Michigan Ave & Lake St",41.886024,-87.624117,2678,2618,772,758,1683,1588,5296,3271,1530
"645","TA1305000014","Clark St & Wrightwood Ave",41.9296145,-87.6431041666667,2815,2837,927,930,1816,1842,5652,3658,1857
"646","TA1305000017","Halsted St & Roosevelt Rd",41.8674025,-87.6486331666667,775,717,151,146,590,539,1492,1129,297
"647","TA1305000020","Ogden Ave & Chicago Ave",41.896362458,-87.6540612729,1308,1209,546,507,719,670,2517,1389,1053
"648","TA1305000022","Orleans St & Merchandise Mart Plaza",41.888243,-87.63639,2249,2200,879,856,1328,1308,4449,2636,1735
"649","TA1305000025","Franklin St & Jackson Blvd",41.877708,-87.635321,2090,2042,745,710,1193,1172,4132,2365,1455
"650","TA1305000029","State St & Randolph St",41.8846210725794,-87.6278342306614,2183,2139,680,657,1356,1361,4322,2717,1337
"651","TA1305000030","Clark St & Randolph St",41.8847421666667,-87.6310438333333,1910,1768,732,647,1117,1076,3678,2193,1379
"652","TA1305000032","Clinton St & Madison St",41.8818226666667,-87.6408211666667,2940,2935,980,975,1889,1914,5875,3803,1955
"653","TA1305000034","Honore St & Division St",41.903119,-87.673935,1302,1222,524,497,744,692,2524,1436,1021
"654","TA1305000035","State St & Van Buren St",41.8767053333333,-87.628056,1182,1066,414,349,700,639,2248,1339,763
"655","TA1305000037","Paulina Ave & North Ave",41.909855,-87.66993,1025,998,320,309,665,654,2023,1319,629
"656","TA1305000039","Elston Ave & Cortland St",41.9165136666667,-87.6667001666667,929,942,373,362,531,549,1871,1080,735
"657","TA1305000041","Damen Ave & Pierce Ave",41.9093973333333,-87.6776381666667,2354,2450,976,993,1290,1361,4804,2651,1969
"658","TA1306000002","Morgan Ave & 14th Pl",41.862378,-87.651062,532,540,147,144,371,377,1072,748,291
"659","TA1306000003","Desplaines St & Kinzie St",41.888716036,-87.6444478533,2785,2515,1034,948,1713,1520,5300,3233,1982
"660","TA1306000006","Orleans St & Elm St",41.9029175,-87.6377288333333,603,548,214,206,372,334,1151,706,420
"661","TA1306000007","Larrabee St & Menomonee St",41.91468,-87.64332,628,626,185,191,420,420,1254,840,376
"662","TA1306000008","Larrabee St & North Ave",41.9102036666667,-87.6434875,779,775,271,267,494,502,1554,996,538
"663","TA1306000009","Larrabee St & Kingsbury St",41.897764,-87.642884,1776,1677,704,671,1052,996,3453,2048,1375
"664","TA1306000010","Daley Center Plaza",41.884241,-87.629634,1798,1892,551,624,1190,1228,3690,2418,1175
"665","TA1306000011","Wells St & Walton St",41.8999851666667,-87.6344308333333,1016,911,305,253,688,644,1927,1332,558
"666","TA1306000012","Wells St & Huron St",41.8949915,-87.634495,3487,3398,1360,1328,2057,2016,6885,4073,2688
"667","TA1306000013","New St & Illinois St",41.890847,-87.618617,3057,3052,997,975,1887,1896,6109,3783,1972
"668","TA1306000014","Wilton Ave & Diversey Pkwy",41.932418,-87.652705,2185,2151,627,623,1530,1490,4336,3020,1250
"669","TA1306000015","Morgan St & Lake St",41.8854795,-87.6523048333333,2256,2453,979,1011,1198,1368,4709,2566,1990
"670","TA1306000016","Sheffield Ave & Fullerton Ave",41.9254825,-87.6536825,2947,2841,962,922,1911,1852,5788,3763,1884
"671","TA1306000025","Racine Ave & Congress Pkwy",41.87464,-87.65703,691,577,183,155,486,414,1268,900,338
"672","TA1306000026","Racine Ave & Fullerton Ave",41.9256495,-87.6586405,2265,2303,593,593,1641,1662,4568,3303,1186
"673","TA1306000029","DuSable Lake Shore Dr & Ohio St",41.8925015,-87.6143546666667,2240,2208,673,666,1357,1351,4448,2708,1339
"674","TA1306000032","Sheffield Ave & Willow St",41.9138331666667,-87.6527828333333,1524,1523,499,489,1003,999,3047,2002,988
"675","TA1307000001","Greenview Ave & Fullerton Ave",41.925399,-87.665787,1525,1583,582,577,899,962,3108,1861,1159
"676","TA1307000005","Indiana Ave & 26th St",41.8457043333333,-87.6225241666667,271,270,100,101,162,158,541,320,201
"677","TA1307000006","Southport Ave & Wellington Ave",41.9357938333333,-87.663612,1498,1511,526,523,953,953,3009,1906,1049
"678","TA1307000038","Sedgwick St & North Ave",41.9114181666667,-87.63872,1869,1845,547,535,1264,1242,3714,2506,1082
"679","TA1307000039","Clark St & Elm St",41.9028738333333,-87.6316866666667,4405,4334,1461,1434,2850,2837,8739,5687,2895
"680","TA1307000041","DuSable Lake Shore Dr & Wellington Ave",41.9366884494997,-87.6368290185928,1870,1909,507,514,1308,1320,3779,2628,1021
"681","TA1307000044","Clinton St & 18th St",41.85795,-87.640826,340,369,121,128,204,222,709,426,249
"682","TA1307000048","Fort Dearborn Dr & 31st St",41.838556,-87.608218,648,616,111,94,448,424,1264,872,205
"683","TA1307000052","Sheffield Ave & Wellington Ave",41.9362876666667,-87.6515985,1749,1754,504,485,1216,1243,3503,2459,989
"684","TA1307000061","State St & Pearson St",41.897448,-87.628722,1540,1435,548,508,920,848,2975,1768,1056
"685","TA1307000062","Sedgwick St & Huron St",41.894666,-87.638437,1741,1496,620,516,1093,957,3237,2050,1136
"686","TA1307000064","Lincoln Ave & Diversey Pkwy",41.932225,-87.658617,1916,1883,548,539,1337,1303,3799,2640,1087
"687","TA1307000066","Damen Ave & Coulter St",41.8491768333333,-87.6756575,81,88,35,33,44,51,169,95,68
"688","TA1307000070","Damen Ave & Thomas St (Augusta Blvd)",41.901315,-87.677409,806,738,341,302,448,416,1544,864,643
"689","TA1307000107","Sheridan Rd & Montrose Ave",41.96167,-87.65464,1671,1708,612,617,1025,1055,3379,2080,1229
"690","TA1307000111","Franklin St & Lake St",41.8857028333333,-87.6356261666667,1831,1645,792,699,982,890,3476,1872,1491
"691","TA1307000113","Southport Ave & Wrightwood Ave",41.9286996666667,-87.6639191666667,1411,1472,529,530,835,904,2883,1739,1059
"692","TA1307000115","Clybourn Ave & Division St",41.904565,-87.6404041666667,777,766,250,245,512,513,1543,1025,495
"693","TA1307000117","Wabash Ave & Grand Ave",41.891466,-87.626761,3324,3283,1126,1094,2039,1966,6607,4005,2220
"694","TA1307000119","Clarendon Ave & Leland Ave",41.967968,-87.650001,739,692,285,284,433,393,1431,826,569
"695","TA1307000120","Green St & Madison St",41.8819346666667,-87.6486238333333,3036,3146,1101,1099,1883,1989,6182,3872,2200
"696","TA1307000121","Halsted St & Polk St",41.8717765,-87.6466676666667,1581,1611,429,430,1131,1153,3192,2284,859
"697","TA1307000124","Michigan Ave & 14th St",41.864059,-87.623727,1645,1620,558,541,1005,1014,3265,2019,1099
"698","TA1307000126","Sheffield Ave & Waveland Ave",41.9491535,-87.6544728333333,1873,1835,663,648,1128,1108,3708,2236,1311
"699","TA1307000127","Clark St & Grace St",41.9509328333333,-87.6591906666667,1756,1736,655,641,1054,1052,3492,2106,1296
"700","TA1307000128","Dearborn Pkwy & Delaware Pl",41.898969,-87.629912,2452,2482,806,816,1592,1602,4934,3194,1622
"701","TA1307000129","State St & 35th St",41.8309971666667,-87.6268461666667,518,583,134,134,357,433,1101,790,268
"702","TA1307000130","Morgan St & Polk St",41.871737,-87.65103,1658,1704,426,438,1196,1236,3362,2432,864
"703","TA1307000131","Wabash Ave & Wacker Pl",41.886875,-87.62603,1626,1606,478,465,915,940,3232,1855,943
"704","TA1307000134","Wilton Ave & Belmont Ave",41.9400478333333,-87.6530028333333,3118,3106,1058,1064,1980,1969,6224,3949,2122
"705","TA1307000136","Clark St & Wellington Ave",41.9364968219,-87.6475386582,1982,2002,594,597,1344,1360,3984,2704,1191
"706","TA1307000138","Lincoln Ave & Roscoe St",41.9434596666667,-87.6707808333333,1303,1324,468,475,803,818,2627,1621,943
"707","TA1307000139","MLK Jr Dr & 29th St",41.842052,-87.617,1006,926,234,220,754,694,1932,1448,454
"708","TA1307000140","Western Ave & Leland Ave",41.966399801841,-87.6887042820454,694,737,271,277,404,437,1431,841,548
"709","TA1307000142","Clark St & Drummond Pl",41.931248,-87.644336,2551,2562,743,732,1734,1768,5113,3502,1475
"710","TA1307000143","Sedgwick St & Schiller St",41.907626,-87.638566,668,561,225,191,432,359,1229,791,416
"711","TA1307000144","Wolcott (Ravenswood) Ave & Montrose Ave",41.961406,-87.676169,565,558,248,244,299,307,1123,606,492
"712","TA1307000149","Ravenswood Ave & Irving Park Rd",41.95469,-87.67393,677,668,230,231,429,412,1345,841,461
"713","TA1307000150","Pine Grove Ave & Waveland Ave",41.9494727408833,-87.6464527845383,1970,1954,581,576,1348,1322,3924,2670,1157
"714","TA1307000151","Wells St & Hubbard St",41.8901003333333,-87.6342685,2681,2607,954,920,1663,1636,5288,3299,1874
"715","TA1307000153","Emerald Ave & 28th St",41.8435788333333,-87.6453601666667,314,315,53,48,247,257,629,504,101
"716","TA1307000156","Lincoln Ave & Sunnyside Ave",41.963004,-87.684781,610,665,193,196,395,446,1275,841,389
"717","TA1307000158","Damen Ave & Leland Ave",41.967096,-87.6790351666667,627,604,238,229,382,361,1231,743,467
"718","TA1307000159","Paulina St & 18th St",41.8579151666667,-87.6687181666667,455,505,175,177,255,307,960,562,352
"719","TA1307000160","Prairie Ave & Garfield Blvd",41.7948651666667,-87.6188488333333,164,133,62,52,93,75,297,168,114
"720","TA1307000161","Halsted St & 37th St",41.827059,-87.64572,76,101,42,42,30,53,177,83,84
"721","TA1307000163","Clifton Ave & Armitage Ave",41.91819,-87.6569103333333,1314,1345,463,459,838,857,2659,1695,922
"722","TA1307000164","Woodlawn Ave & 55th St",41.795286,-87.5964816666667,1235,1126,269,253,940,833,2361,1773,522
"723","TA1307000166","Halsted St & Willow St",41.913865,-87.648755,1302,1220,460,461,820,737,2522,1557,921
"724","TA1308000001","Theater on the Lake",41.926265,-87.631032,2508,2501,492,448,1733,1766,5009,3499,940
"725","TA1308000002","Greenwood Ave & 47th St",41.809835,-87.599383,208,204,75,71,118,116,412,234,146
"726","TA1308000005","Leavitt St & North Ave",41.910509366664,-87.6823890209198,744,706,315,286,409,398,1450,807,601
"727","TA1308000006","Damen Ave & Grand Ave",41.8912643464815,-87.676842212677,637,713,291,314,323,381,1350,704,605
"728","TA1308000007","MLK Jr Dr & 47th St",41.809851,-87.616279,54,53,22,21,29,29,107,58,43
"729","TA1308000009","Shore Dr & 55th St",41.795212,-87.580715,1321,1282,365,348,894,874,2603,1768,713
"730","TA1308000012","Montrose Harbor",41.963982,-87.638181,1029,966,237,217,633,620,1995,1253,454
"731","TA1308000013","Halsted St & Archer Ave",41.847203,-87.646795,192,185,57,56,126,116,377,242,113
"732","TA1308000014","Normal Ave & Archer Ave",41.849527,-87.640591,147,151,32,29,109,113,298,222,61
"733","TA1308000019","Racine Ave & Belmont Ave",41.939743,-87.658865,1708,1735,607,618,1061,1083,3443,2144,1225
"734","TA1308000021","Winthrop Ave & Lawrence Ave",41.9688665,-87.6575623333333,792,724,311,297,467,404,1516,871,608
"735","TA1308000022","Pine Grove Ave & Irving Park Rd",41.9543925,-87.6480006666667,1413,1379,480,483,900,838,2792,1738,963
"736","TA1308000023","Cottage Grove Ave & 43rd St",41.816499,-87.606582,56,49,22,24,34,24,105,58,46
"737","TA1308000026","Wentworth Ave & 24th St (Temp)",41.8500355,-87.6321153333333,224,292,59,65,151,199,516,350,124
"738","TA1308000029","Stetson Ave & South Water St",41.886835,-87.62232,1449,1275,548,496,810,677,2724,1487,1044
"739","TA1308000031","Logan Blvd & Elston Ave",41.929465,-87.684158,858,944,461,469,366,440,1802,806,930
"740","TA1308000035","Lake Park Ave & 47th St",41.809443,-87.591875,222,217,79,76,130,123,439,253,155
"741","TA1308000036","Indiana Ave & 31st St",41.8388176666667,-87.6218613333333,560,530,135,127,421,388,1090,809,262
"742","TA1308000038","Cottage Grove Ave & Oakwood Blvd",41.8229663333333,-87.6071193333333,111,112,47,46,51,50,223,101,93
"743","TA1308000043","Halsted St & 35th St",41.830661,-87.647172,221,251,111,117,100,117,472,217,228
"744","TA1308000045","Wallace St & 35th St",41.8346535940716,-87.6412305235863,261,253,70,71,183,176,514,359,141
"745","TA1308000046","Morgan St & 31st St",41.8378,-87.65114,411,443,183,184,210,244,854,454,367
"746","TA1308000047","Southport Ave & Clark St",41.957088,-87.6641618333333,360,337,98,95,253,232,697,485,193
"747","TA1308000049","Wells St & Evergreen Ave",41.906724,-87.63483,2943,2916,1028,1019,1844,1811,5859,3655,2047
"748","TA1308000050","Wells St & Concord Ln",41.912133,-87.634656,4601,4608,1743,1738,2753,2787,9209,5540,3481
"749","TA1309000001","Halsted St & Maxwell St",41.864883,-87.647071,1223,1273,425,425,764,822,2496,1586,850
"750","TA1309000002","Michigan Ave & Jackson Blvd",41.87785,-87.62408,1422,1237,377,315,829,727,2659,1556,692
"751","TA1309000003","Western Ave & 24th St",41.8484718333333,-87.6851788333333,113,118,63,61,48,57,231,105,124
"752","TA1309000004","LaSalle St & Jackson Blvd",41.878166,-87.631929,1297,1282,516,508,736,732,2579,1468,1024
"753","TA1309000006","Larrabee St & Armitage Ave",41.918074,-87.643774,1194,1182,394,382,770,760,2376,1530,776
"754","TA1309000007","Franklin St & Monroe St",41.880317,-87.635185,1508,1426,725,694,711,674,2934,1385,1419
"755","TA1309000008","Franklin St & Adams St (Temp)",41.8794340914001,-87.6355040073395,1219,1117,406,398,735,616,2336,1351,804
"756","TA1309000010","Wabash Ave & 9th St",41.8706546666667,-87.6257905,1870,1821,532,516,1230,1197,3691,2427,1048
"757","TA1309000011","Ellis Ave & 58th St",41.788601,-87.6011983333333,1475,1513,224,218,1225,1267,2988,2492,442
"758","TA1309000012","Damen Ave & Sunnyside Ave",41.9632648333333,-87.679338,393,356,124,118,255,226,749,481,242
"759","TA1309000014","Clark St & Leland Ave",41.967096,-87.667429,995,928,402,390,565,519,1923,1084,792
"760","TA1309000015","Leavitt St & Lawrence Ave",41.968885,-87.684001,362,361,143,145,212,208,723,420,288
"761","TA1309000018","Ravenswood Ave & Berteau Ave",41.957921,-87.673567,429,442,161,163,263,275,871,538,324
"762","TA1309000019","Lakeview Ave & Fullerton Pkwy",41.925858,-87.638973,2579,2580,817,806,1634,1646,5159,3280,1623
"763","TA1309000021","Paulina St & Montrose Ave",41.961507,-87.671387,380,352,141,148,227,198,732,425,289
"764","TA1309000023","Sheffield Ave & Wrightwood Ave",41.9287193333333,-87.6538088333333,1929,1906,604,601,1282,1250,3835,2532,1205
"765","TA1309000024","Clark St & Schiller St",41.9079795,-87.631663,2386,2347,736,732,1598,1549,4733,3147,1468
"766","TA1309000025","Halsted St & Roscoe St",41.943721,-87.6489358333333,2540,2543,1099,1097,1388,1373,5083,2761,2196
"767","TA1309000026","Lincoln Ave & Belle Plaine Ave",41.9560035507855,-87.6801614463329,623,667,262,265,342,385,1290,727,527
"768","TA1309000027","Sheridan Rd & Buena Ave",41.958494,-87.654966,984,931,352,340,609,570,1915,1179,692
"769","TA1309000029","Leavitt St & Armitage Ave",41.9177741666667,-87.6824951666667,635,631,297,301,315,302,1266,617,598
"770","TA1309000030","Southport Ave & Clybourn Ave",41.920771,-87.663712,1084,1179,414,418,646,727,2263,1373,832
"771","TA1309000032","Elston Ave & Wabansia Ave",41.9129406666667,-87.6641783333333,388,425,129,124,250,288,813,538,253
"772","TA1309000033","Sheffield Ave & Webster Ave",41.921735,-87.6539005,1915,1948,637,644,1227,1263,3863,2490,1281
"773","TA1309000035","Clark St & Winnemac Ave",41.973347640473,-87.6678554713726,1525,1491,629,623,854,831,3016,1685,1252
"774","TA1309000036","Burling St & Diversey Pkwy",41.9330535,-87.6476708333333,1618,1682,486,492,1104,1156,3300,2260,978
"775","TA1309000037","Kimbark Ave & 53rd St",41.799568,-87.594747,2032,2011,474,456,1503,1511,4043,3014,930
"776","TA1309000039","DuSable Lake Shore Dr & Diversey Pkwy",41.9326056666667,-87.63636,1717,1731,426,425,1214,1215,3448,2429,851
"777","TA1309000041","Sheridan Rd & Lawrence Ave",41.969517,-87.654691,754,732,282,284,455,430,1486,885,566
"778","TA1309000042","Lincoln Ave & Belmont Ave",41.939401,-87.6682168333333,1329,1306,440,435,866,854,2635,1720,875
"779","TA1309000043","Southport Ave & Irving Park Rd",41.954177,-87.664358,942,891,252,238,675,639,1833,1314,490
"780","TA1309000049","DuSable Lake Shore Dr & Belmont Ave",41.940775,-87.639192,1864,1904,575,578,1206,1246,3768,2452,1153
"781","TA1309000050","Lincoln Ave & Addison St",41.946176,-87.673308,362,390,138,132,212,245,752,457,270
"782","TA1309000051","Commercial Ave & 83rd St",41.744615,-87.551208,9,8,4,4,4,3,17,7,8
"783","TA1309000053","Cottage Grove Ave & 47th St",41.809855,-87.606755,131,139,41,38,87,96,270,183,79
"784","TA1309000055","Emerald Ave & 31st St",41.838215,-87.6450728333333,621,664,187,186,423,466,1285,889,373
"785","TA1309000058","Lincoln Ave & Fullerton Ave",41.924161,-87.64638,2107,2124,701,713,1349,1350,4231,2699,1414
"786","TA1309000059","Racine Ave & Wrightwood Ave",41.928887,-87.658971,935,994,252,270,671,711,1929,1382,522
"787","TA1309000061","Halsted St & Wrightwood Ave",41.9292155,-87.6490846666667,2212,2184,654,645,1504,1494,4396,2998,1299
"788","TA1309000063","Lake Park Ave & 56th St",41.793242,-87.587782,861,852,162,165,669,665,1713,1334,327
"789","TA1309000064","Wolcott Ave & Polk St",41.871262,-87.673688,1113,1104,359,331,750,769,2217,1519,690
"790","TA1309000066","Ravenswood Ave & Lawrence Ave",41.96909,-87.674237,1427,1442,625,632,782,786,2869,1568,1257
"791","TA1309000067","Cottage Grove Ave & 51st St",41.8029966666667,-87.6066176666667,95,80,22,21,70,55,175,125,43
"792","WL-008","Clinton St & Roosevelt Rd",41.867118,-87.641088,981,1013,409,415,519,547,1994,1066,824
"793","WL-011","Jefferson St & Monroe St",41.8794469473565,-87.6426815986633,871,757,305,251,551,490,1628,1041,556
"794","WL-012","Clinton St & Washington Blvd",41.88338,-87.64117,2517,2526,966,976,1515,1508,5043,3023,1942
