"","station_id","station_name","lat","long","start_n","end_n","e_start_n","e_end_n","c_start_n","c_end_n","total","classic","electric"
"1","","",41.8,-87.59,80093,86387,80093,85154,0,0,166480,0,165247
"2","13001","Michigan Ave & Washington St",41.8839840647265,-87.6246839761734,3457,3174,711,627,2163,2022,6631,4185,1338
"3","13006","LaSalle St & Washington St",41.882834,-87.6326123333333,1079,1101,326,331,704,715,2180,1419,657
"4","13008","Millennium Park",41.8810317,-87.62408432,6176,6166,1176,1119,3534,3548,12342,7082,2295
"5","13011","Canal St & Adams St",41.8793295,-87.6395606666667,1987,1738,557,469,1303,1133,3725,2436,1026
"6","13016","St. Clair St & Erie St",41.8941315,-87.6224613333333,3683,3693,901,885,2433,2448,7376,4881,1786
"7","13017","Franklin St & Chicago Ave",41.8967469730938,-87.6356676220894,2021,1772,476,434,1462,1278,3793,2740,910
"8","13021","Clinton St & Lake St",41.885637,-87.641823,2370,2344,691,682,1603,1585,4714,3188,1373
"9","13022","Streeter Dr & Grand Ave",41.892278,-87.612043,14072,14036,2389,2269,8670,8344,28108,17014,4658
"10","13028","900 W Harrison St",41.874754,-87.649807,841,819,162,154,638,631,1660,1269,316
"11","13029","Field Museum",41.8652743333333,-87.6182805,934,805,180,147,555,477,1739,1032,327
"12","13033","Milwaukee Ave & Grand Ave",41.891578,-87.648384,2725,2652,830,792,1739,1715,5377,3454,1622
"13","13034","Michigan Ave & Pearson St",41.89766,-87.62351,1886,1838,386,371,1228,1190,3724,2418,757
"14","13036","Michigan Ave & Madison St",41.882134,-87.625125,1544,1532,377,373,933,985,3076,1918,750
"15","13037","Clinton St & Tilden St",41.875885,-87.640795,480,427,134,93,316,312,907,628,227
"16","13042","Michigan Ave & Oak St",41.90096,-87.623777,7245,7222,1412,1368,4633,4605,14467,9238,2780
"17","13045","Dearborn St & Erie St",41.893992,-87.629318,4257,4233,1128,1116,2936,2915,8490,5851,2244
"18","13050","State St & Kinzie St",41.889187,-87.627754,3016,2944,773,751,1937,1895,5960,3832,1524
"19","13053","Green St & Randolph St",41.883668,-87.64867,2808,2788,672,664,1976,1964,5596,3940,1336
"20","13056","Canal St & Monroe St",41.88169,-87.63953,1173,925,322,252,781,631,2098,1412,574
"21","13058","Dayton St & North Ave",41.9105780349,-87.6494219288,1775,1722,519,498,1171,1157,3497,2328,1017
"22","13059","Bissell St & Armitage Ave",41.91844,-87.65222,2941,3015,711,704,2098,2193,5956,4291,1415
"23","13061","Ashland Ave & Division St",41.9035098333333,-87.6678091666667,3343,3302,958,937,2214,2199,6645,4413,1895
"24","13063","Sheridan Rd & Irving Park Rd",41.9542928333333,-87.6544556666667,1913,1942,503,499,1405,1365,3855,2770,1002
"25","13068","Western Ave & Winnebago Ave",41.91552,-87.687022,1204,1222,416,410,703,735,2426,1438,826
"26","13071","Southport Ave & Roscoe St",41.943739,-87.66402,2644,2696,696,701,1816,1884,5340,3700,1397
"27","13073","Ashland Ave & Lake St",41.88592,-87.66717,533,549,144,141,357,389,1082,746,285
"28","13074","Broadway & Wilson - Truman College Vaccination Site",41.9652598333333,-87.6584305,1242,1302,339,337,832,896,2544,1728,676
"29","13075","Wentworth Ave & Cermak Rd",41.8530845574128,-87.6319313049316,1160,1162,226,218,750,770,2322,1520,444
"30","13080","Hermitage Ave & Polk St",41.871514,-87.669886,27,28,0,0,0,0,55,0,0
"31","13081","Ogden Ave & Congress Pkwy",41.87501,-87.67328,264,241,84,80,174,145,505,319,164
"32","13083","Indiana Ave & 40th St",41.82168,-87.6216,74,62,26,24,46,35,136,81,50
"33","13084","California Ave & Milwaukee Ave",41.9226795,-87.6971663333333,1538,1546,653,642,779,791,3084,1570,1295
"34","13085","Kedzie Ave & Milwaukee Ave",41.9296856666667,-87.708071,1543,1659,697,693,711,819,3202,1530,1390
"35","13089","Damen Ave & Cullerton St",41.854938,-87.6757026666667,380,385,130,124,232,232,765,464,254
"36","13091","Western Ave & 21st St",41.854109,-87.685838,297,305,138,139,140,153,602,293,277
"37","13096","California Ave & 21st St",41.8538040657915,-87.6957423985004,150,153,56,57,91,92,303,183,113
"38","13099","Halsted St & 18th St",41.8576536666667,-87.6461083333333,449,443,137,130,291,290,892,581,267
"39","13102","Calumet Ave & 18th St",41.8575758333333,-87.6194228333333,1306,1314,306,295,893,905,2620,1798,601
"40","13108","Broadway & Argyle St",41.973815,-87.65966,1188,1177,325,319,810,790,2365,1600,644
"41","13109","Broadway & Berwyn Ave",41.978353,-87.659753,1112,1106,266,265,772,771,2218,1543,531
"42","13124","Cannon Dr & Fullerton Ave",41.9267559875,-87.6344287848,1343,1364,210,197,821,879,2707,1700,407
"43","13128","Clark St & North Ave",41.911974,-87.631942,2074,2017,402,385,1485,1473,4091,2958,787
"44","13132","Damen Ave & Chicago Ave",41.895769,-87.67722,1588,1606,505,506,983,1025,3194,2008,1011
"45","13133","Damen Ave & Cortland St",41.915983,-87.677335,1758,1765,487,479,1193,1174,3523,2367,966
"46","13134","Damen Ave & Madison St",41.88137,-87.67493,314,323,65,59,218,238,637,456,124
"47","13135","Blue Island Ave & 18th St",41.857556,-87.661535,704,717,187,190,470,461,1421,931,377
"48","13136","Damen Ave & Division St",41.903266,-87.678435,1475,1452,433,420,959,965,2927,1924,853
"49","13137","Broadway & Barry Ave",41.9375823160063,-87.6440978050232,3968,4045,915,915,2880,2921,8013,5801,1830
"50","13138","Canal St & Jackson Blvd",41.877245,-87.639366,711,659,252,237,420,373,1370,793,489
"51","13139","Throop St & Taylor St",41.868968,-87.659141,789,799,185,179,580,585,1588,1165,364
"52","13143","Damen Ave & Melrose Ave",41.9406,-87.6785,530,546,179,173,326,334,1076,660,352
"53","13144","Seeley Ave & Roscoe St",41.943403,-87.679618,750,752,251,246,438,456,1502,894,497
"54","13146","Clark St & Armitage Ave",41.918306,-87.636282,4826,4706,1082,1057,3387,3269,9532,6656,2139
"55","13150","Michigan Ave & 18th St",41.857813,-87.62455,1283,1285,327,319,873,888,2568,1761,646
"56","13154","Sheffield Ave & Kingsbury St",41.9106163333333,-87.6532405,1798,1796,450,444,1282,1299,3594,2581,894
"57","13155","Racine Ave & Randolph St",41.884069,-87.656853,709,716,200,192,474,498,1425,972,392
"58","13156","Aberdeen St & Monroe St",41.880419,-87.655519,1467,1462,281,277,1051,1117,2929,2168,558
"59","13157","Aberdeen St & Jackson Blvd",41.8777056666667,-87.654853,1436,1459,331,329,1041,1081,2895,2122,660
"60","13158","Peoria St & Jackson Blvd",41.8776415962753,-87.6496177911758,2060,2059,479,478,1502,1507,4119,3009,957
"61","13160","May St & Taylor St",41.8694821,-87.6554864,1115,1106,201,202,844,844,2221,1688,403
"62","13162","Halsted St & 21st St",41.853808,-87.6465993333333,243,240,55,53,168,165,483,333,108
"63","13163","Morgan St & 18th St",41.8580638333333,-87.651078,554,547,166,164,339,346,1101,685,330
"64","13164","Racine Ave & 18th St",41.858166,-87.656495,884,875,235,230,593,599,1759,1192,465
"65","13165","Racine Ave & 13th St",41.8650225,-87.6570446666667,169,169,47,43,110,117,338,227,90
"66","13179","Clark St & Lincoln Ave",41.915689,-87.6346,5415,5371,1194,1167,3841,3818,10786,7659,2361
"67","13191","Sedgwick St & Webster Ave",41.922167,-87.638888,2072,2014,524,509,1473,1399,4086,2872,1033
"68","13192","Halsted St & Dickens Ave",41.919936,-87.64883,2449,2510,602,600,1726,1799,4959,3525,1202
"69","13193","Larrabee St & Webster Ave",41.921822,-87.64414,4162,4124,966,952,2967,2935,8286,5902,1918
"70","13194","Ogden Ave & Race Ave",41.8918338333333,-87.65882,1399,1423,418,415,929,955,2822,1884,833
"71","13196","Carpenter St & Huron St",41.894556,-87.653449,1356,1262,450,416,855,806,2618,1661,866
"72","13197","Elizabeth (May) St & Fulton St",41.8866164860277,-87.6580399274826,760,770,195,196,533,550,1530,1083,391
"73","13206","Loomis St & Jackson Blvd",41.877945,-87.662007,768,766,142,141,593,584,1534,1177,283
"74","13213","State St & 29th St",41.841707,-87.626938,113,102,22,18,70,66,215,136,40
"75","13215","Rhodes Ave & 32nd St",41.8366695,-87.613482,581,580,144,143,384,377,1161,761,287
"76","13216","State St & 33rd St",41.834734,-87.625813,811,817,136,136,641,659,1628,1300,272
"77","13217","Calumet Ave & 33rd St",41.8349,-87.61793,537,547,78,78,438,452,1084,890,156
"78","13221","Wood St & Milwaukee Ave",41.907655,-87.672552,2275,2266,711,705,1446,1452,4541,2898,1416
"79","13224","Ashland Ave & Blackhawk St",41.907066,-87.667252,1456,1463,392,389,1014,1030,2919,2044,781
"80","13229","Southport Ave & Belmont Ave",41.939454,-87.6638088333333,1372,1382,346,349,968,973,2754,1941,695
"81","13235","Southport Ave & Waveland Ave",41.94815,-87.66394,2514,2521,689,663,1712,1750,5035,3462,1352
"82","13241","Western Ave & Division St",41.902893,-87.687275,710,687,262,233,416,416,1397,832,495
"83","13242","Milwaukee Ave & Rockwell St",41.9201955620057,-87.6926591992378,657,699,240,242,397,428,1356,825,482
"84","13243","Milwaukee Ave & Wabansia Ave",41.912616,-87.681391,1864,1856,540,521,1213,1229,3720,2442,1061
"85","13245","Claremont Ave & Hirsch St",41.907781,-87.685854,327,325,70,67,246,240,652,486,137
"86","13247","Ashland Ave & Chicago Ave",41.895966,-87.667747,1252,1254,394,386,820,822,2506,1642,780
"87","13248","Ashland Ave & Augusta Blvd",41.899643,-87.6677,1072,1062,273,270,772,755,2134,1527,543
"88","13249","Ashland Ave & Belle Plaine Ave",41.956057,-87.668835,381,392,112,115,246,252,773,498,227
"89","13253","Lincoln Ave & Waveland Ave",41.948797,-87.675278,668,678,186,185,433,461,1346,894,371
"90","13256","California Ave & Division St",41.9030233333333,-87.6975021666667,509,525,169,171,285,306,1034,591,340
"91","13257","Campbell Ave & North Ave",41.910535,-87.689556,837,845,336,330,455,478,1682,933,666
"92","13258","California Ave & North Ave",41.9103088333333,-87.6972381666667,638,626,222,207,383,368,1264,751,429
"93","13259","California Ave & Francis Pl (Temp)",41.9186315,-87.6974966666667,616,609,280,283,319,306,1225,625,563
"94","13263","Columbus Dr & Randolph St",41.884728,-87.619521,3590,2938,939,786,2224,1808,6528,4032,1725
"95","13265","Kingsbury St & Erie St",41.8938080562436,-87.6416972279549,2629,2551,743,704,1819,1761,5180,3580,1447
"96","13266","Stave St & Armitage Ave",41.9177608333333,-87.6915125,713,709,342,335,337,341,1422,678,677
"97","13268","Damen Ave & Wellington Ave",41.9358438333333,-87.6784971666667,793,826,301,309,453,480,1619,933,610
"98","13269","Ashland Ave & Wellington Ave",41.936083,-87.669807,786,814,196,193,545,577,1600,1122,389
"99","13271","Damen Ave & Clybourn Ave",41.931931,-87.677856,747,788,232,229,494,498,1535,992,461
"100","13276","Stockton Dr & Wrightwood Ave",41.93132,-87.638742,2788,2774,600,598,2005,2008,5562,4013,1198
"101","13277","Broadway & Belmont Ave",41.940106,-87.645451,2291,2330,505,498,1665,1685,4621,3350,1003
"102","13278","Broadway & Cornelia Ave",41.945529,-87.646439,2896,2912,725,718,2027,2059,5808,4086,1443
"103","13285","Wood St & Taylor St (Temp)",41.8692652184382,-87.6737308502197,728,731,181,200,541,526,1459,1067,381
"104","13288","Damen Ave & Charleston St",41.920082,-87.677855,936,936,268,264,605,609,1872,1214,532
"105","13289","Eckhart Park",41.89637337,-87.66098386,1443,1435,373,363,1024,1025,2878,2049,736
"106","13290","Noble St & Milwaukee Ave",41.9007728333333,-87.6626586666667,1222,1220,323,308,832,856,2442,1688,631
"107","13292","Kedzie Ave & Palmer Ct",41.9214696666667,-87.7073498333333,582,563,224,227,328,294,1145,622,451
"108","13294","Greenview Ave & Diversey Pkwy",41.9325896342979,-87.6659363508224,980,960,255,252,698,678,1940,1376,507
"109","13296","Ashland Ave & Wrightwood Ave",41.92883,-87.668507,1011,1015,265,259,691,708,2026,1399,524
"110","13300","Lake Shore Dr & Monroe St",41.880958,-87.616743,6935,6628,1131,1045,4051,4028,13563,8079,2176
"111","13303","Clark St & Chicago Ave",41.89675,-87.63089,2071,2050,508,511,1449,1445,4121,2894,1019
"112","13304","Racine Ave & 15th St",41.861267,-87.656625,357,372,69,68,268,275,729,543,137
"113","13307","Laflin St & Cullerton St",41.8549145757657,-87.6635599136353,298,296,64,59,211,217,594,428,123
"114","13319","Ashland Ave & Grace St",41.950687,-87.6687,1036,1035,294,289,667,690,2071,1357,583
"115","13323","Broadway & Sheridan Rd",41.952833,-87.649993,2017,1969,541,532,1366,1341,3986,2707,1073
"116","13325","Broadway & Waveland Ave",41.949074,-87.648636,2842,2837,692,685,2004,2020,5679,4024,1377
"117","13326","Canal St & Harrison St",41.874255,-87.639573,284,284,64,63,215,202,568,417,127
"118","13331","May St & Cullerton St",41.855136,-87.654127,256,266,65,66,182,184,522,366,131
"119","13332","Loomis St & Lexington St",41.872187,-87.661501,1847,1840,328,323,1475,1473,3687,2948,651
"120","13338","Mies van der Rohe Way & Chicago Ave",41.89691,-87.621743,2136,2083,470,444,1481,1471,4219,2952,914
"121","13341","Canal St & Madison St",41.882091,-87.639833,1719,1643,448,390,1188,1131,3362,2319,838
"122","13345","Calumet Ave & 35th St",41.831379,-87.618034,279,282,60,62,205,209,561,414,122
"123","13353","Ada St & Washington Blvd",41.8828245,-87.6611495,1141,1130,243,237,861,851,2271,1712,480
"124","13354","Ashland Ave & 13th St",41.865234,-87.666507,334,348,66,67,264,274,682,538,133
"125","13379","Clarendon Ave & Gordon Ter",41.9578665241517,-87.6495051383972,1796,1806,503,503,1224,1215,3602,2439,1006
"126","13389","Clarendon Ave & Junior Ter",41.961004,-87.649603,1760,1750,469,460,1206,1195,3510,2401,929
"127","13398","Blackstone Ave & Hyde Park Blvd",41.802544,-87.5905268333333,641,634,181,181,418,404,1275,822,362
"128","13409","Sangamon St & Washington Blvd",41.883165,-87.6511,1453,1428,420,417,980,951,2881,1931,837
"129","13420","MLK Jr Dr & Pershing Rd",41.8245748333333,-87.6167975,216,212,42,40,150,149,428,299,82
"130","13427","Cityfront Plaza Dr & Pioneer Ct",41.890573,-87.622072,1951,1693,441,375,1341,1124,3644,2465,816
"131","13430","LaSalle St & Illinois St",41.890762,-87.631697,3382,3287,867,848,2247,2153,6669,4400,1715
"132","13431","Adler Planetarium",41.866095,-87.607267,2125,2025,429,385,1303,1303,4150,2606,814
"133","13432","Wood St & Hubbard St",41.889899,-87.671473,487,481,127,127,336,335,968,671,254
"134","13434","Ashland Ave & Grand Ave",41.891072,-87.666611,790,797,198,199,542,543,1587,1085,397
"135","15442","Ashland Ave & Archer Ave",41.83920868403,-87.6656098589,112,106,26,26,78,68,218,146,52
"136","15443","Shields Ave & 28th Pl",41.842733,-87.635491,191,197,66,66,116,126,388,242,132
"137","15445","Wentworth Ave & 33rd St",41.83452988563,-87.6318229814,354,356,56,57,274,280,710,554,113
"138","15446","Racine Ave & 35th St",41.83069611252,-87.6559759116,154,142,45,43,101,91,296,192,88
"139","15449","State St & Pershing Rd",41.82301523798,-87.6265680185,41,42,17,17,22,25,83,47,34
"140","15470","Calumet Ave & 51st St",41.80229465088,-87.6180535802,211,193,82,76,109,102,404,211,158
"141","15491","63rd St Beach",41.780910964248,-87.5763237476349,459,468,59,52,266,291,927,557,111
"142","15529","Mies van der Rohe Way & Chestnut St",41.8987098333333,-87.6224146666667,2673,2621,611,593,1804,1775,5294,3579,1204
"143","15530","Rush St & Superior St",41.89576474564,-87.6259080327,2855,2854,690,690,1944,1947,5709,3891,1380
"144","15534","Field Blvd & South Water St",41.886349,-87.617517,1741,1730,599,588,942,977,3471,1919,1187
"145","15535","Desplaines St & Randolph St",41.88461618962,-87.6445705849,2023,1975,521,495,1387,1380,3998,2767,1016
"146","15539","Desplaines St & Jackson Blvd",41.876678987795,-87.6441460847855,1091,1063,223,220,836,808,2154,1644,443
"147","15541","Buckingham Fountain",41.876511228817,-87.6205480098724,3374,2929,739,578,1828,1542,6303,3370,1317
"148","15542","Clinton St & Polk St",41.871467,-87.640949,153,138,30,27,101,96,291,197,57
"149","15544","Shedd Aquarium",41.86722595682,-87.6153553902,3871,3753,712,651,2116,2187,7624,4303,1363
"150","15545","Burnham Harbor",41.856268,-87.613348,2184,2169,313,296,1686,1694,4353,3380,609
"151","15546","Calumet Ave & 21st St",41.8541446666667,-87.619024,505,504,138,135,311,319,1009,630,273
"152","15550","Canal St & Taylor St",41.870257,-87.639474,675,673,119,116,502,503,1348,1005,235
"153","15571","Broadway & Granville Ave",41.9947796884,-87.6602845349,1015,1122,295,301,640,732,2137,1372,596
"154","15575","Broadway & Thorndale Ave",41.989743,-87.660141,1000,1061,261,265,686,724,2061,1410,526
"155","15578","Broadway & Ridge Ave",41.9840348333333,-87.6602276666667,854,835,226,220,564,577,1689,1141,446
"156","15585","Budlong Woods Library",41.98366470886,-87.6964225611,107,130,41,40,63,80,237,143,81
"157","15597","Halsted St & 69th St",41.76906172032,-87.6446135779,14,11,2,1,5,6,25,11,3
"158","15599","Calumet Ave & 71st St",41.765508,-87.616918,21,15,7,5,7,9,36,16,12
"159","15615","Christiana Ave & Lawrence Ave",41.9683551666667,-87.7117721666667,219,233,110,109,109,116,452,225,219
"160","15621","Albany Ave & Montrose Ave",41.961041,-87.705866,271,271,135,128,123,130,542,253,263
"161","15622","California Ave & Montrose Ave",41.9611196666667,-87.6954656666667,401,431,143,145,212,233,832,445,288
"162","15623","Campbell Ave & Montrose Ave",41.96152593287,-87.6911650414,358,399,159,161,197,226,757,423,320
"163","15624","Avondale Ave & Irving Park Rd",41.953393,-87.732002,196,145,88,74,98,59,341,157,162
"164","15628","California Ave & Byron St",41.9521338333333,-87.6980706666667,277,297,106,114,151,162,574,313,220
"165","15631","Troy St & Elston Ave",41.94524356848,-87.7066499009,322,331,115,111,188,202,653,390,226
"166","15632","Talman Ave & Addison St",41.9466135,-87.694711,406,423,151,151,227,247,829,474,302
"167","15634","Western Ave & Roscoe St",41.9430263333333,-87.6873045,309,325,95,94,201,211,634,412,189
"168","15640","Avers Ave & Belmont Ave",41.939419,-87.7235675,249,239,102,101,125,120,488,245,203
"169","15642","California Ave & Fletcher St",41.938421,-87.698104,483,561,203,209,245,311,1044,556,412
"170","15643","Kosciuszko Park",41.93058537138,-87.7237773635,263,278,112,108,116,136,541,252,220
"171","15644","Central Park Ave & Elbridge Ave",41.9353658333333,-87.7168328333333,223,241,100,101,120,123,464,243,201
"172","15645","Richmond St & Diversey Ave",41.93190196886,-87.7011951301,286,309,126,120,142,166,595,308,246
"173","15646","California Ave & Altgeld St",41.926679,-87.6977761666667,599,644,268,266,306,345,1243,651,534
"174","15648","Campbell Ave & Fullerton Ave",41.92463247165,-87.6893070063,509,527,212,205,264,298,1036,562,417
"175","15650","Spaulding Ave & Armitage Ave",41.9171080347893,-87.7102209627628,464,515,176,172,244,303,979,547,348
"176","15651","Humboldt Blvd & Armitage Ave",41.9175655,-87.7018745,854,847,364,371,424,418,1701,842,735
"177","15652","Central Park Ave & North Ave",41.909657,-87.716632,181,185,83,80,69,82,366,151,163
"178","15653","Troy St & North Ave",41.909769,-87.70528,386,396,134,132,194,203,782,397,266
"179","15654","Spaulding Ave & Division St",41.90270659438,-87.709219571,271,274,100,93,137,146,545,283,193
"180","15655","Albany Ave & Bloomingdale Ave",41.914027,-87.705126,642,615,278,279,312,295,1257,607,557
"181","15664","Artesian Ave & Hubbard St",41.8895193333333,-87.6882855,338,306,157,153,172,143,644,315,310
"182","15666","California Ave & Lake St",41.8845278333333,-87.6962575,142,136,81,82,56,48,278,104,163
"183","15667","Western Ave & Monroe St",41.8797877089,-87.686112808,291,290,96,96,187,178,581,365,192
"184","15668","Western Ave & Congress Pkwy",41.87474885079,-87.6864452757,354,351,119,116,227,221,705,448,235
"185","15682","Kedzie Ave & Roosevelt Rd",41.8665143333333,-87.7065028333333,43,46,20,14,23,30,89,53,34
"186","15685","Central Park Ave & Ogden Ave",41.8540635038745,-87.7151173353195,65,63,32,28,29,34,128,63,60
"187","15686","Kedzie Ave & 21st St",41.85353363213,-87.7050730318,55,59,18,17,37,40,114,77,35
"188","15687","Central Park Ave & 24th St",41.8481,-87.715068,18,23,9,9,9,10,41,19,18
"189","15689","California Ave & 23rd Pl",41.84910969176,-87.6951398068,109,101,34,30,68,66,210,134,64
"190","15691","Albany Ave & 26th St",41.84447501366,-87.7020130128,49,50,17,18,28,26,99,54,35
"191","15692","California Ave & 26th St",41.84404003127,-87.6952959227,20,20,10,12,10,8,40,18,22
"192","16010","Keystone Ave & Fullerton Ave",41.92459,-87.72785,122,157,67,65,51,76,279,127,132
"193","16806","Bosworth Ave & Howard St",42.019537,-87.669563,121,108,45,43,67,62,229,129,88
"194","16903","Cicero Ave & Lake St",41.886841,-87.745261,17,14,4,2,11,10,31,21,6
"195","16905","Central Ave & Lake St",41.8877188333333,-87.7654535,65,63,28,24,33,36,128,69,52
"196","16906","Austin Blvd & Lake St",41.8879186666667,-87.7744575,95,93,59,56,27,27,188,54,115
"197","16907","Central Park Blvd & 5th Ave",41.8757101666667,-87.7154323333333,61,61,22,24,35,33,122,68,46
"198","16912","Cicero Ave & Flournoy St",41.872131,-87.746619,25,19,13,10,11,9,44,20,23
"199","16913","Cicero Ave & Quincy St",41.877613,-87.745405,8,12,1,1,7,9,20,16,2
"200","16915","Central Ave & Harrison St",41.872993,-87.764499,18,20,7,8,7,9,38,16,15
"201","16916","Central Ave & Madison St",41.880121,-87.763238,48,49,12,12,34,34,97,68,24
"202","16918","Austin Blvd & Madison St",41.880281,-87.774453,54,42,18,17,32,22,96,54,35
"203","16920","Central Ave & Chicago Ave",41.894958,-87.764902,64,62,12,13,46,44,126,90,25
"204","16921","Austin Blvd & Chicago Ave",41.894887,-87.774704,43,44,9,6,24,29,87,53,15
"205","16932","Ashland Ave & Pershing Rd",41.823465,-87.665577,40,44,3,4,33,33,84,66,7
"206","16933","Morgan St & Pershing Rd",41.8236853333333,-87.6509313333333,32,29,6,4,22,23,61,45,10
"207","16937","Ashland Ave & McDowell Ave",41.80887,-87.66454,29,28,8,7,21,21,57,42,15
"208","16940","Ashland Ave & 50th St",41.803023,-87.664699,15,16,4,2,10,13,31,23,6
"209","16943","Ashland Ave & Garfield Blvd",41.792822,-87.664429,10,11,0,0,10,9,21,19,0
"210","16948","Ashland Ave & 63rd St",41.779374,-87.664843,28,26,13,9,14,16,54,30,22
"211","16950","Ashland Ave & 66th St",41.774074,-87.663815,19,19,8,7,10,10,38,20,15
"212","16953","Vincennes Ave & 75th St",41.7579568333333,-87.631219,7,11,2,2,5,9,18,14,4
"213","16970","Bennett Ave & 79th St",41.751785,-87.578496,15,17,1,1,8,9,32,17,2
"214","16991","Milwaukee Ave & Cuyler Ave",41.954468,-87.749594,85,106,41,38,32,51,191,83,79
"215","16994","Kilbourn Ave & Milwaukee Ave",41.9470708941847,-87.7400082349777,35,57,19,19,13,27,92,40,38
"216","17660","California Ave & Cortez St",41.900369,-87.6967545,654,657,231,233,380,376,1311,756,464
"217","18003","Fairbanks St & Superior St",41.8957758333333,-87.6198275,1051,1116,251,247,705,770,2167,1475,498
"218","18016","Bernard St & Elston Ave",41.9498351666667,-87.713947,168,168,89,87,67,63,336,130,176
"219","18017","Central Park Ave & Bloomingdale Ave",41.914166,-87.716755,444,473,108,110,267,295,917,562,218
"220","18022","Archer (Damen) Ave & 37th St",41.826712,-87.683144,69,68,18,15,37,39,137,76,33
"221","18025","Carpenter St & 63rd St",41.77987,-87.650919,5,3,1,1,4,2,8,6,2
"222","18058","Leavitt St & Chicago Ave",41.895501,-87.682017,593,608,143,150,445,435,1201,880,293
"223","18062","Aberdeen St & Randolph St",41.884114,-87.654264,1303,1313,270,269,968,987,2616,1955,539
"224","18067","Walsh Park",41.91461,-87.667968,1254,1144,227,204,940,845,2398,1785,431
"225","18069","Cherry Ave & Blackhawk St",41.907221,-87.655618,217,203,33,28,165,157,420,322,61
"226","20.0","Damen Ave & Wabansia Ave",41.91,-87.68,153,128,153,128,0,0,281,0,281
"227","20101","Summit Ave & 86th St",41.7378076666667,-87.6448921666667,11,9,6,6,5,3,20,8,12
"228","201022","Loomis St & 89th St",41.7323797532955,-87.6580694317818,25,23,18,15,7,8,48,15,33
"229","20103","Prospect Sq & 91st St",41.7279018333333,-87.6677048333333,39,37,18,15,8,8,76,16,33
"230","20104","State St & 95th St",41.7218499,-87.6228544,62,57,27,24,32,29,119,61,51
"231","20105","Halsted St & 96th St",41.7197121836188,-87.6430195569992,17,21,8,11,8,10,38,18,19
"232","20106","Chicago State University",41.7189634216545,-87.6082956790924,13,5,0,0,12,4,18,16,0
"233","20107","Walden Pkwy & 100th St",41.7121955,-87.6676656666667,36,28,21,15,14,11,64,25,36
"234","20108","Hale Ave & 107th St",41.6992001666667,-87.6688781666667,32,32,7,8,17,14,64,31,15
"235","20109","Vernon Ave & 107th St",41.7002038333333,-87.6123098333333,20,23,11,9,8,11,43,19,20
"236","20110","Eberhart Ave & 91st St",41.729263,-87.611697,17,22,2,2,15,17,39,32,4
"237","20112","Indiana Ave & 103rd St",41.70717,-87.618472,20,17,5,5,12,12,37,24,10
"238","20113","Dauphin Ave & 103rd St",41.7073335,-87.6076515,17,18,5,4,6,6,35,12,9
"239","20116","Dauphin Ave & 87th St",41.7364731666667,-87.6012448333333,36,27,22,13,12,13,63,25,35
"240","20118","Eggleston Ave & 92nd St",41.727598,-87.6348543333333,29,23,18,16,11,7,52,18,34
"241","20119","Elizabeth St & 92nd St",41.7267989637012,-87.6542901992798,6,10,2,1,4,9,16,13,3
"242","20120","Stewart Ave & 83rd St",41.7437333333333,-87.6341615,12,6,4,2,8,4,18,12,6
"243","20121","Loomis Blvd & 84th St",41.7414865286181,-87.6584100723267,37,29,20,13,15,14,66,29,33
"244","20123","Western Ave & 104th St",41.7046138333333,-87.6811296666667,22,15,12,7,7,7,37,14,19
"245","20124","Vincennes Ave & 104th St",41.7049255649976,-87.6568681095887,13,9,2,1,7,4,22,11,3
"246","20125","Halsted St & 104th St",41.7051808333333,-87.6424126666667,22,30,12,15,10,14,52,24,27
"247","20126","S Aberdeen St & W 106th St",41.7,-87.65,10,2,10,2,0,0,12,0,12
"248","20127","Halsted St & 111th St",41.6922625558917,-87.6426118612289,18,12,6,3,8,7,30,15,9
"249","20129","Ada St & 113th St",41.687562,-87.655476,17,9,8,2,6,5,26,11,10
"250","20130","Wentworth Ave & 104th St",41.7053079969982,-87.6292169094086,13,15,5,5,8,10,28,18,10
"251","20131","Cottage Grove Ave & 111th Pl",41.6916938333333,-87.6099893333333,23,23,4,4,16,14,46,30,8
"252","20133","Woodlawn & 103rd - Olive Harvey Vaccination Site",41.71,-87.59,13,7,13,7,0,0,20,0,20
"253","20134","Maryland Ave & 104th St",41.71,-87.6,10,7,10,7,0,0,17,0,17
"254","20201","Kedzie Ave & 104th St",41.7,-87.7,12,7,12,7,0,0,19,0,19
"255","20202","W 103rd St & S Avers Ave",41.71,-87.72,8,5,8,5,0,0,13,0,13
"256","20203","Lawndale Ave & 111th St",41.691319,-87.712886,24,22,7,4,10,9,46,19,11
"257","20204","Kedzie Ave & 110th St",41.6923947458756,-87.7009606361389,19,11,12,8,5,3,30,8,20
"258","20205","Western Ave & 111th St",41.691211,-87.681297,27,19,9,8,13,9,46,22,17
"259","20206","Homewood Ave & 115th St",41.684595,-87.670708,23,22,10,3,12,19,45,31,13
"260","20207","Major Taylor Trail & 115th St",41.684931595193,-87.6452887058258,41,39,29,22,12,16,80,28,51
"261","20208","Major Taylor Trail & 124th St",41.6686963533225,-87.6371133327484,19,16,16,13,3,3,35,6,29
"262","20210","State St & 123rd St",41.6706438368798,-87.6225864887238,36,36,27,26,9,9,72,18,53
"263","20211","Eberhart Ave & 131st St",41.6584131511011,-87.6107108969882,12,8,6,4,6,4,20,10,10
"264","20212","Altgeld Gardens",41.656666,-87.598801,22,14,9,6,11,6,36,17,15
"265","20213","Commercial Ave & 130th St",41.6591208333333,-87.5507855,16,15,12,11,3,3,31,6,23
"266","20214","Avenue O & 134th St",41.6519411666667,-87.5396186666667,16,11,16,11,0,0,27,0,27
"267","20215","Hegewisch Metra Station",41.6485796666667,-87.5462183333333,13,8,11,5,2,2,21,4,16
"268","20217","Torrence Ave & 126th Pl",41.6662796666667,-87.5571983333333,4,2,3,2,0,0,6,0,5
"269","20218","Avenue O & 118th St",41.6810014591104,-87.5379312226869,18,14,9,6,9,7,32,16,15
"270","20221","Torrence Ave & 106th St",41.702801,-87.559726,6,2,5,0,0,0,8,0,0
"271","20222","Burnham Greenway & 105th St",41.704575,-87.528232,47,38,29,21,12,12,85,24,50
"272","20223","Ewing Ave & Burnham Greenway",41.7126338333333,-87.5346118333333,16,19,12,15,1,0,35,0,27
"273","20224","Calumet Park",41.71371,-87.530844,94,80,50,37,16,15,174,31,87
"274","20225","Commercial Ave & 100th St",41.7133038333333,-87.5512608333333,26,15,21,5,4,9,41,13,26
"275","20226","Oglesby Ave & 100th St",41.713397,-87.565842,17,19,4,5,5,7,36,12,9
"276","20227","Bradley Park",41.7178443333333,-87.5646176666667,23,16,18,12,5,3,39,8,30
"277","20228","Constance Ave & 95th St",41.722001,-87.5789678333333,13,13,3,4,8,9,26,17,7
"278","20229","Baltimore Ave & 87th St",41.7373356004167,-87.5485146045685,55,50,35,25,16,18,105,34,60
"279","20230","Clyde Ave & 87th St",41.737151,-87.57274,12,7,0,0,10,5,19,15,0
"280","20231","East End Ave & 87th St",41.736815,-87.582801,36,32,19,19,15,11,68,26,38
"281","20232","Big Marsh Park",41.6858866666667,-87.5736545,29,26,24,21,2,2,55,4,45
"282","20233","Halsted St & 78th St",41.7524870124901,-87.6439021574879,13,11,5,5,8,6,24,14,10
"283","20234","Ashland Ave & 78th St",41.7522048494112,-87.663699388504,9,7,3,1,6,5,16,11,4
"284","20235","Greenwood Ave & 91st St",41.7282642681627,-87.5972986221313,9,5,2,2,7,2,14,9,4
"285","20236","Stony Island Ave & 90th St",41.7313953333333,-87.5858105,30,28,7,4,7,10,58,17,11
"286","20237","Yates Blvd & 93rd St",41.726164,-87.5663105,28,21,25,14,1,4,49,5,39
"287","20238","Greenwood Ave & 97th St",41.7186658333333,-87.5969466666667,52,52,34,31,15,18,104,33,65
"288","20239","Marquette Ave & 89th St",41.7336687907147,-87.558342218399,26,24,6,5,18,16,50,34,11
"289","20242","Houston Ave & 92nd St",41.7281805,-87.5495486666667,13,18,7,4,6,13,31,19,11
"290","20243","Michigan Ave & 114th St",41.6870147946712,-87.6210522651672,16,11,2,1,13,9,27,22,3
"291","20244","Halsted St & 73rd St",41.7616661666667,-87.644098,23,21,12,11,7,6,44,13,23
"292","20245","Ashland Ave & 74th St",41.7592360242587,-87.6634740829468,15,16,5,6,10,10,31,20,11
"293","20246.0","N Green St & W Lake St",41.89,-87.65,352,226,352,226,0,0,578,0,578
"294","20247.0","W Washington Blvd & N Peoria St",41.88,-87.65,25,26,25,26,0,0,51,0,51
"295","202480.0","Hampden Ct & Diversey Ave",41.93,-87.64,4,35,4,35,0,0,39,0,39
"296","20249.0","N Clark St & W Elm St",41.9,-87.63,0,0,0,0,0,0,0,0,0
"297","20251.0","N Carpenter St & W Lake St",41.89,-87.65,34,18,34,18,0,0,52,0,52
"298","20252.0","W Oakdale Ave & N Broadway",41.94,-87.64,300,197,300,197,0,0,497,0,497
"299","20253.0","N Paulina St & Lincoln Ave",41.94,-87.67,17,15,17,15,0,0,32,0,32
"300","20254.0","W Armitage Ave & N Sheffield Ave",41.92,-87.65,62,33,62,33,0,0,95,0,95
"301","20256.0","N Sheffield Ave & W Wellington Ave",41.94,-87.65,53,38,53,38,0,0,91,0,91
"302","20257.0","N Southport Ave & W Newport Ave",41.94,-87.66,69,74,69,74,0,0,143,0,143
"303","20999","Lyft Driver Center Private Rack",41.9,-87.66,1,1,1,1,0,0,2,0,2
"304","331","Halsted St & Clybourn Ave",41.909668,-87.648128,2582,2563,762,757,1733,1718,5145,3451,1519
"305","514","Ridge Blvd & Howard St",42.019276,-87.68452,115,102,48,45,60,51,217,111,93
"306","515","Paulina St & Howard St",42.019159,-87.673573,285,232,109,90,143,130,517,273,199
"307","517","Clark St & Jarvis Ave",42.015963,-87.675005,98,83,20,18,70,59,181,129,38
"308","518","Conservatory Dr & Lake St",41.8854915,-87.7168066666667,93,79,44,37,41,33,172,74,81
"309","519","Wolcott Ave & Fargo Ave",42.0169063333333,-87.6776706666667,59,57,22,19,27,27,116,54,41
"310","520","Greenview Ave & Jarvis Ave",42.015962,-87.66857,351,359,115,110,220,233,710,453,225
"311","523","Eastlake Ter & Rogers Ave",42.0208872805206,-87.6650579273701,366,365,125,124,211,214,731,425,249
"312","525","Glenwood Ave & Touhy Ave",42.012701,-87.666058,248,257,67,68,163,178,505,341,135
"313","527","Western Ave & Howard St",42.018901,-87.690048,112,123,42,40,62,76,235,138,82
"314","528","Pulaski Rd & Lake St",41.8853778333333,-87.726584,39,41,28,27,10,12,80,22,55
"315","530","Laramie Ave & Kinzie St",41.887832,-87.755527,16,16,6,7,10,9,32,19,13
"316","534","Karlov Ave & Madison St",41.88085,-87.727907,22,17,12,5,9,11,39,20,17
"317","535","Pulaski Rd & Congress Pkwy",41.874325,-87.725704,26,29,19,19,6,4,55,10,38
"318","536","Kostner Ave & Lake St",41.8859063333333,-87.7353741666667,8,8,5,5,3,3,16,6,10
"319","537","Kenton Ave & Madison St",41.880708,-87.741018,15,12,6,7,6,2,27,8,13
"320","540","Laramie Ave & Madison St",41.880207,-87.755337,25,17,4,4,21,13,42,34,8
"321","543","Laramie Ave & Gladys Ave",41.8758198333333,-87.7553723333333,11,12,6,5,5,6,23,11,11
"322","545","Kostner Ave & Adams St",41.877917,-87.735737,10,6,1,0,9,6,16,15,0
"323","546","Damen Ave & Pershing Rd",41.823192,-87.676597,61,54,25,16,30,29,115,59,41
"324","549","Marshfield Ave & 44th St",41.8140288333333,-87.6666645,30,40,19,19,11,19,70,30,38
"325","553","Elizabeth St & 47th St",41.80839,-87.656526,11,15,2,2,9,12,26,21,4
"326","554","Damen Ave & 51st St",41.800908,-87.674684,14,10,4,4,8,4,24,12,8
"327","556","Throop St & 52nd St",41.799659,-87.657195,13,7,1,1,9,5,20,14,2
"328","557","Seeley Ave & Garfield Blvd",41.794087,-87.675478,14,18,4,3,8,15,32,23,7
"329","559","Racine Ave & Garfield Blvd",41.7942836666667,-87.6551331666667,22,19,6,4,9,5,41,14,10
"330","560","Marshfield Ave & 59th St",41.786833,-87.666215,3,5,0,0,1,3,8,4,0
"331","561","Damen Ave & 59th St",41.7847700757289,-87.6739065349102,39,41,9,7,4,4,80,8,16
"332","562","Racine Ave & 61st St",41.783189,-87.654372,3,4,0,0,3,4,7,7,0
"333","564","Racine Ave & 65th St",41.775393,-87.654308,23,17,5,4,15,11,40,26,9
"334","567","May St & 69th St",41.768938,-87.652934,32,35,22,22,8,12,67,20,44
"335","569","Woodlawn Ave & 75th St",41.75916,-87.595751,9,4,0,0,5,3,13,8,0
"336","570","Evans Ave & 75th St",41.75849,-87.60641,20,15,6,5,14,10,35,24,11
"337","571","Vernon Ave & 75th St",41.7583175,-87.614143,44,45,27,27,15,16,89,31,54
"338","572","State St & 76th St",41.756971,-87.624621,3,2,0,0,3,1,5,4,0
"339","573","State St & 79th St",41.750794,-87.624424,46,42,18,15,25,23,88,48,33
"340","574","Vernon Ave & 79th St",41.75094,-87.61379,16,9,3,3,10,5,25,15,6
"341","575","Cottage Grove Ave & 78th St",41.753174,-87.605026,25,23,15,14,8,8,48,16,29
"342","576","Greenwood Ave & 79th St",41.7512653333333,-87.597526,40,30,20,12,17,14,70,31,32
"343","577","Stony Island Ave & South Chicago Ave",41.751173,-87.585337,35,41,13,13,21,26,76,47,26
"344","579","Phillips Ave & 79th St",41.75182,-87.565211,40,31,12,9,21,15,71,36,21
"345","580","Exchange Ave & 79th St",41.7516616666667,-87.5527758333333,31,23,14,4,10,10,54,20,18
"346","582","Phillips Ave & 83rd St",41.744531,-87.56506,17,14,3,0,11,12,31,23,0
"347","583","Stony Island Ave & 82nd St",41.7465548333333,-87.5860103333333,46,52,23,23,21,23,98,44,46
"348","584","Ellis Ave & 83rd St",41.744123,-87.599034,27,27,3,3,22,22,54,44,6
"349","585","Cottage Grove Ave & 83rd St",41.743441,-87.604836,53,52,22,23,27,18,105,45,45
"350","586","MLK Jr Dr & 83rd St",41.7430588333333,-87.6148485,11,13,4,2,4,8,24,12,6
"351","587","Wabash Ave & 83rd St",41.743316,-87.622849,9,6,2,1,4,2,15,6,3
"352","588","South Chicago Ave & 83rd St",41.743921,-87.575225,17,17,0,0,17,17,34,34,0
"353","590","Kilbourn Ave & Irving Park Rd",41.953733,-87.740569,58,63,32,33,23,26,121,49,65
"354","592","Knox Ave & Montrose Ave",41.9606991666667,-87.7454171666667,60,64,17,18,34,40,124,74,35
"355","593","Halsted St & 59th St",41.787539,-87.644874,8,6,0,0,8,6,14,14,0
"356","594","Western Blvd & 48th Pl",41.805661,-87.683392,53,52,26,25,22,23,105,45,51
"357","595","Wabash Ave & 87th St",41.736646,-87.622634,26,25,8,7,18,18,51,36,15
"358","596","Benson Ave & Church St",42.048214,-87.683485,740,800,188,204,483,513,1540,996,392
"359","598","Elmwood Ave & Austin St",42.025784,-87.684107,106,96,32,35,65,53,202,118,67
"360","599","Valli Produce - Evanston Plaza",42.039742,-87.699413,152,133,63,60,81,66,285,147,123
"361","600","Dodge Ave & Church St",42.048308,-87.698224,94,92,14,17,72,68,186,140,31
"362","604","Sheridan Rd & Noyes St (NU)",42.058239,-87.677432,577,568,114,111,420,411,1145,831,225
"363","605","University Library (NU)",42.052939,-87.673447,344,340,68,63,223,233,684,456,131
"364","620","Orleans St & Chestnut St (NEXT Apts)",41.898203,-87.637536,1511,1497,422,417,1025,1010,3008,2035,839
"365","623","Michigan Ave & 8th St",41.872773,-87.623981,2973,2926,557,529,1862,1795,5899,3657,1086
"366","624","Dearborn St & Van Buren St",41.876268,-87.629155,925,902,170,155,676,659,1827,1335,325
"367","631","Malcolm X College Vaccination Site",41.877618,-87.673895,144,132,43,33,89,91,276,180,76
"368","632","Clark St & Newport St",41.94454,-87.654678,3030,3107,881,883,1982,2043,6137,4025,1764
"369","636","Orleans St & Hubbard St",41.890028,-87.636618,1399,1392,378,377,966,972,2791,1938,755
"370","637","Wood St & Chicago Ave",41.895634,-87.672069,980,991,289,283,650,673,1971,1323,572
"371","638","Clinton St & Jackson Blvd",41.8783166118307,-87.6409810781479,1685,1661,462,456,1152,1131,3346,2283,918
"372","639","Lakefront Trail & Wilson Ave",41.965845,-87.645361,1523,1487,246,228,1121,1113,3010,2234,474
"373","642","Latrobe Ave & Chicago Ave",41.894745,-87.756895,22,20,6,2,15,17,42,32,8
"374","643","Smith Park",41.892048,-87.689397,306,315,141,144,144,155,621,299,285
"375","644","Western Ave & Fillmore St",41.8685841666667,-87.6862903333333,530,532,257,256,267,271,1062,538,513
"376","646","State St & 54th St",41.7966365,-87.6259551666667,40,36,20,17,20,16,76,36,37
"377","647","Elizabeth St & 59th St",41.786634,-87.6558535,10,9,5,4,5,5,19,10,9
"378","649","Stewart Ave & 63rd St",41.779835,-87.634774,17,15,6,5,10,10,32,20,11
"379","650","Eggleston Ave & 69th St",41.7689208333333,-87.6358286666667,18,19,2,3,11,10,37,21,5
"380","651","Michigan Ave & 71st St",41.765286,-87.621748,16,18,3,3,9,13,34,22,6
"381","652","Rhodes Ave & 71st St",41.766,-87.611726,3,5,0,0,3,1,8,4,0
"382","653","Cornell Dr & Hayes Dr",41.7805688333333,-87.5851883333333,69,72,14,12,40,40,141,80,26
"383","654","Racine Ave & Washington Blvd",41.883073,-87.656952,564,561,136,131,411,412,1125,823,267
"384","655","Hoyne Ave & Balmoral Ave",41.979851,-87.681932,281,282,123,122,158,152,563,310,245
"385","657","Wood St & Augusta Blvd",41.899181,-87.6722,724,735,226,226,473,486,1459,959,452
"386","658","Leavitt St & Division St",41.902997,-87.683825,563,559,152,152,393,383,1122,776,304
"387","660","Sheridan Rd & Columbia Ave",42.004583,-87.661406,510,533,127,131,341,364,1043,705,258
"388","661","Evanston Civic Center",42.057044,-87.686554,228,202,46,45,162,138,430,300,91
"389","662","Dodge Ave & Mulford St",42.023463,-87.699595,76,88,31,31,35,41,164,76,62
"390","665","South Chicago Ave & Elliot Ave",41.7473323333333,-87.580025,6,5,3,2,2,3,11,5,5
"391","DIVVY 001","WEST CHI-WATSON",41.894792,-87.730906,26,26,26,26,0,0,52,0,52
"392","E002","Chicago Ave & Washington St",42.032562,-87.679101,536,539,171,164,335,341,1075,676,335
"393","E006","Central St Metra",42.063598,-87.69873,182,172,51,47,116,106,354,222,98
"394","E007","Central St & Girard Ave",42.064313,-87.686152,152,137,45,45,94,82,289,176,90
"395","E008","Chicago Ave & Sheridan Rd",42.050491,-87.677821,509,509,115,101,324,333,1018,657,216
"396","E011","Dodge Ave & Main St",42.0346318516159,-87.6991876959801,41,46,17,16,23,27,87,50,33
"397","E014","Lincolnwood Dr & Central St",42.064854,-87.715297,114,138,23,25,85,102,252,187,48
"398","Hubbard Bike-checking (LBS-WH-TEST)","Base - 2132 W Hubbard Warehouse",41.8898603333333,-87.680244,57,90,46,19,11,29,147,40,65
"399","KA1503000001","Shields Ave & 43rd St",41.8161636666667,-87.634853,29,25,4,4,23,17,54,40,8
"400","KA1503000002","South Shore Dr & 71st St",41.7664094567,-87.5656875719,299,299,90,91,173,175,598,348,181
"401","KA1503000003","Cottage Grove Ave & 71st St",41.76571903697,-87.604959713,17,15,8,8,7,7,32,14,16
"402","KA1503000004","Lake Park Ave & 35th St",41.83127423549,-87.6087991946,595,594,122,115,293,302,1189,595,237
"403","KA1503000005","Wentworth Ave & 35th St",41.830777,-87.632504,275,230,105,85,151,123,505,274,190
"404","KA1503000007","Cornell Ave & Hyde Park Blvd",41.802406,-87.586924,1016,1004,242,234,685,676,2020,1361,476
"405","KA1503000009","Princeton Ave & 47th St",41.80931770924,-87.633449288,58,55,25,24,33,31,113,64,49
"406","KA1503000010","Halsted St & 51st St",41.80183164049,-87.645213904,14,17,2,2,11,14,31,25,4
"407","KA1503000011","Halsted St & 56th St",41.79292964599,-87.6449900565,19,12,3,3,15,8,31,23,6
"408","KA1503000012","Clark St & Lake St",41.88602082773,-87.6308760584,2219,2159,561,542,1492,1460,4378,2952,1103
"409","KA1503000013","Princeton Ave & Garfield Blvd",41.794982,-87.633124,52,50,13,14,37,31,102,68,27
"410","KA1503000014","Ellis Ave & 60th St",41.78509714636,-87.6010727606,1091,1065,212,201,824,806,2156,1630,413
"411","KA1503000015","Wabash Ave & Adams St",41.8794658333333,-87.6258203333333,1444,1406,257,238,1009,957,2850,1966,495
"412","KA1503000018","Jeffery Blvd & 71st St",41.76663823695,-87.5764501141,76,72,14,10,43,41,148,84,24
"413","KA1503000019","Stony Island Ave & 75th St",41.7586696704,-87.586882871,104,104,18,19,73,70,208,143,37
"414","KA1503000020","South Shore Dr & 74th St",41.76218896038,-87.55927465,94,97,35,35,44,46,191,90,70
"415","KA1503000021","Stony Island Ave & 64th St",41.7788671666667,-87.5866298333333,92,85,15,13,55,42,177,97,28
"416","KA1503000022","Clark St & Montrose Ave",41.9615496666667,-87.6663468333333,823,804,201,195,581,581,1627,1162,396
"417","KA1503000023","Stony Island Ave & 67th St",41.77345849948,-87.5853397391,68,52,12,11,44,29,120,73,23
"418","KA1503000024","Yates Blvd & 75th St",41.758768,-87.56644,29,26,2,2,18,15,55,33,4
"419","KA1503000025","Wentworth Ave & 63rd St",41.78007963264,-87.6297463052,41,35,16,16,20,17,76,37,32
"420","KA1503000027","Prairie Ave & 43rd St",41.8166411666667,-87.6194613333333,167,161,46,40,114,107,328,221,86
"421","KA1503000028","Jeffery Blvd & 76th St",41.75712006802,-87.5758393587,40,47,4,4,33,37,87,70,8
"422","KA1503000029","South Shore Dr & 67th St",41.773643,-87.567514,293,278,95,92,131,119,571,250,187
"423","KA1503000030","Jeffery Blvd & 67th St",41.773518,-87.577143,92,84,27,23,41,39,176,80,50
"424","KA1503000031","Cottage Grove Ave & 67th St",41.77372095205,-87.60563486,30,26,7,7,22,17,56,39,14
"425","KA1503000032","Union Ave & Root St",41.8191271666667,-87.643264,106,95,48,40,57,53,201,110,88
"426","KA1503000033","Eberhart Ave & 61st St",41.7840471666667,-87.6131991666667,82,83,35,37,43,41,165,84,72
"427","KA1503000034","LaSalle St & Adams St",41.87934437346,-87.6319852213,718,676,189,176,465,455,1394,920,365
"428","KA1503000038","Shields Ave & 31st St",41.838464,-87.635406,406,416,87,88,310,315,822,625,175
"429","KA1503000040","Loomis St & Archer Ave",41.84163253965,-87.6574349533,153,152,47,44,97,98,305,195,91
"430","KA1503000041","McClurg Ct & Erie St",41.894503,-87.617854,2740,2707,567,559,1950,1961,5447,3911,1126
"431","KA1503000043","Kingsbury St & Kinzie St",41.88917683258,-87.6385057718,4239,4192,1011,991,3118,3107,8431,6225,2002
"432","KA1503000044","Rush St & Hubbard St",41.890173,-87.626185,1347,1310,360,352,867,826,2657,1693,712
"433","KA1503000045","Stony Island Ave & 71st St",41.7664929373,-87.5864608775,64,71,24,24,34,38,135,72,48
"434","KA1503000046","Dorchester Ave & 63rd St",41.7804056457,-87.5914159893,126,129,21,21,87,86,255,173,42
"435","KA1503000047","Perry Ave & 69th St",41.76929308995,-87.6281959291,37,32,18,13,19,15,69,34,31
"436","KA1503000049","Rainbow Beach",41.75787144829,-87.54938625,29,29,13,14,12,14,58,26,27
"437","KA1503000051","Halsted St & 47th Pl",41.8082045,-87.64563,91,84,53,44,33,34,175,67,97
"438","KA1503000052","Ellis Ave & 53rd St",41.79933626261,-87.6009581145,721,721,181,180,495,496,1442,991,361
"439","KA1503000053","MLK Jr Dr & 63rd St",41.7800623333333,-87.6158735,29,26,8,7,20,15,55,35,15
"440","KA1503000054","Cottage Grove Ave & 63rd St",41.7806861666667,-87.6057146666667,128,119,33,34,70,65,247,135,67
"441","KA1503000055","Halsted & 63rd - Kennedy-King Vaccination Site",41.77938114228,-87.6446208145,38,36,7,5,30,29,74,59,12
"442","KA1503000059","Lake Park Ave & 53rd St",41.79949429373,-87.5864498959,945,946,184,178,666,634,1891,1300,362
"443","KA1503000064","Dusable Harbor",41.886976,-87.612813,3700,3583,759,715,1928,2220,7283,4148,1474
"444","KA1503000065","Woodlawn Ave & Lake Park Ave",41.814093,-87.597005,248,240,63,57,148,137,488,285,120
"445","KA1503000066","Wood St & 35th St",41.83010465416,-87.6702983089,105,112,27,24,69,75,217,144,51
"446","KA1503000068","Leavitt St & Archer Ave",41.82879201994,-87.6806044594,76,92,15,15,55,72,168,127,30
"447","KA1503000069","Dorchester Ave & 49th St",41.805772,-87.592464,154,138,60,50,81,72,292,153,110
"448","KA1503000070","Harper Ave & 59th St",41.78794281287,-87.5883151702,353,348,84,87,247,243,701,490,171
"449","KA1503000071","University Ave & 57th St",41.791478,-87.599861,1018,1003,230,222,727,728,2021,1455,452
"450","KA1503000072","Wacker Dr & Washington St",41.883151,-87.6362236666667,969,969,289,286,619,622,1938,1241,575
"451","KA1503000073","MLK Jr Dr & 56th St",41.79342945658,-87.6158532619,72,65,25,22,42,37,137,79,47
"452","KA1503000074","Museum of Science and Industry",41.791728,-87.583945,736,723,167,164,412,438,1459,850,331
"453","KA1503000075","DuSable Museum",41.7915406666667,-87.6078566666667,97,75,26,16,61,53,172,114,42
"454","KA1504000076","Ellis Ave & 55th St",41.79430062054,-87.6014497734,634,625,121,116,472,481,1259,953,237
"455","KA1504000078","Lincoln Ave & Winona St",41.97491129677,-87.6925025594,287,323,116,115,156,182,610,338,231
"456","KA1504000079","Larrabee St & Division St",41.9035018333333,-87.6432781666667,1845,1743,468,442,1266,1235,3588,2501,910
"457","KA1504000080","Washtenaw Ave & Lawrence Ave",41.968987,-87.696027,450,463,218,219,214,222,913,436,437
"458","KA1504000082","Kedzie Ave & Harrison St",41.873574,-87.7048615,26,19,19,14,7,5,45,12,33
"459","KA1504000086","Kedzie Ave & 24th St",41.848191,-87.705414,26,18,8,8,13,8,44,21,16
"460","KA1504000090","St. Louis Ave & Fullerton Ave",41.9248155968119,-87.714495062828,397,440,143,146,223,256,837,479,289
"461","KA1504000091","Hoyne Ave & 47th St",41.808227,-87.67718,31,37,7,7,16,22,68,38,14
"462","KA1504000093","Rockwell St & Eastwood Ave",41.9658611666667,-87.6936746666667,438,432,221,219,198,201,870,399,440
"463","KA1504000096","Sawyer Ave & Irving Park Rd",41.95358617895,-87.7093107999,121,134,59,58,50,61,255,111,117
"464","KA1504000097","Drake Ave & Montrose Ave",41.96115407569,-87.7165690733,184,191,58,52,106,107,375,213,110
"465","KA150400009X","Kimball Ave & Belmont Ave",41.939398,-87.711561,255,255,93,91,142,147,510,289,184
"466","KA1504000101","Ogden Ave & Roosevelt Rd",41.86650148316,-87.68469707,181,186,54,48,122,136,367,258,102
"467","KA1504000102","Fairfield Ave & Roosevelt Rd",41.866624,-87.694521,52,55,25,24,22,26,107,48,49
"468","KA1504000103","Western Ave & Walton St",41.89841768945,-87.6865960164,904,872,276,262,602,573,1776,1175,538
"469","KA1504000104","Paulina St & Flournoy St",41.87295,-87.66913,1194,1147,307,271,867,850,2341,1717,578
"470","KA1504000106","Kedzie Ave & Lake St",41.8845873333333,-87.7063381666667,106,102,62,57,36,37,208,73,119
"471","KA1504000109","Washtenaw Ave & Ogden Ave",41.86193,-87.69345,121,108,52,45,64,58,229,122,97
"472","KA1504000110","Millard Ave & 26th St",41.8445311246216,-87.715921998024,29,32,18,14,10,16,61,26,32
"473","KA1504000113","Sacramento Blvd & Franklin Blvd",41.8904687924386,-87.7026075124741,39,44,6,6,32,37,83,69,12
"474","KA1504000114","Kedzie Ave & Chicago Ave",41.8955163333333,-87.7060826666667,78,91,28,24,46,58,169,104,52
"475","KA1504000116","Larrabee St & Oak St",41.9002103333333,-87.6430205,1038,1001,267,259,734,720,2039,1454,526
"476","KA1504000117","Halsted St & North Branch St",41.89936843921,-87.6484798752,317,241,110,80,192,148,558,340,190
"477","KA1504000126","Kedzie Ave & Leland Ave",41.96668636205,-87.7080519806,165,185,68,68,75,100,350,175,136
"478","KA1504000127","Manor Ave & Leland Ave",41.9658865,-87.7008408333333,258,271,136,140,114,124,529,238,276
"479","KA1504000128","Kedzie Ave & Foster Ave",41.975672,-87.709261,176,173,85,82,81,77,349,158,167
"480","KA1504000129","Western Ave & Granville Ave",41.9941541666667,-87.6894253333333,159,158,87,80,58,63,317,121,167
"481","KA1504000130","Maplewood Ave & Peterson Ave",41.99023602867,-87.6933696402,111,143,44,46,57,83,254,140,90
"482","KA1504000133","Rush St & Cedar St",41.90230870122,-87.627690528,2958,2934,794,784,1996,1926,5892,3922,1578
"483","KA1504000134","Ritchie Ct & Banks St",41.906866,-87.626217,2015,1978,496,485,1392,1383,3993,2775,981
"484","KA1504000135","Wells St & Elm St",41.903222,-87.634324,5050,5029,1222,1221,3618,3634,10079,7252,2443
"485","KA1504000139","Monticello Ave & Irving Park Rd",41.9539908333333,-87.7191025,189,186,72,74,99,97,375,196,146
"486","KA1504000140","Winchester Ave & Elston Ave",41.92409085038,-87.6764600747,470,478,140,134,314,322,948,636,274
"487","KA1504000141","Pulaski Rd & Eddy St (Temp)",41.946264,-87.731023,57,54,25,27,28,25,111,53,52
"488","KA1504000142","Drake Ave & Addison St",41.9473735,-87.7175885,90,88,24,23,46,43,178,89,47
"489","KA1504000143","Leavitt St & Addison St",41.946655,-87.683359,359,352,114,105,232,234,711,466,219
"490","KA1504000146","Clark St & Berwyn Ave",41.9779966544,-87.6680471047,1329,1352,419,413,825,852,2681,1677,832
"491","KA1504000147","Winchester (Ravenswood) Ave & Balmoral Ave",41.979762,-87.67753,220,225,64,66,139,152,445,291,130
"492","KA1504000148","Clark St & Elmdale Ave",41.990938,-87.6695856666667,307,349,88,87,193,238,656,431,175
"493","KA1504000149","Damen Ave & Foster Ave",41.9756693333333,-87.6794465,565,580,193,198,342,339,1145,681,391
"494","KA1504000151","Clark St & Bryn Mawr Ave",41.9835766666667,-87.6692083333333,849,860,249,255,558,547,1709,1105,504
"495","KA1504000152","Lakefront Trail & Bryn Mawr Ave",41.98403669612,-87.6523104689,2524,2508,546,528,1734,1722,5032,3456,1074
"496","KA1504000155","2112 W Peterson Ave",41.991178,-87.683593,143,147,47,47,92,99,290,191,94
"497","KA1504000156","Clark St & Schreiber Ave",41.99925182186,-87.6713773393,333,319,136,132,178,177,652,355,268
"498","KA1504000158","Oakley Ave & Irving Park Rd",41.954341,-87.68608,320,348,87,89,216,244,668,460,176
"499","KA1504000159","Sheridan Rd & Greenleaf Ave",42.01058656284,-87.6624120948,350,351,94,91,219,230,701,449,185
"500","KA1504000160","Francisco Ave & Foster Ave",41.97563272521,-87.7014194389,379,373,188,184,162,159,752,321,372
"501","KA1504000161","St. Louis Ave & Balmoral Ave",41.98039423475,-87.7161149615,95,93,38,38,49,47,188,96,76
"502","KA1504000162","Clark St & Lunt Ave",42.0090265,-87.6742115,321,309,128,123,193,170,630,363,251
"503","KA1504000164","Keystone Ave & Montrose Ave",41.96110801623,-87.7289701012,105,121,48,52,43,52,226,95,100
"504","KA1504000167","Kedzie Ave & Bryn Mawr Ave",41.98239708485,-87.7089225202,138,143,61,61,66,67,281,133,122
"505","KA1504000168","Western & 28th - Velasquez Institute Vaccination Site",41.84151770807,-87.6851314409,10,11,2,2,5,7,21,12,4
"506","KA1504000171","Marine Dr & Ainslie St",41.9716,-87.650154,1346,1332,387,377,821,834,2678,1655,764
"507","KA1504000175","Glenwood Ave & Morse Ave",42.00797192287,-87.6655023944,509,515,168,169,306,311,1024,617,337
"508","KA17018054","Damen Ave & Walnut (Lake) St",41.8859456666667,-87.6770076666667,336,336,94,90,224,233,672,457,184
"509","KA17018068","Leavitt St & Belmont Ave",41.939354,-87.683282,503,525,189,192,284,302,1028,586,381
"510","KA1706005007","Delano Ct & Roosevelt Rd",41.867491,-87.63219,923,894,214,215,659,613,1817,1272,429
"511","KA1706005015","Kildare Ave & Montrose Ave",41.96108,-87.73569,67,72,20,19,41,52,139,93,39
"512","KP1705001026","LaSalle Dr & Huron St",41.8947761666667,-87.6321733333333,2113,2005,523,495,1520,1376,4118,2896,1018
"513","LF-005","Lake Shore Dr & North Blvd",41.911722,-87.626804,8735,10532,1577,1651,6135,7680,19267,13815,3228
"514","LP-","Lincoln Park Conservatory",41.9241058333333,-87.6359145,2392,2323,350,336,1700,1634,4715,3334,686
"515","RN-","Franklin St & Illinois St",41.8908886666667,-87.6355776666667,2077,2076,529,525,1473,1479,4153,2952,1054
"516","RP-001","Warren Park West",42.001785,-87.688829,205,222,78,78,88,99,427,187,156
"517","RP-002","Warren Park East",42.0045785,-87.6805431666667,119,134,51,50,51,65,253,116,101
"518","RP-004","Oakley Ave & Touhy Ave",42.012342,-87.688243,66,74,23,23,40,50,140,90,46
"519","RP-005","Western Ave & Lunt Ave",42.008594,-87.690492,154,175,62,64,78,96,329,174,126
"520","RP-006","Ridge Blvd & Touhy Ave",42.0121598333333,-87.6828843333333,89,93,25,27,58,53,182,111,52
"521","RP-007","Clark St & Touhy Ave",42.01256011541,-87.6743671152,153,112,67,61,86,49,265,135,128
"522","RP-008","Clark St & Columbia Ave",42.00445062934,-87.6724024047,267,286,114,117,147,156,553,303,231
"523","RP-009","Sheridan Rd & Loyola Ave",42.00104377979,-87.6611982433,642,647,208,202,381,390,1289,771,410
"524","SL-005","Indiana Ave & Roosevelt Rd",41.867888,-87.623041,4194,4175,1012,987,2644,2695,8369,5339,1999
"525","SL-006","Wells St & 19th St",41.856802,-87.633879,424,423,63,58,254,264,847,518,121
"526","SL-007","State St & Harrison St",41.874053,-87.627716,1415,1398,310,296,898,902,2813,1800,606
"527","SL-008","Federal St & Polk St",41.8720413333333,-87.6295415,2561,2542,629,627,1928,1789,5103,3717,1256
"528","SL-009","Clark St & 9th St (AMLI)",41.870816,-87.631246,912,906,295,285,568,569,1818,1137,580
"529","SL-010","Financial Pl & Ida B Wells Dr",41.8750236280333,-87.6330940425396,1007,942,281,216,669,666,1949,1335,497
"530","SL-011","Wells St & Polk St",41.872596,-87.633502,1641,1622,462,454,1091,1078,3263,2169,916
"531","SL-012","Wabash Ave & 16th St",41.860384,-87.625813,1247,1220,358,355,884,812,2467,1696,713
"532","SL-013","State St & 19th St",41.856594,-87.627542,517,536,112,115,341,357,1053,698,227
"533","TA1305000001","Wabash Ave & Cermak Rd",41.852619,-87.626488,525,521,99,95,425,379,1046,804,194
"534","TA1305000002","Wabash Ave & Roosevelt Rd",41.867227,-87.625961,3198,3169,745,719,2102,2102,6367,4204,1464
"535","TA1305000003","Fairbanks Ct & Grand Ave",41.8918473721099,-87.6205801963806,3573,3552,828,814,2320,2303,7125,4623,1642
"536","TA1305000004","McCormick Place",41.8513751729,-87.6188346489,358,332,59,51,232,207,690,439,110
"537","TA1305000005","Dearborn St & Adams St",41.8793563587,-87.6297910363,1087,1053,254,242,764,757,2140,1521,496
"538","TA1305000006","Dearborn St & Monroe St",41.881319815,-87.6295209193,2306,2280,543,516,1604,1583,4586,3187,1059
"539","TA1305000009","Clark St & Ida B Wells Dr",41.8759326655,-87.6305845355,621,593,120,109,450,437,1214,887,229
"540","TA1305000010","Michigan Ave & Ida B Wells Dr",41.876243,-87.624426,1102,1091,206,203,626,602,2193,1228,409
"541","TA1305000011","Michigan Ave & Lake St",41.8861801666667,-87.6245235,3857,3792,877,833,2380,2331,7649,4711,1710
"542","TA1305000014","Clark St & Wrightwood Ave",41.9295183333333,-87.6431291666667,3210,3207,741,733,2323,2319,6417,4642,1474
"543","TA1305000017","Halsted St & Roosevelt Rd",41.867324,-87.648625,374,377,53,52,296,305,751,601,105
"544","TA1305000020","Ogden Ave & Chicago Ave",41.896362458,-87.6540612729,1559,1554,495,490,976,979,3113,1955,985
"545","TA1305000022","Orleans St & Merchandise Mart Plaza",41.8880781666667,-87.6371185,2751,2284,802,686,1859,1526,5035,3385,1488
"546","TA1305000025","Franklin St & Jackson Blvd",41.8777079559,-87.6353211408,2273,2155,617,577,1429,1409,4428,2838,1194
"547","TA1305000029","State St & Randolph St",41.8846789820692,-87.6279750466347,2605,2554,554,542,1846,1751,5159,3597,1096
"548","TA1305000030","Clark St & Randolph St",41.884576,-87.63189,2306,2166,629,597,1507,1423,4472,2930,1226
"549","TA1305000032","Clinton St & Madison St",41.881858,-87.6408858333333,3008,2921,604,610,2297,2217,5929,4514,1214
"550","TA1305000034","Honore St & Division St",41.903119,-87.673935,1707,1723,576,574,1080,1087,3430,2167,1150
"551","TA1305000035","State St & Van Buren St",41.877181,-87.627844,1194,1100,280,219,798,760,2294,1558,499
"552","TA1305000037","Paulina Ave & North Ave",41.9103781666667,-87.6701378333333,1620,1616,412,404,1141,1140,3236,2281,816
"553","TA1305000039","Elston Ave & Cortland St",41.9164334291265,-87.6667463779449,997,923,274,255,648,623,1920,1271,529
"554","TA1305000041","Damen Ave & Pierce Ave",41.9094365,-87.677667,2915,2943,832,828,1906,1917,5858,3823,1660
"555","TA1306000002","Morgan Ave & 14th Pl",41.862378,-87.651062,570,575,97,95,473,458,1145,931,192
"556","TA1306000003","Desplaines St & Kinzie St",41.888716036,-87.6444478533,3455,3268,991,918,2347,2238,6723,4585,1909
"557","TA1306000006","Orleans St & Elm St",41.902924,-87.637715,814,642,184,133,603,487,1456,1090,317
"558","TA1306000007","Larrabee St & Menomonee St",41.91468,-87.64332,910,872,226,223,649,595,1782,1244,449
"559","TA1306000008","Larrabee St & North Ave",41.91021,-87.6435,1218,1160,272,264,909,859,2378,1768,536
"560","TA1306000009","Larrabee St & Kingsbury St",41.897764,-87.642884,2238,1979,723,658,1469,1290,4217,2759,1381
"561","TA1306000010","Daley Center Plaza",41.884241,-87.629634,2470,2423,603,588,1754,1738,4893,3492,1191
"562","TA1306000011","Wells St & Walton St",41.89993001,-87.63443007,1545,1178,330,241,1166,896,2723,2062,571
"563","TA1306000012","Wells St & Huron St",41.894722,-87.634362,4231,4204,1159,1137,2919,2921,8435,5840,2296
"564","TA1306000013","New St & Illinois St",41.8908470406238,-87.6186168193817,3777,3766,908,892,2416,2449,7543,4865,1800
"565","TA1306000014","Wilton Ave & Diversey Pkwy",41.932418,-87.652705,2659,2561,654,626,1888,1854,5220,3742,1280
"566","TA1306000015","Morgan St & Lake St",41.885493,-87.6523673333333,2595,2669,677,686,1773,1807,5264,3580,1363
"567","TA1306000016","Sheffield Ave & Fullerton Ave",41.9256018819,-87.6537080423,2168,1995,483,421,1569,1464,4163,3033,904
"568","TA1306000025","Racine Ave & Congress Pkwy",41.87464,-87.65703,612,576,133,124,452,427,1188,879,257
"569","TA1306000026","Racine Ave & Fullerton Ave",41.92556258,-87.65840426,1830,1839,345,348,1418,1431,3669,2849,693
"570","TA1306000029","Lake Shore Dr & Ohio St",41.8924565,-87.6145496666667,3468,3440,722,700,2244,2256,6908,4500,1422
"571","TA1306000032","Sheffield Ave & Willow St",41.913688,-87.652855,1729,1714,375,377,1274,1264,3443,2538,752
"572","TA1307000001","Greenview Ave & Fullerton Ave",41.9254108333333,-87.6658475,1754,1796,460,457,1212,1254,3550,2466,917
"573","TA1307000005","Indiana Ave & 26th St",41.845687,-87.622481,491,492,146,142,333,325,983,658,288
"574","TA1307000006","Southport Ave & Wellington Ave",41.935733,-87.663576,1696,1713,411,401,1222,1256,3409,2478,812
"575","TA1307000038","Sedgwick St & North Ave",41.911386,-87.638677,2505,2417,523,500,1830,1800,4922,3630,1023
"576","TA1307000039","Clark St & Elm St",41.902973,-87.63128,5935,5718,1363,1333,4335,4152,11653,8487,2696
"577","TA1307000041","Lake Shore Dr & Wellington Ave",41.9366884494997,-87.6368290185928,3369,3347,697,679,2465,2455,6716,4920,1376
"578","TA1307000044","Clinton St & 18th St",41.85795,-87.640826,392,396,90,89,275,278,788,553,179
"579","TA1307000048","Fort Dearborn Dr & 31st St",41.838556,-87.608218,1947,1944,254,245,1224,1234,3891,2458,499
"580","TA1307000052","Sheffield Ave & Wellington Ave",41.9363038333333,-87.6526426666667,2460,2484,534,532,1878,1863,4944,3741,1066
"581","TA1307000061","State St & Pearson St",41.897448,-87.628722,1811,1509,390,345,1318,1064,3320,2382,735
"582","TA1307000062","Sedgwick St & Huron St",41.894666,-87.638437,1922,1710,532,492,1317,1165,3632,2482,1024
"583","TA1307000064","Lincoln Ave & Diversey Pkwy",41.932225,-87.658617,2085,2078,483,473,1519,1540,4163,3059,956
"584","TA1307000066","Damen Ave & Coulter St",41.8492,-87.67564,75,82,16,16,59,62,157,121,32
"585","TA1307000070","Damen Ave & Thomas St (Augusta Blvd)",41.9013191666667,-87.6773556666667,1010,942,277,258,696,659,1952,1355,535
"586","TA1307000107","Sheridan Rd & Montrose Ave",41.9615535,-87.6546258333333,2106,2128,552,546,1422,1467,4234,2889,1098
"587","TA1307000111","Franklin St & Lake St",41.8856471666667,-87.6358726666667,1958,1912,539,505,1320,1327,3870,2647,1044
"588","TA1307000113","Southport Ave & Wrightwood Ave",41.928773,-87.663913,1862,1888,504,494,1280,1316,3750,2596,998
"589","TA1307000115","Clybourn Ave & Division St",41.904571,-87.6406938333333,1001,991,241,232,725,728,1992,1453,473
"590","TA1307000117","Wabash Ave & Grand Ave",41.891466,-87.626761,4743,4729,1064,1050,3160,3056,9472,6216,2114
"591","TA1307000119","Clarendon Ave & Leland Ave",41.967968,-87.650001,961,959,262,258,618,623,1920,1241,520
"592","TA1307000120","Green St & Madison St",41.8817381666667,-87.6489131666667,3423,3445,804,801,2491,2528,6868,5019,1605
"593","TA1307000121","Halsted St & Polk St",41.8718116666667,-87.6465498333333,914,911,153,151,740,743,1825,1483,304
"594","TA1307000124","Michigan Ave & 14th St",41.864059,-87.623727,1812,1803,439,422,1253,1239,3615,2492,861
"595","TA1307000126","Sheffield Ave & Waveland Ave",41.949399,-87.654529,2675,3714,696,895,1782,2503,6389,4285,1591
"596","TA1307000127","Clark St & Grace St",41.95078,-87.659172,2221,2201,603,602,1450,1444,4422,2894,1205
"597","TA1307000128","Dearborn Pkwy & Delaware Pl",41.898969,-87.629912,3500,3494,902,900,2437,2419,6994,4856,1802
"598","TA1307000129","State St & 35th St",41.8310363140161,-87.6267975568771,453,457,95,90,324,347,910,671,185
"599","TA1307000130","Morgan St & Polk St",41.871737,-87.65103,1011,991,164,160,824,803,2002,1627,324
"600","TA1307000131","Wabash Ave & Wacker Pl",41.886875,-87.62603,2657,2619,594,583,1569,1533,5276,3102,1177
"601","TA1307000134","Wilton Ave & Belmont Ave",41.9401191666667,-87.6529838333333,3560,3594,836,823,2522,2616,7154,5138,1659
"602","TA1307000136","Clark St & Wellington Ave",41.9364968219,-87.6475386582,2652,2657,555,540,1980,2026,5309,4006,1095
"603","TA1307000138","Lincoln Ave & Roscoe St",41.94334,-87.67097,1555,1572,455,455,1032,1054,3127,2086,910
"604","TA1307000139","MLK Jr Dr & 29th St",41.842052,-87.617,863,873,193,192,648,647,1736,1295,385
"605","TA1307000140","Western Ave & Leland Ave",41.966399801841,-87.6887042820454,809,847,246,254,527,550,1656,1077,500
"606","TA1307000142","Clark St & Drummond Pl",41.931248,-87.644336,3310,3284,708,702,2459,2466,6594,4925,1410
"607","TA1307000143","Sedgwick St & Schiller St",41.907626,-87.638566,984,881,226,204,719,633,1865,1352,430
"608","TA1307000144","Wolcott (Ravenswood) Ave & Montrose Ave",41.961406,-87.676169,724,720,206,203,495,494,1444,989,409
"609","TA1307000149","Ravenswood Ave & Irving Park Rd",41.95469,-87.67393,773,780,194,197,541,545,1553,1086,391
"610","TA1307000150","Pine Grove Ave & Waveland Ave",41.9494727408833,-87.6464527845383,2764,2796,534,536,2069,2086,5560,4155,1070
"611","TA1307000151","Wells St & Hubbard St",41.889906,-87.634266,3423,3405,937,918,2336,2316,6828,4652,1855
"612","TA1307000153","Emerald Ave & 28th St",41.84358,-87.645368,330,330,44,43,278,279,660,557,87
"613","TA1307000156","Lincoln Ave & Sunnyside Ave",41.963004,-87.684781,735,740,208,205,487,494,1475,981,413
"614","TA1307000158","Damen Ave & Leland Ave",41.967094,-87.679028,815,810,230,225,551,557,1625,1108,455
"615","TA1307000159","Paulina St & 18th St",41.857901,-87.668745,512,517,144,141,326,352,1029,678,285
"616","TA1307000160","Prairie Ave & Garfield Blvd",41.7948301666667,-87.6188301666667,126,112,38,31,71,62,238,133,69
"617","TA1307000161","Halsted St & 37th St",41.827059,-87.64572,94,89,26,25,60,57,183,117,51
"618","TA1307000163","Clifton Ave & Armitage Ave",41.918216,-87.656936,1514,1551,345,341,1112,1150,3065,2262,686
"619","TA1307000164","Woodlawn Ave & 55th St",41.795264,-87.596471,787,762,178,166,561,550,1549,1111,344
"620","TA1307000166","Halsted St & Willow St",41.913865,-87.648755,1632,1594,398,392,1168,1144,3226,2312,790
"621","TA1308000001","Theater on the Lake",41.9262786666667,-87.6308928333333,5796,5824,867,836,4171,4170,11620,8341,1703
"622","TA1308000002","Greenwood Ave & 47th St",41.809835,-87.599383,260,247,82,79,143,140,507,283,161
"623","TA1308000005","Leavitt St & North Ave",41.910509366664,-87.6823890209198,992,991,266,264,682,671,1983,1353,530
"624","TA1308000006","Damen Ave & Grand Ave",41.8913815,-87.6770041666667,700,741,251,259,435,445,1441,880,510
"625","TA1308000007","MLK Jr Dr & 47th St",41.809851,-87.616279,175,176,49,47,101,102,351,203,96
"626","TA1308000009","Shore Dr & 55th St",41.795212,-87.580715,2019,1984,388,373,1396,1374,4003,2770,761
"627","TA1308000012","Montrose Harbor",41.9639521666667,-87.6382218333333,3408,3359,672,655,2177,2210,6767,4387,1327
"628","TA1308000013","Halsted St & Archer Ave",41.847203,-87.646795,218,227,37,36,145,163,445,308,73
"629","TA1308000014","Normal Ave & Archer Ave",41.849527,-87.640591,160,155,30,29,116,104,315,220,59
"630","TA1308000019","Racine Ave & Belmont Ave",41.939743,-87.658865,2021,2043,530,533,1403,1432,4064,2835,1063
"631","TA1308000021","Winthrop Ave & Lawrence Ave",41.968812,-87.657659,822,825,258,264,536,523,1647,1059,522
"632","TA1308000022","Pine Grove Ave & Irving Park Rd",41.954383,-87.648043,1931,1948,444,438,1367,1374,3879,2741,882
"633","TA1308000023","Cottage Grove Ave & 43rd St",41.8164833333333,-87.6065936666667,122,114,39,34,62,67,236,129,73
"634","TA1308000026","Wentworth Ave & 24th St (Temp)",41.8500836934758,-87.6321405172348,269,272,52,49,178,200,541,378,101
"635","TA1308000029","Stetson Ave & South Water St",41.886835,-87.62232,1634,1627,466,465,967,927,3261,1894,931
"636","TA1308000031","Logan Blvd & Elston Ave",41.9294315,-87.6841756666667,740,813,339,345,340,424,1553,764,684
"637","TA1308000035","Lake Park Ave & 47th St",41.809443,-87.591875,389,383,77,76,248,247,772,495,153
"638","TA1308000036","Indiana Ave & 31st St",41.838842,-87.621857,510,507,121,119,374,371,1017,745,240
"639","TA1308000038","Cottage Grove Ave & Oakwood Blvd",41.822985,-87.6071,325,321,101,94,163,157,646,320,195
"640","TA1308000043","Halsted St & 35th St",41.830661,-87.647172,250,258,74,78,152,161,508,313,152
"641","TA1308000045","Wallace St & 35th St",41.830629,-87.64129,399,405,88,87,311,315,804,626,175
"642","TA1308000046","Morgan St & 31st St",41.8378,-87.65114,395,396,94,92,264,263,791,527,186
"643","TA1308000047","Southport Ave & Clark St",41.957081,-87.664199,481,481,95,90,356,369,962,725,185
"644","TA1308000049","Wells St & Evergreen Ave",41.906724,-87.63483,3943,3900,948,947,2833,2741,7843,5574,1895
"645","TA1308000050","Wells St & Concord Ln",41.912133,-87.634656,6173,6260,1533,1548,4368,4443,12433,8811,3081
"646","TA1309000001","Halsted St & Maxwell St",41.864883,-87.647071,752,726,155,150,531,513,1478,1044,305
"647","TA1309000002","Michigan Ave & Jackson Blvd",41.8778275,-87.6240431666667,1575,1541,303,280,929,934,3116,1863,583
"648","TA1309000003","Western Ave & 24th St",41.84847,-87.685109,77,87,23,24,51,58,164,109,47
"649","TA1309000004","LaSalle St & Jackson Blvd",41.878166,-87.631929,1568,1383,429,378,1045,962,2951,2007,807
"650","TA1309000006","Larrabee St & Armitage Ave",41.918109,-87.6437793333333,1591,1559,336,332,1175,1157,3150,2332,668
"651","TA1309000007","Franklin St & Monroe St",41.880317,-87.635185,1744,1783,537,552,1100,1116,3527,2216,1089
"652","TA1309000008","Franklin St & Adams St (Temp)",41.8794340914001,-87.6355040073395,1198,1217,360,351,701,746,2415,1447,711
"653","TA1309000010","Wabash Ave & 9th St",41.870769,-87.625734,2495,2476,623,603,1582,1575,4971,3157,1226
"654","TA1309000011","Ellis Ave & 58th St",41.7887053333333,-87.6011745,555,544,109,97,406,414,1099,820,206
"655","TA1309000012","Damen Ave & Sunnyside Ave",41.96325,-87.679258,447,449,102,100,322,322,896,644,202
"656","TA1309000014","Clark St & Leland Ave",41.9670793333333,-87.667544,1267,1277,397,394,805,825,2544,1630,791
"657","TA1309000015","Leavitt St & Lawrence Ave",41.968885,-87.684001,342,329,94,92,241,222,671,463,186
"658","TA1309000018","Ravenswood Ave & Berteau Ave",41.957921,-87.673567,438,442,119,118,303,311,880,614,237
"659","TA1309000019","Lakeview Ave & Fullerton Pkwy",41.925858,-87.638973,3618,3597,734,726,2607,2619,7215,5226,1460
"660","TA1309000021","Paulina St & Montrose Ave",41.961507,-87.671387,396,397,98,96,276,279,793,555,194
"661","TA1309000023","Sheffield Ave & Wrightwood Ave",41.928712,-87.653833,2502,2286,606,574,1764,1615,4788,3379,1180
"662","TA1309000024","Clark St & Schiller St",41.907993,-87.631501,3225,3152,741,719,2316,2297,6377,4613,1460
"663","TA1309000025","Halsted St & Roscoe St",41.94367,-87.64895,3197,3209,945,937,2095,2136,6406,4231,1882
"664","TA1309000026","Lincoln Ave & Belle Plaine Ave",41.9560035507855,-87.6801614463329,835,849,244,250,556,568,1684,1124,494
"665","TA1309000027","Sheridan Rd & Buena Ave",41.9584906666667,-87.6550598333333,1237,1235,352,346,836,824,2472,1660,698
"666","TA1309000029","Leavitt St & Armitage Ave",41.917832,-87.6823403333333,770,763,231,212,510,506,1533,1016,443
"667","TA1309000030","Southport Ave & Clybourn Ave",41.920771,-87.663712,1482,1577,428,431,965,1071,3059,2036,859
"668","TA1309000032","Elston Ave & Wabansia Ave",41.9129311666667,-87.6640963333333,338,345,93,97,229,238,683,467,190
"669","TA1309000033","Sheffield Ave & Webster Ave",41.92154,-87.653818,2471,2473,604,581,1742,1773,4944,3515,1185
"670","TA1309000035","Clark St & Winnemac Ave",41.973347640473,-87.6678554713726,1428,1420,434,426,920,926,2848,1846,860
"671","TA1309000036","Burling St & Diversey Pkwy",41.93314,-87.64776,2080,2126,376,370,1622,1653,4206,3275,746
"672","TA1309000037","Kimbark Ave & 53rd St",41.799568,-87.594747,1338,1319,339,326,921,916,2657,1837,665
"673","TA1309000039","Lake Shore Dr & Diversey Pkwy",41.9325206666667,-87.6364075,3557,3536,715,709,2565,2573,7093,5138,1424
"674","TA1309000041","Sheridan Rd & Lawrence Ave",41.969517,-87.654691,843,832,259,253,525,516,1675,1041,512
"675","TA1309000042","Lincoln Ave & Belmont Ave",41.939365,-87.668385,1497,1505,370,365,1071,1075,3002,2146,735
"676","TA1309000043","Southport Ave & Irving Park Rd",41.9541005,-87.6642636666667,912,879,219,219,634,621,1791,1255,438
"677","TA1309000049","Lake Shore Dr & Belmont Ave",41.940775,-87.639192,3474,3520,738,734,2448,2522,6994,4970,1472
"678","TA1309000050","Lincoln Ave & Addison St",41.946176,-87.673308,414,419,89,77,300,312,833,612,166
"679","TA1309000051","Commercial Ave & 83rd St",41.744615,-87.551208,22,25,11,12,9,11,47,20,23
"680","TA1309000053","Cottage Grove Ave & 47th St",41.809855,-87.606755,174,167,48,46,107,109,341,216,94
"681","TA1309000055","Emerald Ave & 31st St",41.838198,-87.645143,702,702,152,150,514,518,1404,1032,302
"682","TA1309000058","Lincoln Ave & Fullerton Ave",41.9259271666667,-87.6493086666667,3596,3593,927,922,2499,2529,7189,5028,1849
"683","TA1309000059","Racine Ave & Wrightwood Ave",41.9288815,-87.658955,1108,1118,269,257,838,836,2226,1674,526
"684","TA1309000061","Halsted St & Wrightwood Ave",41.929143,-87.649077,2660,2639,643,639,1893,1875,5299,3768,1282
"685","TA1309000063","Lake Park Ave & 56th St",41.793242,-87.587782,697,696,106,104,535,544,1393,1079,210
"686","TA1309000064","Wolcott Ave & Polk St",41.871262,-87.673688,1058,1027,245,239,802,772,2085,1574,484
"687","TA1309000066","Ravenswood Ave & Lawrence Ave",41.96909,-87.674237,1519,1451,465,448,976,938,2970,1914,913
"688","TA1309000067","Cottage Grove Ave & 51st St",41.803038,-87.606615,207,199,61,52,136,135,406,271,113
"689","WL-008","Clinton St & Roosevelt Rd",41.8671177825,-87.6410879593,928,939,280,280,600,628,1867,1228,560
"690","WL-011","Jefferson St & Monroe St",41.880422,-87.642746,1357,1341,364,359,956,916,2698,1872,723
"691","WL-012","Clinton St & Washington Blvd",41.8829715,-87.641312,2327,2270,580,577,1682,1576,4597,3258,1157
