"","station_id","station_name","lat","long","start_n","end_n","e_start_n","e_end_n","c_start_n","c_end_n","total","classic","electric"
"1","","",41.91,-87.65,26056,28174,26056,27683,0,0,54230,0,53739
"2","13001","Michigan Ave & Washington St",41.8839840647265,-87.6246839761734,1729,1707,267,253,1143,1118,3436,2261,520
"3","13006","LaSalle St & Washington St",41.8824031666667,-87.632351,774,798,195,198,539,554,1572,1093,393
"4","13008","Millennium Park",41.8810317,-87.62408432,2612,2766,307,298,1490,1598,5378,3088,605
"5","13011","Canal St & Adams St",41.879255,-87.639904,825,803,172,169,619,588,1628,1207,341
"6","13016","St. Clair St & Erie St",41.8943451374243,-87.6227983832359,2044,2207,454,450,1465,1540,4251,3005,904
"7","13017","Franklin St & Chicago Ave",41.8967083333333,-87.6359501666667,937,879,194,190,709,657,1816,1366,384
"8","13021","Clinton St & Lake St",41.885637,-87.641823,1054,1048,254,253,778,776,2102,1554,507
"9","13022","Streeter Dr & Grand Ave",41.892278,-87.612043,3363,3284,370,361,2187,2026,6647,4213,731
"10","13028","900 W Harrison St",41.874754,-87.649807,423,441,84,88,315,326,864,641,172
"11","13029","Field Museum",41.865312,-87.617867,589,423,66,51,340,274,1012,614,117
"12","13033","Milwaukee Ave & Grand Ave",41.891578,-87.648384,1196,1202,374,374,751,755,2398,1506,748
"13","13034","Michigan Ave & Pearson St",41.89766,-87.62351,1076,1032,156,147,727,667,2108,1394,303
"14","13036","Michigan Ave & Madison St",41.882153,-87.6253605,806,786,183,177,508,517,1592,1025,360
"15","13037","Clinton St & Tilden St",41.875885,-87.640795,200,192,45,42,152,145,392,297,87
"16","13042","Michigan Ave & Oak St",41.90096039,-87.62377664,2575,2654,395,393,1645,1738,5229,3383,788
"17","13045","Dearborn St & Erie St",41.8942645,-87.6292418333333,2146,2200,599,599,1438,1499,4346,2937,1198
"18","13050","State St & Kinzie St",41.889187,-87.627754,1207,1262,216,214,857,914,2469,1771,430
"19","13053","Green St & Randolph St",41.883668,-87.64867,1223,1252,337,331,823,853,2475,1676,668
"20","13056","Canal St & Monroe St",41.88169,-87.63953,359,301,76,74,264,201,660,465,150
"21","13058","Dayton St & North Ave",41.9105780349,-87.6494219288,731,754,195,195,513,544,1485,1057,390
"22","13059","Bissell St & Armitage Ave",41.91844,-87.65222,1378,1422,339,333,987,1038,2800,2025,672
"23","13061","Ashland Ave & Division St",41.90345,-87.667747,1473,1515,485,473,922,974,2988,1896,958
"24","13063","Sheridan Rd & Irving Park Rd",41.954245,-87.654406,952,944,226,221,698,691,1896,1389,447
"25","13068","Western Ave & Winnebago Ave",41.9155953333333,-87.6870276666667,581,587,171,172,391,397,1168,788,343
"26","13071","Southport Ave & Roscoe St",41.9436848333333,-87.6640801666667,1357,1415,366,372,929,974,2772,1903,738
"27","13073","Ashland Ave & Lake St",41.88592,-87.66717,322,328,115,113,190,202,650,392,228
"28","13074","Broadway & Wilson - Truman College Vaccination Site",41.965221,-87.658139,556,613,172,181,364,404,1169,768,353
"29","13075","Wentworth Ave & Cermak Rd",41.853085,-87.631931,513,630,124,123,304,410,1143,714,247
"30","13080","Hermitage Ave & Polk St",41.871514,-87.669886,10,11,0,0,0,0,21,0,0
"31","13081","Ogden Ave & Congress Pkwy",41.87501,-87.67328,162,133,36,28,117,96,295,213,64
"32","13083","Indiana Ave & 40th St",41.82168,-87.6216,42,34,5,6,28,20,76,48,11
"33","13084","California Ave & Milwaukee Ave",41.922695,-87.697153,668,664,221,221,413,419,1332,832,442
"34","13085","Kedzie Ave & Milwaukee Ave",41.9295003333333,-87.7078086666667,587,672,258,257,287,377,1259,664,515
"35","13089","Damen Ave & Cullerton St",41.8549665187539,-87.6756995916366,193,187,64,62,120,116,380,236,126
"36","13091","Western Ave & 21st St",41.8540918333333,-87.6858696666667,153,160,78,77,68,75,313,143,155
"37","13096","California Ave & 21st St",41.8537336666667,-87.6958745,108,119,39,44,62,67,227,129,83
"38","13099","Halsted St & 18th St",41.857499,-87.646277,200,198,52,54,136,133,398,269,106
"39","13102","Calumet Ave & 18th St",41.857611,-87.619407,602,605,139,134,418,430,1207,848,273
"40","13108","Broadway & Argyle St",41.9734156666667,-87.6597461666667,584,604,132,131,410,437,1188,847,263
"41","13109","Broadway & Berwyn Ave",41.978353,-87.659753,662,662,158,158,464,468,1324,932,316
"42","13124","Cannon Dr & Fullerton Ave",41.9267559875,-87.6344287848,577,619,50,50,351,385,1196,736,100
"43","13128","Clark St & North Ave",41.911974,-87.631942,898,966,173,174,625,735,1864,1360,347
"44","13132","Damen Ave & Chicago Ave",41.895769,-87.67722,747,773,222,217,487,525,1520,1012,439
"45","13133","Damen Ave & Cortland St",41.915983,-87.677335,864,859,185,181,633,620,1723,1253,366
"46","13134","Damen Ave & Madison St",41.88137,-87.67493,424,452,141,144,258,286,876,544,285
"47","13135","Blue Island Ave & 18th St",41.8574155,-87.6616763333333,417,424,121,116,268,276,841,544,237
"48","13136","Damen Ave & Division St",41.903266,-87.678435,795,802,232,233,523,537,1597,1060,465
"49","13137","Broadway & Barry Ave",41.9375823160063,-87.6440978050232,1961,2013,421,415,1449,1498,3974,2947,836
"50","13138","Canal St & Jackson Blvd",41.8771833333333,-87.639531,370,324,84,83,259,221,694,480,167
"51","13139","Throop St & Taylor St",41.8688473333333,-87.6591003333333,460,457,95,91,344,349,917,693,186
"52","13143","Damen Ave & Melrose Ave",41.9406,-87.6785,254,257,102,92,146,153,511,299,194
"53","13144","Seeley Ave & Roscoe St",41.943403,-87.679618,386,375,125,118,241,239,761,480,243
"54","13146","Clark St & Armitage Ave",41.918306,-87.636282,1956,1923,436,420,1391,1361,3879,2752,856
"55","13150","Michigan Ave & 18th St",41.857813,-87.62455,687,658,118,117,514,485,1345,999,235
"56","13154","Sheffield Ave & Kingsbury St",41.910522,-87.653106,1056,1068,240,239,771,801,2124,1572,479
"57","13155","Racine Ave & Randolph St",41.884069,-87.656853,312,363,82,81,216,264,675,480,163
"58","13156","Aberdeen St & Monroe St",41.880419,-87.655519,736,750,124,122,545,586,1486,1131,246
"59","13157","Aberdeen St & Jackson Blvd",41.8777183333333,-87.6548468333333,780,783,180,176,563,571,1563,1134,356
"60","13158","Peoria St & Jackson Blvd",41.8776415962753,-87.6496177911758,891,890,182,175,695,689,1781,1384,357
"61","13160","May St & Taylor St",41.8694545,-87.655524,538,493,113,98,397,363,1031,760,211
"62","13162","Halsted St & 21st St",41.8537798107274,-87.6466029882431,135,152,19,20,105,122,287,227,39
"63","13163","Morgan St & 18th St",41.858086,-87.651073,274,266,79,71,168,171,540,339,150
"64","13164","Racine Ave & 18th St",41.858166,-87.656495,511,491,127,114,360,355,1002,715,241
"65","13165","Racine Ave & 13th St",41.8650265,-87.6570326666667,84,87,27,24,48,51,171,99,51
"66","13179","Clark St & Lincoln Ave",41.9156971666667,-87.6345711666667,2086,2072,481,474,1433,1413,4158,2846,955
"67","13191","Sedgwick St & Webster Ave",41.922167,-87.638888,1074,1067,251,248,787,791,2141,1578,499
"68","13192","Halsted St & Dickens Ave",41.919936,-87.64883,1028,1095,251,249,749,816,2123,1565,500
"69","13193","Larrabee St & Webster Ave",41.921822,-87.64414,1800,1860,439,434,1272,1350,3660,2622,873
"70","13194","Ogden Ave & Race Ave",41.891795,-87.658751,776,776,214,217,534,518,1552,1052,431
"71","13196","Carpenter St & Huron St",41.894556,-87.653449,698,635,244,239,425,371,1333,796,483
"72","13197","Elizabeth (May) St & Fulton St",41.886616,-87.65804,313,337,89,90,215,231,650,446,179
"73","13206","Loomis St & Jackson Blvd",41.877945,-87.662007,484,497,73,69,396,411,981,807,142
"74","13213","State St & 29th St",41.8417368333333,-87.6269506666667,39,61,7,7,23,38,100,61,14
"75","13215","Rhodes Ave & 32nd St",41.836208,-87.613533,337,327,85,82,233,228,664,461,167
"76","13216","State St & 33rd St",41.834734,-87.625813,638,641,118,115,490,493,1279,983,233
"77","13217","Calumet Ave & 33rd St",41.8349,-87.61793,355,355,57,57,288,285,710,573,114
"78","13221","Wood St & Milwaukee Ave",41.907655,-87.672552,878,906,247,249,596,618,1784,1214,496
"79","13224","Ashland Ave & Blackhawk St",41.907066,-87.667252,777,774,226,226,514,514,1551,1028,452
"80","13229","Southport Ave & Belmont Ave",41.9394777504051,-87.6637476682663,624,620,156,154,441,443,1244,884,310
"81","13235","Southport Ave & Waveland Ave",41.94815,-87.66394,1249,1286,316,316,880,925,2535,1805,632
"82","13241","Western Ave & Division St",41.902893,-87.687275,350,326,149,141,183,173,676,356,290
"83","13242","Milwaukee Ave & Rockwell St",41.9201955620057,-87.6926591992378,301,326,94,93,195,210,627,405,187
"84","13243","Milwaukee Ave & Wabansia Ave",41.912616,-87.681391,959,958,227,226,680,689,1917,1369,453
"85","13245","Claremont Ave & Hirsch St",41.907781,-87.685854,144,121,41,32,101,89,265,190,73
"86","13247","Ashland Ave & Chicago Ave",41.895966,-87.667747,616,614,142,142,438,437,1230,875,284
"87","13248","Ashland Ave & Augusta Blvd",41.899643,-87.6677,485,476,114,112,352,339,961,691,226
"88","13249","Ashland Ave & Belle Plaine Ave",41.9560753333333,-87.6689345,189,198,30,27,146,158,387,304,57
"89","13253","Lincoln Ave & Waveland Ave",41.9488015,-87.6752446666667,374,359,113,113,246,238,733,484,226
"90","13256","California Ave & Division St",41.903029,-87.697474,319,355,120,121,170,202,674,372,241
"91","13257","Campbell Ave & North Ave",41.910535,-87.689556,430,411,145,134,258,254,841,512,279
"92","13258","California Ave & North Ave",41.9104208333333,-87.6970873333333,331,303,108,95,192,182,634,374,203
"93","13259","California Ave & Francis Pl (Temp)",41.9185586666667,-87.6974155,348,333,186,183,153,144,681,297,369
"94","13263","Columbus Dr & Randolph St",41.8845848333333,-87.6194876666667,2087,1405,404,340,1399,837,3492,2236,744
"95","13265","Kingsbury St & Erie St",41.8938080562436,-87.6416972279549,1295,1240,334,323,923,877,2535,1800,657
"96","13266","Stave St & Armitage Ave",41.917741,-87.691392,386,392,165,170,200,202,778,402,335
"97","13268","Damen Ave & Wellington Ave",41.93588,-87.67842,316,323,89,90,216,226,639,442,179
"98","13269","Ashland Ave & Wellington Ave",41.936134,-87.6699421666667,405,427,92,90,302,326,832,628,182
"99","13271","Damen Ave & Clybourn Ave",41.931931,-87.677856,345,350,102,104,226,223,695,449,206
"100","13276","Stockton Dr & Wrightwood Ave",41.93132,-87.638742,1261,1269,230,236,951,951,2530,1902,466
"101","13277","Broadway & Belmont Ave",41.940106,-87.645451,1112,1143,184,181,865,901,2255,1766,365
"102","13278","Broadway & Cornelia Ave",41.9455941666667,-87.6464035,1602,1590,357,348,1168,1167,3192,2335,705
"103","13285","Wood St & Taylor St (Temp)",41.8692652184382,-87.6737308502197,538,543,114,137,415,400,1081,815,251
"104","13288","Damen Ave & Charleston St",41.920082,-87.677855,449,423,122,108,279,271,872,550,230
"105","13289","Eckhart Park",41.89637337,-87.66098386,707,696,189,184,498,497,1403,995,373
"106","13290","Noble St & Milwaukee Ave",41.90068,-87.6626,607,576,116,112,453,422,1183,875,228
"107","13292","Kedzie Ave & Palmer Ct",41.921525,-87.707322,330,324,103,106,203,201,654,404,209
"108","13294","Greenview Ave & Diversey Pkwy",41.9325896342979,-87.6659363508224,446,426,86,82,334,321,872,655,168
"109","13296","Ashland Ave & Wrightwood Ave",41.92883,-87.668507,395,401,91,94,280,284,796,564,185
"110","13300","Lake Shore Dr & Monroe St",41.880958,-87.616743,3705,3500,391,381,2179,2132,7205,4311,772
"111","13303","Clark St & Chicago Ave",41.896694,-87.6308233333333,1130,1110,302,297,769,755,2240,1524,599
"112","13304","Racine Ave & 15th St",41.861267,-87.656625,155,154,34,33,113,113,309,226,67
"113","13307","Laflin St & Cullerton St",41.854799,-87.663716,169,149,37,35,112,100,318,212,72
"114","13319","Ashland Ave & Grace St",41.950687,-87.6687,430,391,105,100,308,274,821,582,205
"115","13323","Broadway & Sheridan Rd",41.952833,-87.649993,926,932,210,206,689,695,1858,1384,416
"116","13325","Broadway & Waveland Ave",41.9490813333333,-87.6486311666667,1432,1442,349,353,996,1031,2874,2027,702
"117","13326","Canal St & Harrison St",41.874255,-87.639573,184,178,25,24,142,143,362,285,49
"118","13331","May St & Cullerton St",41.855136,-87.654127,160,150,36,36,117,106,310,223,72
"119","13332","Loomis St & Lexington St",41.872187,-87.661501,959,939,163,145,785,782,1898,1567,308
"120","13338","Mies van der Rohe Way & Chicago Ave",41.89691,-87.621743,1114,1156,217,220,801,815,2270,1616,437
"121","13341","Canal St & Madison St",41.8832108333333,-87.6399945,665,650,173,167,447,450,1315,897,340
"122","13345","Calumet Ave & 35th St",41.831379,-87.618034,112,121,11,12,95,96,233,191,23
"123","13353","Ada St & Washington Blvd",41.88283,-87.661206,635,624,137,133,478,471,1259,949,270
"124","13354","Ashland Ave & 13th St",41.865234,-87.666507,171,198,40,41,129,157,369,286,81
"125","13379","Clarendon Ave & Gordon Ter",41.957865,-87.64944,817,815,196,198,596,591,1632,1187,394
"126","13389","Clarendon Ave & Junior Ter",41.9609641666667,-87.6493173333333,836,814,215,213,587,569,1650,1156,428
"127","13398","Blackstone Ave & Hyde Park Blvd",41.802562,-87.590368,405,408,92,92,289,292,813,581,184
"128","13409","Sangamon St & Washington Blvd",41.883165,-87.6511,590,578,133,129,440,416,1168,856,262
"129","13420","MLK Jr Dr & Pershing Rd",41.8246,-87.61678,87,86,23,22,53,53,173,106,45
"130","13427","Cityfront Plaza Dr & Pioneer Ct",41.890573,-87.622072,952,894,173,175,692,612,1846,1304,348
"131","13430","LaSalle St & Illinois St",41.890762,-87.631697,1618,1659,401,407,1091,1096,3277,2187,808
"132","13431","Adler Planetarium",41.866095,-87.607267,1335,1313,148,131,845,833,2648,1678,279
"133","13432","Wood St & Hubbard St",41.88994,-87.6715071666667,253,295,85,86,163,200,548,363,171
"134","13434","Ashland Ave & Grand Ave",41.891072,-87.666611,285,318,72,72,200,236,603,436,144
"135","15442","Ashland Ave & Archer Ave",41.83920868403,-87.6656098589,94,73,17,15,70,51,167,121,32
"136","15443","Shields Ave & 28th Pl",41.842733,-87.635491,113,120,32,29,78,87,233,165,61
"137","15445","Wentworth Ave & 33rd St",41.83452988563,-87.6318229814,112,128,25,27,78,87,240,165,52
"138","15446","Racine Ave & 35th St",41.83069611252,-87.6559759116,90,98,24,27,62,59,188,121,51
"139","15449","State St & Pershing Rd",41.8230423333333,-87.6265903333333,11,15,5,5,5,6,26,11,10
"140","15470","Calumet Ave & 51st St",41.80229465088,-87.6180535802,82,81,17,17,61,60,163,121,34
"141","15491","63rd St Beach",41.7811396666667,-87.5761311666667,208,227,40,37,109,134,435,243,77
"142","15529","Mies van der Rohe Way & Chestnut St",41.8985866514,-87.6219152258,1368,1361,214,213,993,957,2729,1950,427
"143","15530","Rush St & Superior St",41.89576474564,-87.6259080327,1272,1297,277,273,861,897,2569,1758,550
"144","15534","Field Blvd & South Water St",41.886349,-87.617517,938,930,248,245,558,581,1868,1139,493
"145","15535","Desplaines St & Randolph St",41.88461618962,-87.6445705849,830,819,185,186,599,590,1649,1189,371
"146","15539","Desplaines St & Jackson Blvd",41.878287,-87.643909,910,908,200,201,684,676,1818,1360,401
"147","15541","Buckingham Fountain",41.876511228817,-87.6205480098724,1181,1080,123,117,588,556,2261,1144,240
"148","15542","Clinton St & Polk St",41.87146651779,-87.6409491327,92,122,13,13,70,99,214,169,26
"149","15544","Shedd Aquarium",41.867226,-87.615355,1813,1548,238,203,1023,903,3361,1926,441
"150","15545","Burnham Harbor",41.856268,-87.613348,987,989,78,77,813,819,1976,1632,155
"151","15546","Calumet Ave & 21st St",41.8539721666667,-87.6189415,168,184,54,54,86,108,352,194,108
"152","15550","Canal St & Taylor St",41.870257,-87.639474,422,428,60,58,310,330,850,640,118
"153","15571","Broadway & Granville Ave",41.9947796884,-87.6602845349,623,606,152,147,421,408,1229,829,299
"154","15575","Broadway & Thorndale Ave",41.98974251144,-87.6601406209,479,501,112,113,334,353,980,687,225
"155","15578","Broadway & Ridge Ave",41.9840446107,-87.6602738295,436,433,118,112,297,313,869,610,230
"156","15585","Budlong Woods Library",41.98366470886,-87.6964225611,78,73,35,32,39,36,151,75,67
"157","15597","Halsted St & 69th St",41.7690143333333,-87.6446325,15,9,4,4,2,0,24,0,8
"158","15599","Calumet Ave & 71st St",41.76550800581,-87.616917925,8,14,2,2,6,12,22,18,4
"159","15615","Christiana Ave & Lawrence Ave",41.96835449363,-87.7118306675,96,95,33,34,63,57,191,120,67
"160","15621","Albany Ave & Montrose Ave",41.9609675,-87.7058096666667,130,143,66,68,59,71,273,130,134
"161","15622","California Ave & Montrose Ave",41.961068,-87.695439,234,245,67,70,144,157,479,301,137
"162","15623","Campbell Ave & Montrose Ave",41.9615735,-87.691179,197,212,76,80,119,128,409,247,156
"163","15624","Avondale Ave & Irving Park Rd",41.953393,-87.732002,97,101,52,53,43,45,198,88,105
"164","15628","California Ave & Byron St",41.95216219326,-87.698051113,159,178,63,65,70,90,337,160,128
"165","15631","Troy St & Elston Ave",41.9451926666667,-87.706885,156,179,49,51,103,117,335,220,100
"166","15632","Talman Ave & Addison St",41.9466358306,-87.694614758,142,136,40,39,96,87,278,183,79
"167","15634","Western Ave & Roscoe St",41.943034,-87.687288,183,184,33,34,143,145,367,288,67
"168","15640","Avers Ave & Belmont Ave",41.939408,-87.723574,114,107,30,32,68,61,221,129,62
"169","15642","California Ave & Fletcher St",41.93842879148,-87.698007756,258,282,96,96,127,161,540,288,192
"170","15643","Kosciuszko Park",41.930585,-87.723777,168,174,67,67,96,94,342,190,134
"171","15644","Central Park Ave & Elbridge Ave",41.93533728263,-87.7168892935,146,141,59,63,83,73,287,156,122
"172","15645","Richmond St & Diversey Ave",41.93190196886,-87.7011951301,155,174,57,57,86,104,329,190,114
"173","15646","California Ave & Altgeld St",41.9266195,-87.6977333333333,309,326,139,141,157,169,635,326,280
"174","15648","Campbell Ave & Fullerton Ave",41.92463247165,-87.6893070063,286,286,135,132,141,139,572,280,267
"175","15650","Spaulding Ave & Armitage Ave",41.9171080347893,-87.7102209627628,253,261,106,108,125,135,514,260,214
"176","15651","Humboldt Blvd & Armitage Ave",41.91751339399,-87.7018089555,388,391,145,143,222,217,779,439,288
"177","15652","Central Park Ave & North Ave",41.9096633333333,-87.7167005,88,90,36,36,50,48,178,98,72
"178","15653","Troy St & North Ave",41.90976930169,-87.7052804871,283,282,87,85,161,162,565,323,172
"179","15654","Spaulding Ave & Division St",41.9027318333333,-87.7092525,184,188,91,84,82,93,372,175,175
"180","15655","Albany Ave & Bloomingdale Ave",41.9139626666667,-87.7052433333333,326,313,136,132,168,153,639,321,268
"181","15664","Artesian Ave & Hubbard St",41.88949181977,-87.6882193648,139,155,82,86,57,67,294,124,168
"182","15666","California Ave & Lake St",41.88445395657,-87.6962981368,59,52,29,23,21,21,111,42,52
"183","15667","Western Ave & Monroe St",41.8797877089,-87.686112808,133,155,34,34,81,113,288,194,68
"184","15668","Western Ave & Congress Pkwy",41.87474885079,-87.6864452757,123,130,29,29,90,94,253,184,58
"185","15682","Kedzie Ave & Roosevelt Rd",41.86649278172,-87.7064961757,14,19,8,8,6,11,33,17,16
"186","15685","Central Park Ave & Ogden Ave",41.8539516666667,-87.7150773333333,39,36,14,15,24,18,75,42,29
"187","15686","Kedzie Ave & 21st St",41.85353363213,-87.7050730318,26,27,4,4,22,23,53,45,8
"188","15687","Central Park Ave & 24th St",41.8481,-87.715068,7,15,3,4,4,10,22,14,7
"189","15689","California Ave & 23rd Pl",41.8491131666667,-87.6951758333333,52,54,16,15,35,39,106,74,31
"190","15691","Albany Ave & 26th St",41.84447501366,-87.7020130128,25,17,8,6,13,10,42,23,14
"191","15692","California Ave & 26th St",41.84404003127,-87.6952959227,13,8,3,3,9,5,21,14,6
"192","16010","Keystone Ave & Fullerton Ave",41.9246183333333,-87.7278545,56,85,42,44,14,33,141,47,86
"193","16806","Bosworth Ave & Howard St",42.019537,-87.669563,82,86,15,17,62,66,168,128,32
"194","16903","Cicero Ave & Lake St",41.8868545,-87.7453438333333,20,17,9,11,9,5,37,14,20
"195","16905","Central Ave & Lake St",41.8876695,-87.7654305,34,36,19,18,9,11,70,20,37
"196","16906","Austin Blvd & Lake St",41.887919,-87.774446,34,38,12,10,22,28,72,50,22
"197","16907","Central Park Blvd & 5th Ave",41.8756485,-87.7154865,55,51,45,40,8,10,106,18,85
"198","16912","Cicero Ave & Flournoy St",41.872131,-87.746619,7,5,4,2,2,3,12,5,6
"199","16913","Cicero Ave & Quincy St",41.8776216666667,-87.7454025,10,12,1,0,7,10,22,17,0
"200","16915","Central Ave & Harrison St",41.872993,-87.764499,26,22,3,3,16,13,48,29,6
"201","16916","Central Ave & Madison St",41.880121,-87.763238,29,19,2,0,27,19,48,46,0
"202","16918","Austin Blvd & Madison St",41.8802963333333,-87.7744691666667,15,13,3,4,12,9,28,21,7
"203","16920","Central Ave & Chicago Ave",41.8949713333333,-87.7649071666667,56,46,38,30,15,13,102,28,68
"204","16921","Austin Blvd & Chicago Ave",41.8949375,-87.7742758333333,19,21,10,10,8,9,40,17,20
"205","16932","Ashland Ave & Pershing Rd",41.823505,-87.6656186666667,28,33,7,7,20,26,61,46,14
"206","16933","Morgan St & Pershing Rd",41.8236063333333,-87.650809,19,13,1,2,18,11,32,29,3
"207","16937","Ashland Ave & McDowell Ave",41.80887,-87.66454,16,11,6,5,7,5,27,12,11
"208","16940","Ashland Ave & 50th St",41.803023,-87.664699,12,6,1,1,10,5,18,15,2
"209","16943","Ashland Ave & Garfield Blvd",41.792934,-87.6643838333333,11,6,3,3,8,3,17,11,6
"210","16948","Ashland Ave & 63rd St",41.779374,-87.664843,15,15,4,4,8,8,30,16,8
"211","16950","Ashland Ave & 66th St",41.774074,-87.663815,20,21,13,14,3,3,41,6,27
"212","16953","Vincennes Ave & 75th St",41.75797,-87.63121,4,6,0,0,2,2,10,4,0
"213","16970","Bennett Ave & 79th St",41.751785,-87.578496,9,3,0,0,7,2,12,9,0
"214","16991","Milwaukee Ave & Cuyler Ave",41.9544566666667,-87.7496281666667,46,47,19,23,23,21,93,44,42
"215","16994","Kilbourn Ave & Milwaukee Ave",41.948818,-87.74002,35,32,3,5,32,27,67,59,8
"216","17660","California Ave & Cortez St",41.900363,-87.696704,309,320,137,136,155,173,629,328,273
"217","18003","Fairbanks St & Superior St",41.895748,-87.620104,661,683,121,122,497,514,1344,1011,243
"218","18016","Bernard St & Elston Ave",41.949923,-87.713949,105,109,56,57,43,51,214,94,113
"219","18017","Central Park Ave & Bloomingdale Ave",41.914166,-87.716755,262,263,33,33,187,187,525,374,66
"220","18022","Archer (Damen) Ave & 37th St",41.8267471666667,-87.6832211666667,48,51,15,17,18,22,99,40,32
"221","18025","Carpenter St & 63rd St",41.7798495,-87.6507901666667,1,2,1,1,0,0,3,0,2
"222","18058","Leavitt St & Chicago Ave",41.8954925,-87.681956,309,317,76,75,231,229,626,460,151
"223","18062","Aberdeen St & Randolph St",41.8841303333333,-87.654254,641,657,207,207,409,417,1298,826,414
"224","18067","Walsh Park",41.91461,-87.667968,373,346,35,31,311,283,719,594,66
"225","18069","Cherry Ave & Blackhawk St",41.907221,-87.655618,83,76,15,18,62,53,159,115,33
"226","20.0","Damen Ave & Wabansia Ave",41.91,-87.68,40,39,40,39,0,0,79,0,79
"227","20101","Summit Ave & 86th St",41.7378673333333,-87.6449295,5,7,3,3,0,0,12,0,6
"228","20103","Prospect Sq & 91st St",41.7279426666667,-87.6676126666667,16,15,7,2,8,12,31,20,9
"229","20104","State St & 95th St",41.7218499,-87.6228544,45,42,26,21,15,18,87,33,47
"230","20105","Halsted St & 96th St",41.719719,-87.642785,15,15,14,13,1,2,30,3,27
"231","20106","Chicago State University",41.7189826666667,-87.608347,62,52,28,16,24,27,114,51,44
"232","20107","Walden Pkwy & 100th St",41.7122398333333,-87.6676748333333,6,8,1,1,5,5,14,10,2
"233","20108","Hale Ave & 107th St",41.6992061681277,-87.668918967247,14,9,2,1,10,7,23,17,3
"234","20109","Vernon Ave & 107th St",41.7001213792389,-87.6122599840164,21,15,11,3,5,5,36,10,14
"235","20110","Eberhart Ave & 91st St",41.7295405,-87.6095013333333,20,14,17,11,3,3,34,6,28
"236","20112","Indiana Ave & 103rd St",41.7071405,-87.6182868333333,17,14,7,4,10,10,31,20,11
"237","20113","Dauphin Ave & 103rd St",41.7073115,-87.6076603333333,9,8,4,4,3,2,17,5,8
"238","20116","Dauphin Ave & 87th St",41.7364043333333,-87.6012768333333,28,18,10,3,13,12,46,25,13
"239","20118","Eggleston Ave & 92nd St",41.7276083333333,-87.6348665,11,10,9,8,2,2,21,4,17
"240","20119","Elizabeth St & 92nd St",41.726795,-87.6542978333333,37,30,25,16,7,9,67,16,41
"241","20120","Stewart Ave & 83rd St",41.743717,-87.634088,18,9,6,5,11,3,27,14,11
"242","20121","Loomis Blvd & 84th St",41.741487,-87.65841,24,27,5,6,17,18,51,35,11
"243","20123","Western Ave & 104th St",41.7045871021891,-87.6812034845352,11,9,1,2,9,7,20,16,3
"244","20124","Vincennes Ave & 104th St",41.7049255649976,-87.6568681095887,5,5,0,0,5,5,10,10,0
"245","20125","Halsted St & 104th St",41.7051773333333,-87.6423791666667,15,12,10,6,5,6,27,11,16
"246","20127","Halsted St & 111th St",41.6922696666667,-87.6427323333333,9,11,2,2,7,9,20,16,4
"247","20128","S Wentworth Ave & W 111th St",41.69,-87.63,3,0,3,0,0,0,0,0,0
"248","20129","Ada St & 113th St",41.6875651666667,-87.6553633333333,2,2,1,1,1,1,4,2,2
"249","20130","Wentworth Ave & 104th St",41.7053079969982,-87.6292169094086,23,16,6,6,15,8,39,23,12
"250","20131","Cottage Grove Ave & 111th Pl",41.69171,-87.610002,10,10,0,0,9,10,20,19,0
"251","20133","Woodlawn & 103rd - Olive Harvey Vaccination Site",41.71,-87.59,0,0,0,0,0,0,0,0,0
"252","20201","Kedzie Ave & 104th St",41.7,-87.7,2,1,2,1,0,0,3,0,3
"253","20203","Lawndale Ave & 111th St",41.6913191922107,-87.7128857374191,31,27,1,2,19,14,58,33,3
"254","20204","Kedzie Ave & 110th St",41.692405,-87.7009531666667,9,9,3,0,1,4,18,5,0
"255","20205","Western Ave & 111th St",41.691211,-87.681297,18,16,4,1,7,8,34,15,5
"256","20206","Homewood Ave & 115th St",41.6845956666667,-87.6708126666667,24,18,14,9,8,7,42,15,23
"257","20207","Major Taylor Trail & 115th St",41.684931595193,-87.6452887058258,11,10,1,1,7,6,21,13,2
"258","20208","Major Taylor Trail & 124th St",41.6687116666667,-87.6372665,5,6,1,1,2,3,11,5,2
"259","20210","State St & 123rd St",41.6706471666667,-87.6227765,8,10,5,6,3,4,18,7,11
"260","20211","Eberhart Ave & 131st St",41.6584131511011,-87.6107108969882,9,5,5,2,3,2,14,5,7
"261","20212","Altgeld Gardens",41.6570855,-87.5988655,2,0,2,0,0,0,0,0,0
"262","20213","Commercial Ave & 130th St",41.6591488333333,-87.5507918333333,14,14,9,9,4,4,28,8,18
"263","20214","Avenue O & 134th St",41.6519381666667,-87.5396495,15,10,9,3,5,6,25,11,12
"264","20215","Hegewisch Metra Station",41.6485007626641,-87.546089887619,3,2,1,1,2,1,5,3,2
"265","20217","Torrence Ave & 126th Pl",41.6662293333333,-87.5571013333333,2,2,2,2,0,0,4,0,4
"266","20218","Avenue O & 118th St",41.6810014591104,-87.5379312226869,11,11,3,3,8,8,22,16,6
"267","20220","Avenue L & 114th St",41.69,-87.54,2,0,2,0,0,0,0,0,0
"268","20221","Torrence Ave & 106th St",41.7028008502259,-87.5597262382507,6,7,3,3,3,4,13,7,6
"269","20222","Burnham Greenway & 105th St",41.7046341666667,-87.5283858333333,21,23,9,9,8,10,44,18,18
"270","20223","Ewing Ave & Burnham Greenway",41.7127123333333,-87.5346026666667,22,17,10,8,8,5,39,13,18
"271","20224","Calumet Park",41.7137296666667,-87.5308751666667,32,23,26,19,5,3,55,8,45
"272","20225","Commercial Ave & 100th St",41.7133106666667,-87.5511691666667,4,5,3,3,0,0,9,0,6
"273","20226","Oglesby Ave & 100th St",41.7132805,-87.5658761666667,22,21,4,5,7,8,43,15,9
"274","20227","Bradley Park",41.7179568333333,-87.5645915,16,15,10,7,4,3,31,7,17
"275","20228","Constance Ave & 95th St",41.7221016666667,-87.578947,8,12,4,3,4,9,20,13,7
"276","20229","Baltimore Ave & 87th St",41.7373151666667,-87.5485661666667,22,26,7,6,12,17,48,29,13
"277","20230","Clyde Ave & 87th St",41.7371514643106,-87.572740316391,24,20,6,2,16,15,44,31,8
"278","20231","East End Ave & 87th St",41.7367896666667,-87.5828053333333,14,9,9,6,4,2,23,6,15
"279","20232","Big Marsh Park",41.685877,-87.573824,25,25,6,6,11,11,50,22,12
"280","20233","Halsted St & 78th St",41.7525406666667,-87.6437558333333,8,8,7,6,1,2,16,3,13
"281","20234","Ashland Ave & 78th St",41.752277,-87.663783,3,6,3,2,0,0,9,0,5
"282","20235","Greenwood Ave & 91st St",41.728264,-87.597299,8,13,4,2,2,9,21,11,6
"283","20236","Stony Island Ave & 90th St",41.7315035,-87.5858068333333,11,9,7,4,3,4,20,7,11
"284","20238","Greenwood Ave & 97th St",41.7187038333333,-87.5970031666667,22,16,14,10,7,5,38,12,24
"285","20239","Marquette Ave & 89th St",41.7336816666667,-87.5585038333333,24,23,4,2,20,21,47,41,6
"286","20242","Houston Ave & 92nd St",41.728212,-87.54955,22,15,11,4,9,10,37,19,15
"287","20243","Michigan Ave & 114th St",41.6870036666667,-87.6211566666667,13,13,7,6,6,7,26,13,13
"288","20244","Halsted St & 73rd St",41.761605,-87.644161,3,3,1,1,1,1,6,2,2
"289","20245","Ashland Ave & 74th St",41.7592360242587,-87.6634740829468,10,10,1,1,8,6,20,14,2
"290","20246.0","N Green St & W Lake St",41.89,-87.65,99,50,99,50,0,0,149,0,149
"291","20247.0","W Washington Blvd & N Peoria St",41.88,-87.65,12,13,12,13,0,0,25,0,25
"292","202480.0","Hampden Ct & Diversey Ave",41.93,-87.64,1,11,1,11,0,0,12,0,12
"293","20249.0","N Clark St & W Elm St",41.9,-87.63,0,0,0,0,0,0,0,0,0
"294","20251.0","N Carpenter St & W Lake St",41.89,-87.65,10,4,10,4,0,0,14,0,14
"295","20252.0","W Oakdale Ave & N Broadway",41.94,-87.64,96,77,96,77,0,0,173,0,173
"296","20253.0","N Paulina St & Lincoln Ave",41.94,-87.67,6,6,6,6,0,0,12,0,12
"297","20254.0","W Armitage Ave & N Sheffield Ave",41.92,-87.65,22,13,22,13,0,0,35,0,35
"298","20256.0","N Sheffield Ave & W Wellington Ave",41.94,-87.65,48,39,48,39,0,0,87,0,87
"299","20257.0","N Southport Ave & W Newport Ave",41.94,-87.66,23,23,23,23,0,0,46,0,46
"300","331","Halsted St & Clybourn Ave",41.909668,-87.648128,1242,1290,344,341,850,912,2532,1762,685
"301","514","Ridge Blvd & Howard St",42.019276,-87.68452,27,17,7,6,17,10,44,27,13
"302","515","Paulina St & Howard St",42.019159,-87.673573,140,124,43,35,83,80,264,163,78
"303","517","Clark St & Jarvis Ave",42.0159325,-87.6749528333333,90,74,26,23,60,47,164,107,49
"304","518","Conservatory Dr & Lake St",41.885502,-87.716866,97,84,36,30,52,45,181,97,66
"305","519","Wolcott Ave & Fargo Ave",42.016977,-87.677725,25,21,3,4,22,16,46,38,7
"306","520","Greenview Ave & Jarvis Ave",42.015962,-87.66857,229,238,68,74,158,158,467,316,142
"307","523","Eastlake Ter & Rogers Ave",42.020887,-87.665058,216,211,63,63,140,138,427,278,126
"308","525","Glenwood Ave & Touhy Ave",42.0128695,-87.6658818333333,153,145,38,40,112,96,298,208,78
"309","527","Western Ave & Howard St",42.018901,-87.690048,60,66,36,42,18,18,126,36,78
"310","528","Pulaski Rd & Lake St",41.8853501666667,-87.7266465,15,17,11,12,4,4,32,8,23
"311","530","Laramie Ave & Kinzie St",41.887832,-87.755527,18,13,15,9,0,0,31,0,24
"312","534","Karlov Ave & Madison St",41.88085,-87.727907,12,7,6,4,6,3,19,9,10
"313","535","Pulaski Rd & Congress Pkwy",41.8743345,-87.7259226666667,11,13,5,5,4,7,24,11,10
"314","536","Kostner Ave & Lake St",41.8859605,-87.735449,2,1,1,1,1,0,3,0,2
"315","537","Kenton Ave & Madison St",41.880708,-87.741018,17,7,2,2,7,4,24,11,4
"316","540","Laramie Ave & Madison St",41.8802261666667,-87.7553656666667,15,11,1,1,10,7,26,17,2
"317","543","Laramie Ave & Gladys Ave",41.8758343333333,-87.7553238333333,5,1,2,0,3,1,6,4,0
"318","545","Kostner Ave & Adams St",41.8779228333333,-87.7360238333333,19,29,10,9,9,16,48,25,19
"319","546","Damen Ave & Pershing Rd",41.8231875,-87.676684,50,60,28,27,12,21,110,33,55
"320","549","Marshfield Ave & 44th St",41.8140681666667,-87.6665743333333,11,20,7,14,4,4,31,8,21
"321","553","Elizabeth St & 47th St",41.80839,-87.656526,12,13,3,4,7,8,25,15,7
"322","554","Damen Ave & 51st St",41.800908,-87.674684,17,16,10,6,5,7,33,12,16
"323","556","Throop St & 52nd St",41.799659,-87.657195,6,4,1,1,3,3,10,6,2
"324","557","Seeley Ave & Garfield Blvd",41.794087,-87.675478,9,3,3,0,6,3,12,9,0
"325","559","Racine Ave & Garfield Blvd",41.794228,-87.655073,14,16,1,2,12,12,30,24,3
"326","560","Marshfield Ave & 59th St",41.786833,-87.666215,3,5,0,0,1,1,8,2,0
"327","561","Damen Ave & 59th St",41.7848255,-87.6736518333333,10,13,2,4,0,0,23,0,6
"328","562","Racine Ave & 61st St",41.783189,-87.654372,2,1,0,0,1,0,3,0,0
"329","567","May St & 69th St",41.768938,-87.652934,8,5,2,2,4,0,13,0,4
"330","569","Woodlawn Ave & 75th St",41.75916,-87.595751,4,3,0,0,3,2,7,5,0
"331","570","Evans Ave & 75th St",41.7585168333333,-87.6064236666667,11,16,4,4,7,11,27,18,8
"332","571","Vernon Ave & 75th St",41.758361,-87.614138,21,27,15,18,3,7,48,10,33
"333","572","State St & 76th St",41.756971,-87.624621,1,1,0,0,1,1,2,2,0
"334","573","State St & 79th St",41.7507871666667,-87.6244468333333,27,19,14,13,11,5,46,16,27
"335","574","Vernon Ave & 79th St",41.75094,-87.61379,22,18,9,7,11,6,40,17,16
"336","575","Cottage Grove Ave & 78th St",41.753174,-87.605026,23,21,9,9,13,11,44,24,18
"337","576","Greenwood Ave & 79th St",41.751294,-87.597552,21,17,6,5,12,11,38,23,11
"338","577","Stony Island Ave & South Chicago Ave",41.751173,-87.585337,24,19,10,10,12,8,43,20,20
"339","579","Phillips Ave & 79th St",41.75182,-87.565211,52,53,25,25,21,24,105,45,50
"340","580","Exchange Ave & 79th St",41.7515475,-87.552879,15,16,3,3,10,10,31,20,6
"341","582","Phillips Ave & 83rd St",41.744531,-87.56506,10,7,1,1,8,5,17,13,2
"342","583","Stony Island Ave & 82nd St",41.7464968333333,-87.5859561666667,34,33,26,26,7,6,67,13,52
"343","584","Ellis Ave & 83rd St",41.744123,-87.599034,16,16,1,2,15,14,32,29,3
"344","585","Cottage Grove Ave & 83rd St",41.743441,-87.604836,10,12,2,2,8,7,22,15,4
"345","586","MLK Jr Dr & 83rd St",41.743116,-87.6148,1,1,0,0,1,1,2,2,0
"346","587","Wabash Ave & 83rd St",41.7432553333333,-87.622784,5,2,1,1,4,1,7,5,2
"347","588","South Chicago Ave & 83rd St",41.743921,-87.575225,9,6,0,0,9,6,15,15,0
"348","590","Kilbourn Ave & Irving Park Rd",41.9538,-87.7405343333333,35,28,13,13,21,13,63,34,26
"349","592","Knox Ave & Montrose Ave",41.960631,-87.745359,41,42,29,27,12,14,83,26,56
"350","593","Halsted St & 59th St",41.787539,-87.644874,3,1,1,1,2,0,4,0,2
"351","594","Western Blvd & 48th Pl",41.8056755,-87.6834025,36,34,26,20,5,13,70,18,46
"352","595","Wabash Ave & 87th St",41.736646,-87.622634,32,31,6,8,26,21,63,47,14
"353","596","Benson Ave & Church St",42.048214,-87.683485,414,424,108,113,275,286,838,561,221
"354","598","Elmwood Ave & Austin St",42.025804,-87.6841103333333,58,59,34,29,20,22,117,42,63
"355","599","Valli Produce - Evanston Plaza",42.0397195,-87.6994076666667,86,79,36,35,43,34,165,77,71
"356","600","Dodge Ave & Church St",42.0483635,-87.6984213333333,60,59,13,8,46,51,119,97,21
"357","604","Sheridan Rd & Noyes St (NU)",42.0582303333333,-87.677524,435,435,109,103,292,292,870,584,212
"358","605","University Library (NU)",42.052939,-87.673447,195,200,68,67,100,114,395,214,135
"359","620","Orleans St & Chestnut St (NEXT Apts)",41.898203,-87.637536,667,649,170,168,478,464,1316,942,338
"360","623","Michigan Ave & 8th St",41.8724125,-87.6240958333333,1180,1104,192,168,716,674,2284,1390,360
"361","624","Dearborn St & Van Buren St",41.876268,-87.629155,504,462,90,71,366,352,966,718,161
"362","631","Malcolm X College Vaccination Site",41.8775951666667,-87.6739445,74,78,18,17,52,54,152,106,35
"363","632","Clark St & Newport St",41.94454,-87.654678,1600,1585,421,423,1097,1087,3185,2184,844
"364","636","Orleans St & Hubbard St",41.890028,-87.636618,620,632,180,180,425,440,1252,865,360
"365","637","Wood St & Chicago Ave",41.895634,-87.672069,468,471,110,107,338,350,939,688,217
"366","638","Clinton St & Jackson Blvd",41.8785203333333,-87.6411248333333,596,590,144,144,439,433,1186,872,288
"367","639","Lakefront Trail & Wilson Ave",41.965845,-87.645361,733,732,92,92,515,524,1465,1039,184
"368","642","Latrobe Ave & Chicago Ave",41.894745,-87.756895,11,10,1,1,9,7,21,16,2
"369","643","Smith Park",41.892048,-87.689397,147,160,47,47,83,96,307,179,94
"370","644","Western Ave & Fillmore St",41.868563,-87.686234,257,236,150,141,104,88,493,192,291
"371","646","State St & 54th St",41.796642,-87.625923,11,11,0,0,9,9,22,18,0
"372","647","Elizabeth St & 59th St",41.786691,-87.655859,10,12,0,0,10,11,22,21,0
"373","649","Stewart Ave & 63rd St",41.779835,-87.634774,24,22,17,18,7,3,46,10,35
"374","650","Eggleston Ave & 69th St",41.768898,-87.635876,16,6,1,0,11,6,22,17,0
"375","651","Michigan Ave & 71st St",41.7653168333333,-87.6217413333333,13,18,9,8,3,9,31,12,17
"376","652","Rhodes Ave & 71st St",41.766,-87.611726,11,15,9,5,2,6,26,8,14
"377","653","Cornell Dr & Hayes Dr",41.780595,-87.584846,73,72,9,9,38,41,145,79,18
"378","654","Racine Ave & Washington Blvd",41.883073,-87.656952,344,361,66,63,249,275,705,524,129
"379","655","Hoyne Ave & Balmoral Ave",41.9799585,-87.6820255,132,150,58,65,74,84,282,158,123
"380","657","Wood St & Augusta Blvd",41.899181,-87.6722,369,342,106,97,251,231,711,482,203
"381","658","Leavitt St & Division St",41.902997,-87.683825,285,251,84,81,194,158,536,352,165
"382","660","Sheridan Rd & Columbia Ave",42.004583,-87.661406,345,339,93,84,240,240,684,480,177
"383","661","Evanston Civic Center",42.057044,-87.686554,108,101,28,25,66,61,209,127,53
"384","662","Dodge Ave & Mulford St",42.023463,-87.699595,37,36,3,3,31,30,73,61,6
"385","665","South Chicago Ave & Elliot Ave",41.747363,-87.580046,0,0,0,0,0,0,0,0,0
"386","E002","Chicago Ave & Washington St",42.032562,-87.679101,318,332,96,98,201,204,650,405,194
"387","E006","Central St Metra",42.063598,-87.69873,84,93,17,16,65,72,177,137,33
"388","E007","Central St & Girard Ave",42.064321,-87.6861095,69,75,19,16,43,58,144,101,35
"389","E008","Chicago Ave & Sheridan Rd",42.0504386666667,-87.677839,337,345,60,61,239,235,682,474,121
"390","E011","Dodge Ave & Main St",42.0346318516159,-87.6991876959801,36,41,6,6,28,33,77,61,12
"391","E014","Lincolnwood Dr & Central St",42.064854,-87.715297,84,80,6,6,72,70,164,142,12
"392","Hubbard Bike-checking (LBS-WH-TEST)","Base - 2132 W Hubbard Warehouse",41.8899481666667,-87.6801913333333,10,25,5,4,5,10,35,15,9
"393","KA1503000001","Shields Ave & 43rd St",41.81582,-87.63416,7,6,1,1,4,4,13,8,2
"394","KA1503000002","South Shore Dr & 71st St",41.7664094567,-87.5656875719,142,138,57,57,68,63,280,131,114
"395","KA1503000003","Cottage Grove Ave & 71st St",41.7657465,-87.6050545,10,6,3,3,6,2,16,8,6
"396","KA1503000004","Lake Park Ave & 35th St",41.83127423549,-87.6087991946,286,276,38,36,183,167,562,350,74
"397","KA1503000005","Wentworth Ave & 35th St",41.8307075,-87.6325151666667,91,77,17,17,59,54,168,113,34
"398","KA1503000007","Cornell Ave & Hyde Park Blvd",41.8023991666667,-87.5869878333333,613,607,129,129,422,414,1220,836,258
"399","KA1503000009","Princeton Ave & 47th St",41.80931770924,-87.633449288,18,20,3,3,15,16,38,31,6
"400","KA1503000010","Halsted St & 51st St",41.80183164049,-87.645213904,2,2,0,0,2,2,4,4,0
"401","KA1503000011","Halsted St & 56th St",41.79292964599,-87.6449900565,8,4,1,1,6,3,12,9,2
"402","KA1503000012","Clark St & Lake St",41.88602082773,-87.6308760584,972,932,193,192,720,657,1904,1377,385
"403","KA1503000013","Princeton Ave & Garfield Blvd",41.794982,-87.633124,30,26,7,8,22,16,56,38,15
"404","KA1503000014","Ellis Ave & 60th St",41.78509714636,-87.6010727606,1154,1089,216,187,917,856,2243,1773,403
"405","KA1503000015","Wabash Ave & Adams St",41.8796783333333,-87.6255285,754,746,154,153,481,458,1500,939,307
"406","KA1503000018","Jeffery Blvd & 71st St",41.76663823695,-87.5764501141,47,48,15,17,26,22,95,48,32
"407","KA1503000019","Stony Island Ave & 75th St",41.7586696704,-87.586882871,47,48,19,19,27,28,95,55,38
"408","KA1503000020","South Shore Dr & 74th St",41.762189,-87.559275,67,61,37,33,23,25,128,48,70
"409","KA1503000021","Stony Island Ave & 64th St",41.778881,-87.586647,40,36,4,5,30,24,76,54,9
"410","KA1503000022","Clark St & Montrose Ave",41.961588,-87.666036,388,364,99,91,273,262,752,535,190
"411","KA1503000023","Stony Island Ave & 67th St",41.773466,-87.585296,44,33,14,12,19,18,77,37,26
"412","KA1503000024","Yates Blvd & 75th St",41.758768,-87.56644,23,22,4,5,18,15,45,33,9
"413","KA1503000025","Wentworth Ave & 63rd St",41.78007963264,-87.6297463052,20,11,10,5,8,3,31,11,15
"414","KA1503000027","Prairie Ave & 43rd St",41.816697,-87.6194266666667,104,92,8,8,78,62,196,140,16
"415","KA1503000028","Jeffery Blvd & 76th St",41.7571518333333,-87.5758563333333,15,11,5,2,9,7,26,16,7
"416","KA1503000029","South Shore Dr & 67th St",41.7736645,-87.5673175,132,135,17,15,115,115,267,230,32
"417","KA1503000030","Jeffery Blvd & 67th St",41.77351755125,-87.5771428255,89,78,26,17,48,47,167,95,43
"418","KA1503000031","Cottage Grove Ave & 67th St",41.77372095205,-87.60563486,16,15,3,4,13,10,31,23,7
"419","KA1503000032","Union Ave & Root St",41.8191666666667,-87.6432841666667,55,55,22,22,26,25,110,51,44
"420","KA1503000033","Eberhart Ave & 61st St",41.7841396666667,-87.6132491666667,63,61,14,13,37,37,124,74,27
"421","KA1503000034","LaSalle St & Adams St",41.87934437346,-87.6319852213,381,374,81,76,277,270,755,547,157
"422","KA1503000038","Shields Ave & 31st St",41.83842,-87.6353501666667,168,179,34,33,123,136,347,259,67
"423","KA1503000040","Loomis St & Archer Ave",41.8416276666667,-87.6574243333333,86,82,16,17,62,60,168,122,33
"424","KA1503000041","McClurg Ct & Erie St",41.894503,-87.617854,1387,1400,271,270,1025,1040,2787,2065,541
"425","KA1503000043","Kingsbury St & Kinzie St",41.88917683258,-87.6385057718,2024,2003,453,453,1505,1513,4027,3018,906
"426","KA1503000044","Rush St & Hubbard St",41.890173,-87.626185,664,630,105,105,479,437,1294,916,210
"427","KA1503000045","Stony Island Ave & 71st St",41.7664833333333,-87.5864458333333,49,46,17,17,27,21,95,48,34
"428","KA1503000046","Dorchester Ave & 63rd St",41.7804056457,-87.5914159893,84,84,7,7,61,64,168,125,14
"429","KA1503000047","Perry Ave & 69th St",41.769301,-87.628245,27,23,6,6,21,13,50,34,12
"430","KA1503000049","Rainbow Beach",41.75787144829,-87.54938625,12,9,4,4,8,4,21,12,8
"431","KA1503000051","Halsted St & 47th Pl",41.80813391481,-87.6456165545,50,46,27,26,22,17,96,39,53
"432","KA1503000052","Ellis Ave & 53rd St",41.7994468333333,-87.6010081666667,497,464,105,92,376,350,961,726,197
"433","KA1503000053","MLK Jr Dr & 63rd St",41.78008063659,-87.6159428567,25,18,5,3,12,13,43,25,8
"434","KA1503000054","Cottage Grove Ave & 63rd St",41.7806009452142,-87.6058360934258,64,66,13,14,42,47,130,89,27
"435","KA1503000055","Halsted & 63rd - Kennedy-King Vaccination Site",41.7794061666667,-87.6445388333333,13,16,4,3,5,9,29,14,7
"436","KA1503000059","Lake Park Ave & 53rd St",41.79949429373,-87.5864498959,589,606,112,113,424,456,1195,880,225
"437","KA1503000064","Dusable Harbor",41.886976,-87.612813,1308,1164,158,136,744,740,2472,1484,294
"438","KA1503000065","Woodlawn Ave & Lake Park Ave",41.81409271048,-87.5970051479,156,167,26,26,122,129,323,251,52
"439","KA1503000066","Wood St & 35th St",41.83010465416,-87.6702983089,73,78,20,23,53,53,151,106,43
"440","KA1503000068","Leavitt St & Archer Ave",41.82879201994,-87.6806044594,63,69,13,13,49,50,132,99,26
"441","KA1503000069","Dorchester Ave & 49th St",41.805772,-87.592464,130,109,26,26,91,77,239,168,52
"442","KA1503000070","Harper Ave & 59th St",41.78794281287,-87.5883151702,252,246,16,15,222,217,498,439,31
"443","KA1503000071","University Ave & 57th St",41.791478,-87.599861,916,903,112,106,759,763,1819,1522,218
"444","KA1503000072","Wacker Dr & Washington St",41.883132,-87.637321,660,601,228,216,389,364,1261,753,444
"445","KA1503000073","MLK Jr Dr & 56th St",41.7935135,-87.6158581666667,35,28,10,10,25,17,63,42,20
"446","KA1503000074","Museum of Science and Industry",41.79172820953,-87.583945009,535,539,105,105,365,373,1074,738,210
"447","KA1503000075","DuSable Museum",41.79153,-87.607842,53,44,11,11,30,23,97,53,22
"448","KA1504000076","Ellis Ave & 55th St",41.79430062054,-87.6014497734,853,836,142,140,678,678,1689,1356,282
"449","KA1504000078","Lincoln Ave & Winona St",41.97491129677,-87.6925025594,214,200,92,89,117,105,414,222,181
"450","KA1504000079","Larrabee St & Division St",41.90348607004,-87.6433534936,797,784,203,191,569,566,1581,1135,394
"451","KA1504000080","Washtenaw Ave & Lawrence Ave",41.9687216666667,-87.6961471666667,196,178,96,92,90,75,374,165,188
"452","KA1504000082","Kedzie Ave & Harrison St",41.87359967462,-87.7048707493,10,10,2,2,8,8,20,16,4
"453","KA1504000086","Kedzie Ave & 24th St",41.8482161666667,-87.7053853333333,25,18,4,3,20,13,43,33,7
"454","KA1504000090","St. Louis Ave & Fullerton Ave",41.9248155968119,-87.714495062828,203,229,66,67,117,146,432,263,133
"455","KA1504000091","Hoyne Ave & 47th St",41.808227,-87.67718,27,27,16,18,7,6,54,13,34
"456","KA1504000093","Rockwell St & Eastwood Ave",41.9659,-87.693638,257,256,118,120,132,133,513,265,238
"457","KA1504000096","Sawyer Ave & Irving Park Rd",41.9536596666667,-87.7092671666667,74,71,29,30,32,32,145,64,59
"458","KA1504000097","Drake Ave & Montrose Ave",41.96115407569,-87.7165690733,127,114,52,45,70,63,241,133,97
"459","KA150400009X","Kimball Ave & Belmont Ave",41.9394301666667,-87.7116115,107,117,33,33,70,75,224,145,66
"460","KA1504000101","Ogden Ave & Roosevelt Rd",41.8664921666667,-87.6845741666667,128,100,28,18,97,82,228,179,46
"461","KA1504000102","Fairfield Ave & Roosevelt Rd",41.8666225,-87.6944595,44,36,23,15,21,21,80,42,38
"462","KA1504000103","Western Ave & Walton St",41.89841768945,-87.6865960164,519,501,130,121,376,356,1020,732,251
"463","KA1504000104","Paulina St & Flournoy St",41.87295,-87.66913,1010,914,213,201,787,692,1924,1479,414
"464","KA1504000106","Kedzie Ave & Lake St",41.88460328501,-87.7063037436,54,51,23,21,28,27,105,55,44
"465","KA1504000109","Washtenaw Ave & Ogden Ave",41.8619304927826,-87.6934504508972,106,103,37,34,66,63,209,129,71
"466","KA1504000110","Millard Ave & 26th St",41.844531,-87.715922,19,27,6,6,10,14,46,24,12
"467","KA1504000113","Sacramento Blvd & Franklin Blvd",41.8904687924386,-87.7026075124741,34,35,9,9,23,25,69,48,18
"468","KA1504000114","Kedzie Ave & Chicago Ave",41.8954905,-87.706151,74,77,34,33,38,40,151,78,67
"469","KA1504000116","Larrabee St & Oak St",41.9003023333333,-87.6429605,465,454,94,94,362,347,919,709,188
"470","KA1504000117","Halsted St & North Branch St",41.89936843921,-87.6484798752,171,151,38,34,127,114,322,241,72
"471","KA1504000126","Kedzie Ave & Leland Ave",41.966695,-87.7081073333333,98,98,45,48,47,46,196,93,93
"472","KA1504000127","Manor Ave & Leland Ave",41.9658431666667,-87.7008243333333,152,137,54,51,94,80,289,174,105
"473","KA1504000128","Kedzie Ave & Foster Ave",41.975672,-87.709261,118,111,42,40,70,65,229,135,82
"474","KA1504000129","Western Ave & Granville Ave",41.99416136902,-87.689438282,83,100,51,50,27,43,183,70,101
"475","KA1504000130","Maplewood Ave & Peterson Ave",41.9902701666667,-87.6934248333333,42,61,28,27,7,28,103,35,55
"476","KA1504000133","Rush St & Cedar St",41.90230870122,-87.627690528,1303,1303,308,311,908,901,2606,1809,619
"477","KA1504000134","Ritchie Ct & Banks St",41.906866,-87.626217,945,935,219,216,686,679,1880,1365,435
"478","KA1504000135","Wells St & Elm St",41.903222,-87.634324,2372,2356,556,560,1724,1729,4728,3453,1116
"479","KA1504000139","Monticello Ave & Irving Park Rd",41.95400483876,-87.7191281797,111,99,53,53,55,43,210,98,106
"480","KA1504000140","Winchester Ave & Elston Ave",41.9240086666667,-87.67631,193,201,42,43,132,153,394,285,85
"481","KA1504000141","Pulaski Rd & Eddy St (Temp)",41.94627,-87.7310895,39,37,16,15,22,22,76,44,31
"482","KA1504000142","Drake Ave & Addison St",41.947326,-87.717582,60,42,23,16,34,25,102,59,39
"483","KA1504000143","Leavitt St & Addison St",41.946655,-87.683359,150,139,35,35,108,102,289,210,70
"484","KA1504000146","Clark St & Berwyn Ave",41.9779966544,-87.6680471047,754,811,226,224,469,539,1565,1008,450
"485","KA1504000147","Winchester (Ravenswood) Ave & Balmoral Ave",41.979762,-87.67753,113,124,37,40,64,74,237,138,77
"486","KA1504000148","Clark St & Elmdale Ave",41.9908604481256,-87.6697236299515,202,210,41,43,144,154,412,298,84
"487","KA1504000149","Damen Ave & Foster Ave",41.97561480459,-87.6794590387,308,303,85,84,207,201,611,408,169
"488","KA1504000151","Clark St & Bryn Mawr Ave",41.9835656666667,-87.6692193333333,424,442,117,117,297,307,866,604,234
"489","KA1504000152","Lakefront Trail & Bryn Mawr Ave",41.98403669612,-87.6523104689,1113,1101,189,176,840,840,2214,1680,365
"490","KA1504000155","2112 W Peterson Ave",41.991178,-87.683593,67,59,33,30,33,27,126,60,63
"491","KA1504000156","Clark St & Schreiber Ave",41.99925182186,-87.6713773393,171,181,44,46,114,122,352,236,90
"492","KA1504000158","Oakley Ave & Irving Park Rd",41.95434085219,-87.6860796243,139,154,48,49,85,96,293,181,97
"493","KA1504000159","Sheridan Rd & Greenleaf Ave",42.01058656284,-87.6624120948,165,150,42,40,100,86,315,186,82
"494","KA1504000160","Francisco Ave & Foster Ave",41.97563272521,-87.7014194389,161,145,71,62,82,72,306,154,133
"495","KA1504000161","St. Louis Ave & Balmoral Ave",41.980394,-87.716115,52,55,4,3,42,47,107,89,7
"496","KA1504000162","Clark St & Lunt Ave",42.009074,-87.67419,170,157,73,68,97,88,327,185,141
"497","KA1504000164","Keystone Ave & Montrose Ave",41.9610543333333,-87.728978,95,82,41,35,49,41,177,90,76
"498","KA1504000167","Kedzie Ave & Bryn Mawr Ave",41.9823085,-87.7089095,70,74,22,22,36,39,144,75,44
"499","KA1504000168","Western & 28th - Velasquez Institute Vaccination Site",41.8415315,-87.6851556666667,17,10,3,3,13,5,27,18,6
"500","KA1504000171","Marine Dr & Ainslie St",41.9716491666667,-87.6502621666667,635,653,154,154,407,437,1288,844,308
"501","KA1504000175","Glenwood Ave & Morse Ave",42.00797192287,-87.6655023944,344,346,117,120,202,207,690,409,237
"502","KA17018054","Damen Ave & Walnut (Lake) St",41.885951,-87.677009,191,212,74,69,110,141,403,251,143
"503","KA17018068","Leavitt St & Belmont Ave",41.939354,-87.683282,288,285,90,88,187,186,573,373,178
"504","KA1706005007","Delano Ct & Roosevelt Rd",41.867491,-87.63219,460,436,108,105,313,287,896,600,213
"505","KA1706005015","Kildare Ave & Montrose Ave",41.96108,-87.73569,52,51,11,11,38,39,103,77,22
"506","KP1705001026","LaSalle Dr & Huron St",41.894877,-87.632326,918,916,217,219,663,629,1834,1292,436
"507","LF-005","Lake Shore Dr & North Blvd",41.91172,-87.6268808333333,2277,2297,325,324,1628,1638,4574,3266,649
"508","LP-","Lincoln Park Conservatory",41.9239313113662,-87.6358245313168,1072,1097,154,151,757,802,2169,1559,305
"509","RN-","Franklin St & Illinois St",41.8910161666667,-87.6353558333333,1215,1221,319,316,870,850,2436,1720,635
"510","RP-001","Warren Park West",42.001805,-87.6887801666667,131,134,38,36,71,80,265,151,74
"511","RP-002","Warren Park East",42.00454962194,-87.6806661451,71,75,21,20,44,45,146,89,41
"512","RP-004","Oakley Ave & Touhy Ave",42.012342,-87.688243,43,50,10,12,32,35,93,67,22
"513","RP-005","Western Ave & Lunt Ave",42.0085943972,-87.6904922389,117,116,58,58,52,54,233,106,116
"514","RP-006","Ridge Blvd & Touhy Ave",42.0121591666667,-87.6829346666667,50,52,14,14,26,33,102,59,28
"515","RP-007","Clark St & Touhy Ave",42.01256011541,-87.6743671152,100,90,47,48,53,41,190,94,95
"516","RP-008","Clark St & Columbia Ave",42.0045105,-87.6723383333333,169,165,61,61,108,95,334,203,122
"517","RP-009","Sheridan Rd & Loyola Ave",42.00104377979,-87.6611982433,430,428,128,128,269,266,858,535,256
"518","SL-005","Indiana Ave & Roosevelt Rd",41.867888,-87.623041,2188,2174,430,424,1458,1428,4362,2886,854
"519","SL-006","Wells St & 19th St",41.856802,-87.633879,198,212,30,29,110,131,410,241,59
"520","SL-007","State St & Harrison St",41.874053,-87.627716,642,639,136,133,414,391,1281,805,269
"521","SL-008","Federal St & Polk St",41.87207763285,-87.6295437729,1363,1334,348,344,953,916,2697,1869,692
"522","SL-009","Clark St & 9th St (AMLI)",41.870816,-87.631246,450,407,104,101,307,290,857,597,205
"523","SL-010","Financial Pl & Ida B Wells Dr",41.8749433333333,-87.633066,499,498,122,117,368,348,997,716,239
"524","SL-011","Wells St & Polk St",41.872596,-87.633502,869,804,218,207,603,559,1673,1162,425
"525","SL-012","Wabash Ave & 16th St",41.860384,-87.625813,639,625,138,126,497,484,1264,981,264
"526","SL-013","State St & 19th St",41.856594,-87.627542,225,237,50,48,148,165,462,313,98
"527","TA1305000001","Wabash Ave & Cermak Rd",41.852619,-87.626488,213,243,50,45,156,180,456,336,95
"528","TA1305000002","Wabash Ave & Roosevelt Rd",41.867227,-87.625961,1664,1734,364,360,1135,1225,3398,2360,724
"529","TA1305000003","Fairbanks Ct & Grand Ave",41.8918473721099,-87.6205801963806,1637,1647,309,311,1161,1136,3284,2297,620
"530","TA1305000004","McCormick Place",41.8513751729,-87.6188346489,144,128,28,20,87,85,272,172,48
"531","TA1305000005","Dearborn St & Adams St",41.8793563587,-87.6297910363,507,446,117,90,365,329,953,694,207
"532","TA1305000006","Dearborn St & Monroe St",41.881319815,-87.6295209193,1263,1254,184,184,1007,987,2517,1994,368
"533","TA1305000009","Clark St & Ida B Wells Dr",41.8759326655,-87.6305845355,337,341,70,69,244,237,678,481,139
"534","TA1305000010","Michigan Ave & Ida B Wells Dr",41.876243,-87.624426,577,574,108,113,354,342,1151,696,221
"535","TA1305000011","Michigan Ave & Lake St",41.886024,-87.624117,1877,1821,291,284,1275,1171,3698,2446,575
"536","TA1305000014","Clark St & Wrightwood Ave",41.929546,-87.643118,1605,1603,349,346,1207,1206,3208,2413,695
"537","TA1305000017","Halsted St & Roosevelt Rd",41.867324,-87.648625,245,239,23,22,207,203,484,410,45
"538","TA1305000020","Ogden Ave & Chicago Ave",41.896362458,-87.6540612729,702,712,182,187,470,498,1414,968,369
"539","TA1305000022","Orleans St & Merchandise Mart Plaza",41.888243,-87.63639,1130,878,258,223,837,631,2008,1468,481
"540","TA1305000025","Franklin St & Jackson Blvd",41.8777079559,-87.6353211408,1068,924,240,200,767,673,1992,1440,440
"541","TA1305000029","State St & Randolph St",41.8847302006,-87.6277335692,1532,1531,322,324,990,1004,3063,1994,646
"542","TA1305000030","Clark St & Randolph St",41.8844393333333,-87.631631,931,897,248,247,625,590,1828,1215,495
"543","TA1305000032","Clinton St & Madison St",41.882242,-87.641066,1413,1375,268,263,1083,1070,2788,2153,531
"544","TA1305000034","Honore St & Division St",41.903119,-87.673935,780,799,215,214,531,554,1579,1085,429
"545","TA1305000035","State St & Van Buren St",41.877181,-87.627844,412,408,70,69,280,296,820,576,139
"546","TA1305000037","Paulina Ave & North Ave",41.910337,-87.670072,758,745,209,204,519,505,1503,1024,413
"547","TA1305000039","Marshfield Ave & Cortland St",41.916017,-87.668879,642,651,155,154,460,466,1293,926,309
"548","TA1305000041","Damen Ave & Pierce Ave",41.9093960065,-87.6776919292,1316,1321,424,414,892,833,2637,1725,838
"549","TA1306000002","Morgan Ave & 14th Pl",41.862378,-87.651062,391,394,93,93,298,294,785,592,186
"550","TA1306000003","Desplaines St & Kinzie St",41.888716036,-87.6444478533,1805,1635,505,459,1222,1125,3440,2347,964
"551","TA1306000006","Orleans St & Elm St",41.902924,-87.637715,310,248,55,45,248,199,558,447,100
"552","TA1306000007","Larrabee St & Menomonee St",41.91468,-87.64332,355,332,57,44,285,279,687,564,101
"553","TA1306000008","Larrabee St & North Ave",41.91021,-87.6435,550,527,136,136,404,383,1077,787,272
"554","TA1306000009","Larrabee St & Kingsbury St",41.897764,-87.642884,920,876,278,272,625,593,1796,1218,550
"555","TA1306000010","Daley Center Plaza",41.8838473333333,-87.6293306666667,1171,1111,244,212,859,832,2282,1691,456
"556","TA1306000011","Wells St & Walton St",41.89993001,-87.63443007,666,549,149,138,496,387,1215,883,287
"557","TA1306000012","Wells St & Huron St",41.894722,-87.634362,2044,1913,571,551,1359,1300,3957,2659,1122
"558","TA1306000013","New St & Illinois St",41.8907941666667,-87.618412,1636,1684,359,352,1072,1132,3320,2204,711
"559","TA1306000014","Wilton Ave & Diversey Pkwy",41.9323418333333,-87.6526878333333,1213,1182,309,294,860,837,2395,1697,603
"560","TA1306000015","Morgan St & Lake St",41.8855658333333,-87.6524815,998,1150,304,306,634,790,2148,1424,610
"561","TA1306000016","Sheffield Ave & Fullerton Ave",41.9256018819,-87.6537080423,880,747,176,168,663,556,1627,1219,344
"562","TA1306000025","Racine Ave & Congress Pkwy",41.87464,-87.65703,515,478,119,114,381,353,993,734,233
"563","TA1306000026","Racine Ave & Fullerton Ave",41.92556258,-87.65840426,912,906,178,178,710,712,1818,1422,356
"564","TA1306000029","Lake Shore Dr & Ohio St",41.89257,-87.614492,1265,1264,227,223,854,861,2529,1715,450
"565","TA1306000032","Sheffield Ave & Willow St",41.9136636666667,-87.6528628333333,991,984,233,232,729,718,1975,1447,465
"566","TA1307000001","Greenview Ave & Fullerton Ave",41.9253341666667,-87.6658263333333,888,922,278,282,581,605,1810,1186,560
"567","TA1307000005","Indiana Ave & 26th St",41.845687,-87.622481,278,262,65,59,213,191,540,404,124
"568","TA1307000006","Southport Ave & Wellington Ave",41.9356023333333,-87.6637745,849,860,211,212,608,621,1709,1229,423
"569","TA1307000038","Sedgwick St & North Ave",41.911386,-87.638677,1126,1120,250,247,830,820,2246,1650,497
"570","TA1307000039","Clark St & Elm St",41.902813,-87.6317401666667,2605,2656,533,535,1966,2012,5261,3978,1068
"571","TA1307000041","Lake Shore Dr & Wellington Ave",41.9366884494997,-87.6368290185928,1497,1505,233,237,1163,1158,3002,2321,470
"572","TA1307000044","Clinton St & 18th St",41.85795,-87.640826,223,226,42,40,173,169,449,342,82
"573","TA1307000048","Fort Dearborn Dr & 31st St",41.838556,-87.608218,938,966,63,67,621,648,1904,1269,130
"574","TA1307000052","Sheffield Ave & Wellington Ave",41.936266,-87.652662,1280,1262,271,273,1000,953,2542,1953,544
"575","TA1307000061","State St & Pearson St",41.897448,-87.628722,722,684,173,167,497,464,1406,961,340
"576","TA1307000062","Sedgwick St & Huron St",41.8946653333333,-87.6382038333333,812,764,192,187,605,562,1576,1167,379
"577","TA1307000064","Lincoln Ave & Diversey Pkwy",41.9321693333333,-87.6586918333333,1029,967,239,233,755,697,1996,1452,472
"578","TA1307000066","Damen Ave & Coulter St",41.8492,-87.67564,69,56,23,16,45,39,125,84,39
"579","TA1307000070","Damen Ave & Thomas St (Augusta Blvd)",41.901287,-87.6774333333333,511,488,139,128,358,341,999,699,267
"580","TA1307000107","Sheridan Rd & Montrose Ave",41.9614928333333,-87.6546698333333,1024,1030,311,308,652,652,2054,1304,619
"581","TA1307000111","Franklin St & Lake St",41.885837,-87.6355,1058,1015,270,270,741,680,2073,1421,540
"582","TA1307000113","Southport Ave & Wrightwood Ave",41.928773,-87.663913,775,786,228,230,523,527,1561,1050,458
"583","TA1307000115","Clybourn Ave & Division St",41.904613,-87.640552,498,478,94,89,387,379,976,766,183
"584","TA1307000117","Wabash Ave & Grand Ave",41.8912776666667,-87.626979,1999,2090,447,446,1371,1412,4089,2783,893
"585","TA1307000119","Clarendon Ave & Leland Ave",41.967968,-87.650001,494,491,128,127,329,331,985,660,255
"586","TA1307000120","Green St & Madison St",41.8819586666667,-87.6488533333333,1404,1548,350,360,988,1119,2952,2107,710
"587","TA1307000121","Halsted St & Polk St",41.87184,-87.64664,530,523,79,75,431,435,1053,866,154
"588","TA1307000124","Michigan Ave & 14th St",41.864059,-87.623727,1002,974,255,253,683,653,1976,1336,508
"589","TA1307000126","Sheffield Ave & Waveland Ave",41.9492118333333,-87.6544516666667,1610,2002,464,482,1045,1364,3612,2409,946
"590","TA1307000127","Clark St & Grace St",41.95078,-87.659172,1227,1229,310,307,851,863,2456,1714,617
"591","TA1307000128","Dearborn Pkwy & Delaware Pl",41.898969,-87.629912,1583,1569,394,385,1127,1104,3152,2231,779
"592","TA1307000129","State St & 35th St",41.8310363140161,-87.6267975568771,229,253,41,44,170,198,482,368,85
"593","TA1307000130","Morgan St & Polk St",41.871737,-87.65103,603,595,99,98,481,486,1198,967,197
"594","TA1307000131","Wabash Ave & Wacker Pl",41.886875,-87.62603,1177,1192,207,209,728,766,2369,1494,416
"595","TA1307000134","Wilton Ave & Belmont Ave",41.94018,-87.65304,1629,1639,427,423,1137,1160,3268,2297,850
"596","TA1307000136","Clark St & Wellington Ave",41.9364968219,-87.6475386582,1401,1415,281,280,1056,1090,2816,2146,561
"597","TA1307000138","Lincoln Ave & Roscoe St",41.94334,-87.67097,782,796,243,243,510,520,1578,1030,486
"598","TA1307000139","MLK Jr Dr & 29th St",41.842052,-87.617,611,549,134,116,458,409,1160,867,250
"599","TA1307000140","Western Ave & Leland Ave",41.966399801841,-87.6887042820454,396,397,125,123,258,261,793,519,248
"600","TA1307000142","Clark St & Drummond Pl",41.931248,-87.644336,1475,1469,291,281,1118,1123,2944,2241,572
"601","TA1307000143","Sedgwick St & Schiller St",41.907626,-87.638566,347,325,98,87,240,229,672,469,185
"602","TA1307000144","Wolcott (Ravenswood) Ave & Montrose Ave",41.961381,-87.6763288333333,316,313,98,98,207,203,629,410,196
"603","TA1307000149","Ravenswood Ave & Irving Park Rd",41.95469,-87.67393,358,383,84,83,264,278,741,542,167
"604","TA1307000150","Pine Grove Ave & Waveland Ave",41.9494727408833,-87.6464527845383,1386,1404,259,263,1057,1064,2790,2121,522
"605","TA1307000151","Wells St & Hubbard St",41.889906,-87.634266,1555,1546,360,360,1097,1097,3101,2194,720
"606","TA1307000153","Emerald Ave & 28th St",41.84358,-87.645368,156,159,22,20,124,127,315,251,42
"607","TA1307000156","Lincoln Ave & Sunnyside Ave",41.9630198333333,-87.6848666666667,349,369,85,82,252,271,718,523,167
"608","TA1307000158","Damen Ave & Leland Ave",41.9671451666667,-87.6790313333333,423,417,106,104,302,305,840,607,210
"609","TA1307000159","Paulina St & 18th St",41.8579848333333,-87.6688141666667,254,276,62,57,178,202,530,380,119
"610","TA1307000160","Prairie Ave & Garfield Blvd",41.794853,-87.618691,80,58,19,16,51,30,138,81,35
"611","TA1307000161","Halsted St & 37th St",41.827059,-87.64572,28,34,3,6,18,26,62,44,9
"612","TA1307000163","Clifton Ave & Armitage Ave",41.9182866666667,-87.6569326666667,761,797,164,166,569,602,1558,1171,330
"613","TA1307000164","Woodlawn Ave & 55th St",41.795264,-87.596471,545,535,69,72,450,438,1080,888,141
"614","TA1307000166","Halsted St & Willow St",41.913865,-87.648755,803,802,195,194,575,576,1605,1151,389
"615","TA1308000001","Theater on the Lake",41.926277,-87.630834,2393,2477,238,234,1737,1780,4870,3517,472
"616","TA1308000002","Greenwood Ave & 47th St",41.809835,-87.599383,164,160,45,35,102,114,324,216,80
"617","TA1308000005","Leavitt St & North Ave",41.910509366664,-87.6823890209198,493,466,116,103,354,349,959,703,219
"618","TA1308000006","Damen Ave & Grand Ave",41.8912643464815,-87.676842212677,269,316,99,104,170,199,585,369,203
"619","TA1308000007","MLK Jr Dr & 47th St",41.809851,-87.616279,66,70,18,17,34,38,136,72,35
"620","TA1308000009","Shore Dr & 55th St",41.795212,-87.580715,1158,1158,198,195,795,789,2316,1584,393
"621","TA1308000012","Montrose Harbor",41.963982,-87.638181,1238,1212,155,156,790,756,2450,1546,311
"622","TA1308000013","Halsted St & Archer Ave",41.847203,-87.646795,127,139,25,24,91,108,266,199,49
"623","TA1308000014","Normal Ave & Archer Ave",41.849527,-87.640591,84,93,15,15,67,75,177,142,30
"624","TA1308000019","Racine Ave & Belmont Ave",41.9397105,-87.6588591666667,864,879,224,224,599,611,1743,1210,448
"625","TA1308000021","Winthrop Ave & Lawrence Ave",41.968812,-87.657659,454,441,143,141,296,286,895,582,284
"626","TA1308000022","Pine Grove Ave & Irving Park Rd",41.954383,-87.648043,1034,1013,192,188,769,728,2047,1497,380
"627","TA1308000023","Cottage Grove Ave & 43rd St",41.816499,-87.606582,72,72,15,13,43,50,144,93,28
"628","TA1308000026","Wentworth Ave & 24th St (Temp)",41.8500836934758,-87.6321405172348,144,170,30,30,94,130,314,224,60
"629","TA1308000029","Stetson Ave & South Water St",41.886835,-87.62232,753,706,199,197,482,432,1459,914,396
"630","TA1308000031","Logan Blvd & Elston Ave",41.929465,-87.684158,383,432,166,165,186,231,815,417,331
"631","TA1308000035","Lake Park Ave & 47th St",41.809443,-87.591875,238,230,45,45,162,156,468,318,90
"632","TA1308000036","Indiana Ave & 31st St",41.838842,-87.621857,310,311,67,67,217,226,621,443,134
"633","TA1308000038","Cottage Grove Ave & Oakwood Blvd",41.822985,-87.6071,161,162,44,43,89,86,323,175,87
"634","TA1308000043","Halsted St & 35th St",41.8306543333333,-87.6471563333333,79,93,22,25,45,57,172,102,47
"635","TA1308000045","Wallace St & 35th St",41.830629,-87.64129,173,177,39,37,134,137,350,271,76
"636","TA1308000046","Morgan St & 31st St",41.8378,-87.65114,244,239,67,59,143,155,483,298,126
"637","TA1308000047","Southport Ave & Clark St",41.957081,-87.664199,230,222,51,51,167,163,452,330,102
"638","TA1308000049","Wells St & Evergreen Ave",41.906724,-87.63483,1835,1837,460,458,1296,1309,3672,2605,918
"639","TA1308000050","Wells St & Concord Ln",41.912133,-87.634656,2566,2622,627,627,1851,1921,5188,3772,1254
"640","TA1309000001","Halsted St & Maxwell St",41.8648705,-87.647168,462,451,81,80,346,335,913,681,161
"641","TA1309000002","Michigan Ave & Jackson Blvd",41.87785,-87.62408,800,784,99,94,496,465,1584,961,193
"642","TA1309000003","Western Ave & 24th St",41.84847,-87.685109,100,89,40,38,57,51,189,108,78
"643","TA1309000004","LaSalle St & Jackson Blvd",41.8781938333333,-87.6311981666667,724,636,201,194,487,435,1360,922,395
"644","TA1309000006","Larrabee St & Armitage Ave",41.918084,-87.643749,753,728,169,158,543,532,1481,1075,327
"645","TA1309000007","Franklin St & Monroe St",41.880317,-87.635185,866,835,207,203,621,601,1701,1222,410
"646","TA1309000008","Franklin St & Adams St (Temp)",41.8794340914001,-87.6355040073395,596,591,153,152,389,381,1187,770,305
"647","TA1309000010","Wabash Ave & 9th St",41.870769,-87.625734,1315,1307,357,353,825,799,2622,1624,710
"648","TA1309000011","Ellis Ave & 58th St",41.788746,-87.601334,475,461,79,78,387,373,936,760,157
"649","TA1309000012","Damen Ave & Sunnyside Ave",41.96325,-87.679258,240,247,79,78,151,158,487,309,157
"650","TA1309000014","Clark St & Leland Ave",41.967096,-87.667429,668,660,210,209,428,422,1328,850,419
"651","TA1309000015","Leavitt St & Lawrence Ave",41.9688763333333,-87.684047,219,190,44,40,161,142,409,303,84
"652","TA1309000018","Ravenswood Ave & Berteau Ave",41.957921,-87.673567,272,280,81,79,184,192,552,376,160
"653","TA1309000019","Lakeview Ave & Fullerton Pkwy",41.925858,-87.638973,1598,1584,305,305,1186,1169,3182,2355,610
"654","TA1309000021","Paulina St & Montrose Ave",41.9614525,-87.671444,222,216,65,64,151,143,438,294,129
"655","TA1309000023","Sheffield Ave & Wrightwood Ave",41.928712,-87.653833,1051,1071,252,263,767,771,2122,1538,515
"656","TA1309000024","Clark St & Schiller St",41.907993,-87.631501,1418,1382,257,252,1091,1050,2800,2141,509
"657","TA1309000025","Halsted St & Roscoe St",41.94367,-87.64895,1414,1425,409,405,951,966,2839,1917,814
"658","TA1309000026","Lincoln Ave & Belle Plaine Ave",41.9560035507855,-87.6801614463329,404,417,127,122,269,288,821,557,249
"659","TA1309000027","Sheridan Rd & Buena Ave",41.9584923333333,-87.6550603333333,573,577,175,175,387,380,1150,767,350
"660","TA1309000029","Leavitt St & Armitage Ave",41.9178356666667,-87.6825431666667,356,376,85,84,259,277,732,536,169
"661","TA1309000030","Southport Ave & Clybourn Ave",41.920704,-87.6638348333333,549,580,150,152,372,404,1129,776,302
"662","TA1309000032","Elston Ave & Wabansia Ave",41.912919,-87.664169,185,188,41,40,138,144,373,282,81
"663","TA1309000033","Sheffield Ave & Webster Ave",41.92154,-87.653818,1166,1186,265,267,844,870,2352,1714,532
"664","TA1309000035","Clark St & Winnemac Ave",41.973347640473,-87.6678554713726,812,816,220,224,565,563,1628,1128,444
"665","TA1309000036","Burling St & Diversey Pkwy",41.93314,-87.64776,916,964,174,173,709,743,1880,1452,347
"666","TA1309000037","Kimbark Ave & 53rd St",41.799568,-87.594747,980,974,131,133,792,792,1954,1584,264
"667","TA1309000039","Lake Shore Dr & Diversey Pkwy",41.932588,-87.636427,1462,1475,274,272,1088,1073,2937,2161,546
"668","TA1309000041","Sheridan Rd & Lawrence Ave",41.9695146666667,-87.6547105,395,382,94,98,268,256,777,524,192
"669","TA1309000042","Lincoln Ave & Belmont Ave",41.939365,-87.668385,733,760,194,193,517,547,1493,1064,387
"670","TA1309000043","Southport Ave & Irving Park Rd",41.954177,-87.664358,479,471,105,103,364,339,950,703,208
"671","TA1309000049","Lake Shore Dr & Belmont Ave",41.940775,-87.639192,1401,1436,289,287,989,1021,2837,2010,576
"672","TA1309000050","Lincoln Ave & Addison St",41.946176,-87.673308,206,202,35,35,158,156,408,314,70
"673","TA1309000051","Commercial Ave & 83rd St",41.744615,-87.551208,11,7,2,2,5,3,18,8,4
"674","TA1309000053","Cottage Grove Ave & 47th St",41.809855,-87.606755,85,92,16,17,64,61,177,125,33
"675","TA1309000055","Emerald Ave & 31st St",41.8382056666667,-87.645238,307,336,51,48,237,258,643,495,99
"676","TA1309000058","Lincoln Ave & Fullerton Ave",41.9258756666667,-87.6492236666667,1628,1640,392,392,1159,1196,3268,2355,784
"677","TA1309000059","Racine Ave & Wrightwood Ave",41.928887,-87.658971,537,522,111,112,426,400,1059,826,223
"678","TA1309000061","Halsted St & Wrightwood Ave",41.9291656666667,-87.6491923333333,1171,1177,276,273,863,869,2348,1732,549
"679","TA1309000063","Lake Park Ave & 56th St",41.793242,-87.587782,557,560,73,68,435,439,1117,874,141
"680","TA1309000064","Wolcott Ave & Polk St",41.871262,-87.673688,790,755,171,160,606,575,1545,1181,331
"681","TA1309000066","Ravenswood Ave & Lawrence Ave",41.969044,-87.6742255,712,712,232,231,462,460,1424,922,463
"682","TA1309000067","Cottage Grove Ave & 51st St",41.8029921666667,-87.6066293333333,109,93,9,8,89,73,202,162,17
"683","WL-008","Clinton St & Roosevelt Rd",41.8671177825,-87.6410879593,543,607,146,147,376,432,1150,808,293
"684","WL-011","Jefferson St & Monroe St",41.880422,-87.642746,536,515,127,116,398,385,1051,783,243
"685","WL-012","Clinton St & Washington Blvd",41.88338,-87.64117,1048,1007,225,213,775,736,2055,1511,438
