"","station_id","station_name","lat","long","start_n","end_n","e_start_n","e_end_n","c_start_n","c_end_n","total","classic","electric"
"1","","",41.96,-87.69,87262,93158,87262,91793,0,0,180420,0,179055
"2","13001","Michigan Ave & Washington St",41.883984,-87.624684,4097,3967,813,784,2678,2580,8064,5258,1597
"3","13006","LaSalle St & Washington St",41.882664,-87.63253,1309,1290,345,330,871,872,2599,1743,675
"4","13008","Millennium Park",41.8810317,-87.62408432,7653,7695,1264,1233,4555,4545,15348,9100,2497
"5","13011","Canal St & Adams St",41.879255,-87.639904,2485,2155,605,537,1709,1486,4640,3195,1142
"6","13016","St. Clair St & Erie St",41.894345,-87.622798,4472,4477,1059,1044,2939,2971,8949,5910,2103
"7","13017","Franklin St & Chicago Ave",41.8967469730938,-87.6356676220894,1919,1893,438,425,1410,1407,3812,2817,863
"8","13021","Clinton St & Lake St",41.8852821666667,-87.6415776666667,2550,2536,663,656,1791,1776,5086,3567,1319
"9","13022","Streeter Dr & Grand Ave",41.892278,-87.612043,17013,17170,2394,2349,10292,10231,34183,20523,4743
"10","13028","900 W Harrison St",41.874754,-87.649807,869,838,169,159,668,643,1707,1311,328
"11","13029","Field Museum",41.865312,-87.617867,1491,1267,280,212,830,794,2758,1624,492
"12","13033","Milwaukee Ave & Grand Ave",41.891578,-87.648384,3079,2981,810,753,2097,2078,6060,4175,1563
"13","13034","Michigan Ave & Pearson St",41.89766,-87.62351,2219,2174,400,385,1502,1402,4393,2904,785
"14","13036","Michigan Ave & Madison St",41.882134,-87.625125,1920,1913,424,421,1258,1250,3833,2508,845
"15","13037","Clinton St & Tilden St",41.875885,-87.640795,454,435,118,117,318,300,889,618,235
"16","13042","Michigan Ave & Oak St",41.90096039,-87.62377664,8409,8399,1475,1437,5578,5507,16808,11085,2912
"17","13045","Dearborn St & Erie St",41.893992,-87.629318,4602,4591,1041,1039,3355,3232,9193,6587,2080
"18","13050","State St & Kinzie St",41.889187,-87.627754,3392,3375,785,766,2261,2256,6767,4517,1551
"19","13053","Green St & Randolph St",41.883668,-87.64867,3605,3630,797,794,2606,2653,7235,5259,1591
"20","13056","Canal St & Monroe St",41.88169,-87.63953,1178,1139,273,263,846,795,2317,1641,536
"21","13058","Dayton St & North Ave",41.9105511666667,-87.6494533333333,1844,1739,468,461,1286,1207,3583,2493,929
"22","13059","Bissell St & Armitage Ave",41.91844,-87.65222,3132,3135,585,580,2418,2428,6267,4846,1165
"23","13061","Ashland Ave & Division St",41.90345,-87.667747,3809,3765,985,949,2644,2646,7574,5290,1934
"24","13063","Sheridan Rd & Irving Park Rd",41.954245,-87.654406,2194,2118,445,431,1735,1619,4312,3354,876
"25","13068","Western Ave & Winnebago Ave",41.91552,-87.687022,1514,1528,396,393,1030,1041,3042,2071,789
"26","13071","Southport Ave & Roscoe St",41.943739,-87.66402,3122,3212,694,691,2280,2381,6334,4661,1385
"27","13073","Ashland Ave & Lake St",41.88592,-87.66717,708,666,177,151,473,456,1374,929,328
"28","13074","Broadway & Wilson - Truman College Vaccination Site",41.965221,-87.658139,1458,1449,379,378,1004,1001,2907,2005,757
"29","13075","Wentworth Ave & Cermak Rd",41.853085,-87.631931,1513,1557,312,313,970,1034,3070,2004,625
"30","13080","Hermitage Ave & Polk St",41.871514,-87.669886,15,14,0,0,0,0,29,0,0
"31","13081","Ogden Ave & Congress Pkwy",41.87501,-87.67328,384,365,138,115,240,246,749,486,253
"32","13083","Indiana Ave & 40th St",41.82168,-87.6216,131,117,74,74,48,29,248,77,148
"33","13084","California Ave & Milwaukee Ave",41.922695,-87.697153,1958,1935,666,661,1171,1179,3893,2350,1327
"34","13085","Kedzie Ave & Milwaukee Ave",41.929567,-87.707857,1848,1962,633,629,1094,1192,3810,2286,1262
"35","13089","Damen Ave & Cullerton St",41.8549665187539,-87.6756995916366,373,416,119,119,246,263,789,509,238
"36","13091","Western Ave & 21st St",41.854109,-87.685838,257,245,99,95,139,137,502,276,194
"37","13096","California Ave & 21st St",41.853804,-87.695742,154,176,55,55,90,115,330,205,110
"38","13099","Halsted St & 18th St",41.857499,-87.646277,478,499,133,128,321,338,977,659,261
"39","13102","Calumet Ave & 18th St",41.857611,-87.619407,1520,1501,325,317,1055,1022,3021,2077,642
"40","13108","Broadway & Argyle St",41.973815,-87.65966,1421,1371,336,329,1019,974,2792,1993,665
"41","13109","Broadway & Berwyn Ave",41.9784071666667,-87.6597815,1233,1240,296,295,879,870,2473,1749,591
"42","13124","Cannon Dr & Fullerton Ave",41.9267559875,-87.6344287848,1285,1273,171,169,872,817,2558,1689,340
"43","13128","Clark St & North Ave",41.911974,-87.631942,2291,2235,403,395,1727,1653,4526,3380,798
"44","13132","Damen Ave & Chicago Ave",41.895769,-87.67722,1830,1816,499,491,1208,1239,3646,2447,990
"45","13133","Damen Ave & Cortland St",41.915983,-87.677335,2211,2145,481,469,1591,1547,4356,3138,950
"46","13134","Damen Ave & Madison St",41.88137,-87.67493,387,351,90,69,267,247,738,514,159
"47","13135","Blue Island Ave & 18th St",41.857556,-87.661535,857,908,214,209,574,641,1765,1215,423
"48","13136","Damen Ave & Division St",41.9032723333333,-87.6783878333333,1786,1762,465,458,1246,1239,3548,2485,923
"49","13137","Broadway & Barry Ave",41.9375823160063,-87.6440978050232,4421,4449,912,906,3330,3363,8870,6693,1818
"50","13138","Canal St & Jackson Blvd",41.8771563333333,-87.638882,904,865,258,233,592,580,1769,1172,491
"51","13139","Throop St & Taylor St",41.868968,-87.659141,1029,1017,271,270,734,722,2046,1456,541
"52","13143","Damen Ave & Melrose Ave",41.9406,-87.6785,605,603,152,150,419,425,1208,844,302
"53","13144","Seeley Ave & Roscoe St",41.9434078333333,-87.679692,1022,1004,343,330,622,625,2026,1247,673
"54","13146","Clark St & Armitage Ave",41.918306,-87.636282,5446,5389,1083,1056,3902,3887,10835,7789,2139
"55","13150","Michigan Ave & 18th St",41.857813,-87.62455,1419,1404,285,283,1021,1009,2823,2030,568
"56","13154","Sheffield Ave & Kingsbury St",41.910522,-87.653106,2019,1972,474,462,1485,1454,3991,2939,936
"57","13155","Racine Ave & Randolph St",41.8841103333333,-87.6570076666667,930,820,282,223,605,576,1750,1181,505
"58","13156","Aberdeen St & Monroe St",41.880419,-87.655519,1547,1487,314,296,1099,1108,3034,2207,610
"59","13157","Aberdeen St & Jackson Blvd",41.87772613,-87.65478743,1616,1555,380,362,1170,1137,3171,2307,742
"60","13158","Peoria St & Jackson Blvd",41.8776415962753,-87.6496177911758,2099,2087,442,433,1575,1577,4186,3152,875
"61","13160","May St & Taylor St",41.8694821,-87.6554864,1227,1203,218,203,937,935,2430,1872,421
"62","13162","Halsted St & 21st St",41.8537798107274,-87.6466029882431,352,326,92,78,233,224,678,457,170
"63","13163","Morgan St & 18th St",41.858086,-87.651073,792,825,263,260,485,516,1617,1001,523
"64","13164","Racine Ave & 18th St",41.858166,-87.656495,982,983,275,270,658,663,1965,1321,545
"65","13165","Racine Ave & 13th St",41.865054,-87.656959,198,191,52,50,131,124,389,255,102
"66","13179","Clark St & Lincoln Ave",41.915689,-87.6346,5657,5659,1039,1033,4213,4188,11316,8401,2072
"67","13191","Sedgwick St & Webster Ave",41.922167,-87.638888,2349,2331,461,458,1717,1763,4680,3480,919
"68","13192","Halsted St & Dickens Ave",41.919944,-87.648874,2868,2866,642,638,2096,2123,5734,4219,1280
"69","13193","Larrabee St & Webster Ave",41.921822,-87.64414,4503,4473,877,867,3408,3420,8976,6828,1744
"70","13194","Ogden Ave & Race Ave",41.891795,-87.658751,1687,1695,455,452,1180,1202,3382,2382,907
"71","13196","Carpenter St & Huron St",41.894556,-87.653449,1726,1637,557,509,1113,1090,3363,2203,1066
"72","13197","Elizabeth (May) St & Fulton St",41.8866164860277,-87.6580399274826,857,779,265,213,557,538,1636,1095,478
"73","13206","Loomis St & Jackson Blvd",41.877945,-87.662007,947,926,170,161,746,738,1873,1484,331
"74","13213","State St & 29th St",41.841707,-87.626938,112,120,24,22,79,93,232,172,46
"75","13215","Rhodes Ave & 32nd St",41.836208,-87.613533,514,506,129,128,311,305,1020,616,257
"76","13216","State St & 33rd St",41.8347488333333,-87.6258943333333,790,776,108,102,653,650,1566,1303,210
"77","13217","Calumet Ave & 33rd St",41.8349,-87.61793,518,500,102,101,400,365,1018,765,203
"78","13221","Wood St & Milwaukee Ave",41.907655,-87.672552,2787,2838,716,717,1912,1975,5625,3887,1433
"79","13224","Ashland Ave & Blackhawk St",41.907066,-87.667252,1759,1761,461,458,1237,1231,3520,2468,919
"80","13229","Southport Ave & Belmont Ave",41.939478,-87.663748,1564,1553,367,362,1124,1129,3117,2253,729
"81","13235","Southport Ave & Waveland Ave",41.9481356666667,-87.6639771666667,2872,2829,711,708,2037,2001,5701,4038,1419
"82","13241","Western Ave & Division St",41.902893,-87.687275,838,804,279,275,513,504,1642,1017,554
"83","13242","Milwaukee Ave & Rockwell St",41.9201955620057,-87.6926591992378,819,773,206,199,572,535,1592,1107,405
"84","13243","Milwaukee Ave & Wabansia Ave",41.9126035,-87.6814561666667,2188,2186,572,557,1504,1537,4374,3041,1129
"85","13245","Claremont Ave & Hirsch St",41.907781,-87.685854,362,377,90,88,262,269,739,531,178
"86","13247","Ashland Ave & Chicago Ave",41.895966,-87.667747,1533,1525,453,450,1031,1010,3058,2041,903
"87","13248","Ashland Ave & Augusta Blvd",41.899643,-87.6677,1225,1170,267,248,921,878,2395,1799,515
"88","13249","Ashland Ave & Belle Plaine Ave",41.956057,-87.668835,480,468,142,139,319,311,948,630,281
"89","13253","Lincoln Ave & Waveland Ave",41.948797,-87.675278,845,844,213,213,605,594,1689,1199,426
"90","13256","California Ave & Division St",41.903029,-87.697474,605,662,147,142,412,451,1267,863,289
"91","13257","Campbell Ave & North Ave",41.910535,-87.689556,1064,1051,379,370,634,631,2115,1265,749
"92","13258","California Ave & North Ave",41.9104173333333,-87.6970356666667,781,751,235,224,497,497,1532,994,459
"93","13259","California Ave & Francis Pl (Temp)",41.918491153687,-87.6974228024483,831,807,290,286,509,476,1638,985,576
"94","13263","Columbus Dr & Randolph St",41.884728,-87.619521,3396,2961,936,789,2070,1823,6357,3893,1725
"95","13265","Kingsbury St & Erie St",41.8938080562436,-87.6416972279549,2978,2889,770,739,2161,2071,5867,4232,1509
"96","13266","Stave St & Armitage Ave",41.917741,-87.691392,753,752,271,268,444,454,1505,898,539
"97","13268","Damen Ave & Wellington Ave",41.9358828333333,-87.6784193333333,848,889,239,235,574,609,1737,1183,474
"98","13269","Ashland Ave & Wellington Ave",41.936083,-87.669807,939,950,226,227,669,689,1889,1358,453
"99","13271","Damen Ave & Clybourn Ave",41.931931,-87.677856,904,974,268,269,622,662,1878,1284,537
"100","13276","Stockton Dr & Wrightwood Ave",41.93132,-87.638742,3035,3035,597,583,2251,2296,6070,4547,1180
"101","13277","Broadway & Belmont Ave",41.940106,-87.645451,2746,2736,551,534,2076,2070,5482,4146,1085
"102","13278","Broadway & Cornelia Ave",41.945529,-87.646439,3232,3288,827,828,2247,2319,6520,4566,1655
"103","13285","Wood St & Taylor St (Temp)",41.8692652184382,-87.6737308502197,847,882,164,225,670,650,1729,1320,389
"104","13288","Damen Ave & Charleston St",41.920082,-87.677855,1020,1003,264,256,660,675,2023,1335,520
"105","13289","Eckhart Park",41.896373,-87.660984,1673,1627,438,409,1166,1158,3300,2324,847
"106","13290","Noble St & Milwaukee Ave",41.90068,-87.6626,1514,1496,382,377,1052,1050,3010,2102,759
"107","13292","Kedzie Ave & Palmer Ct",41.921525,-87.707322,724,703,205,206,477,453,1427,930,411
"108","13294","Greenview Ave & Diversey Pkwy",41.9325896342979,-87.6659363508224,1204,1213,229,225,936,944,2417,1880,454
"109","13296","Ashland Ave & Wrightwood Ave",41.92883,-87.668507,1161,1165,232,224,858,875,2326,1733,456
"110","13300","Lake Shore Dr & Monroe St",41.880958,-87.616743,8270,8138,1236,1190,5039,5178,16408,10217,2426
"111","13303","Clark St & Chicago Ave",41.89675,-87.63089,2195,2178,515,508,1573,1573,4373,3146,1023
"112","13304","Racine Ave & 15th St",41.861211,-87.656457,535,544,148,145,363,367,1079,730,293
"113","13307","Laflin St & Cullerton St",41.8549145757657,-87.6635599136353,340,331,83,82,215,227,671,442,165
"114","13319","Ashland Ave & Grace St",41.950687,-87.6687,1115,1100,302,293,765,753,2215,1518,595
"115","13323","Broadway & Sheridan Rd",41.952833,-87.649993,2109,2096,516,517,1504,1516,4205,3020,1033
"116","13325","Broadway & Waveland Ave",41.949074,-87.648636,3155,3138,684,678,2354,2352,6293,4706,1362
"117","13326","Canal St & Harrison St",41.874255,-87.639573,427,342,92,72,310,230,769,540,164
"118","13331","May St & Cullerton St",41.855136,-87.654127,338,329,77,73,244,241,667,485,150
"119","13332","Loomis St & Lexington St",41.872187,-87.661501,2023,1974,325,310,1655,1624,3997,3279,635
"120","13338","Mies van der Rohe Way & Chicago Ave",41.89691,-87.621743,2448,2435,452,451,1742,1746,4883,3488,903
"121","13341","Canal St & Madison St",41.8814561666667,-87.6400875,2103,1978,450,391,1558,1463,4081,3021,841
"122","13345","Calumet Ave & 35th St",41.831379,-87.618034,252,250,40,41,198,189,502,387,81
"123","13353","Ada St & Washington Blvd",41.88283,-87.661206,1291,1271,287,270,955,962,2562,1917,557
"124","13354","Ashland Ave & 13th St",41.8653216666667,-87.6665966666667,374,374,83,80,282,288,748,570,163
"125","13379","Clarendon Ave & Gordon Ter",41.957892,-87.649409,1946,1925,482,471,1398,1362,3871,2760,953
"126","13389","Clarendon Ave & Junior Ter",41.961004,-87.649603,1942,1942,470,473,1399,1393,3884,2792,943
"127","13398","Blackstone Ave & Hyde Park Blvd",41.8025375,-87.5903615,778,782,245,244,493,485,1560,978,489
"128","13409","Sangamon St & Washington Blvd",41.883165,-87.6511,1873,1840,491,485,1301,1291,3713,2592,976
"129","13420","MLK Jr Dr & Pershing Rd",41.8246,-87.61678,204,215,50,46,122,139,419,261,96
"130","13427","Cityfront Plaza Dr & Pioneer Ct",41.890573,-87.622072,1987,1922,427,410,1351,1258,3909,2609,837
"131","13430","LaSalle St & Illinois St",41.890762,-87.631697,4017,3977,975,966,2828,2693,7994,5521,1941
"132","13431","Adler Planetarium",41.8660596666667,-87.6073953333333,2647,2540,331,313,1730,1654,5187,3384,644
"133","13432","Wood St & Hubbard St",41.8898786666667,-87.6714028333333,722,721,196,197,497,506,1443,1003,393
"134","13434","Ashland Ave & Grand Ave",41.891072,-87.666611,1058,1036,274,271,720,691,2094,1411,545
"135","15442","Ashland Ave & Archer Ave",41.8390346666667,-87.6655301666667,141,128,26,23,109,93,269,202,49
"136","15443","Shields Ave & 28th Pl",41.842733,-87.635491,205,210,30,28,172,168,415,340,58
"137","15445","Wentworth Ave & 33rd St",41.83453,-87.631823,376,351,54,58,305,267,727,572,112
"138","15446","Racine Ave & 35th St",41.830696,-87.655976,161,168,54,54,88,106,329,194,108
"139","15449","State St & Pershing Rd",41.82301523798,-87.6265680185,54,49,17,19,30,27,103,57,36
"140","15470","Calumet Ave & 51st St",41.80229465088,-87.6180535802,160,146,82,74,69,59,306,128,156
"141","15491","63rd St Beach",41.780910964248,-87.5763237476349,307,325,69,64,169,192,632,361,133
"142","15529","Mies van der Rohe Way & Chestnut St",41.8985866514,-87.6219152258,2736,2678,545,524,1914,1866,5414,3780,1069
"143","15530","Rush St & Superior St",41.89576474564,-87.6259080327,3076,3033,706,692,2155,2141,6109,4296,1398
"144","15534","Field Blvd & South Water St",41.88634906269,-87.6175165471,2081,2057,551,544,1323,1358,4138,2681,1095
"145","15535","Desplaines St & Randolph St",41.88461618962,-87.6445705849,1901,1879,463,460,1331,1322,3780,2653,923
"146","15539","Desplaines St & Jackson Blvd",41.876707,-87.644261,1337,1314,289,271,995,1002,2651,1997,560
"147","15541","Buckingham Fountain",41.876511,-87.620548,2474,2283,421,369,1445,1328,4757,2773,790
"148","15542","Clinton St & Polk St",41.87146651779,-87.6409491327,194,149,50,31,117,97,343,214,81
"149","15544","Shedd Aquarium",41.867226,-87.615355,5070,4968,843,788,2847,2858,10038,5705,1631
"150","15545","Burnham Harbor",41.856268,-87.613348,2321,2331,344,328,1729,1757,4652,3486,672
"151","15546","Calumet Ave & 21st St",41.854184,-87.619154,639,614,156,147,391,398,1253,789,303
"152","15550","Canal St & Taylor St",41.870257,-87.639474,729,727,122,120,545,569,1456,1114,242
"153","15571","Broadway & Granville Ave",41.9947796884,-87.6602845349,1267,1267,353,339,800,816,2534,1616,692
"154","15575","Broadway & Thorndale Ave",41.98974251144,-87.6601406209,1090,1154,277,273,760,800,2244,1560,550
"155","15578","Broadway & Ridge Ave",41.9840446107,-87.6602738295,1080,1001,283,257,735,673,2081,1408,540
"156","15585","Budlong Woods Library",41.98366470886,-87.6964225611,198,211,90,89,103,113,409,216,179
"157","15597","Halsted St & 69th St",41.76906172032,-87.6446135779,8,7,1,1,4,4,15,8,2
"158","15599","Calumet Ave & 71st St",41.7655068333333,-87.6169096666667,19,16,6,7,8,8,35,16,13
"159","15615","Christiana Ave & Lawrence Ave",41.96835449363,-87.7118306675,256,267,118,113,137,137,523,274,231
"160","15621","Albany Ave & Montrose Ave",41.961041,-87.705866,344,369,144,143,180,202,713,382,287
"161","15622","California Ave & Montrose Ave",41.961068,-87.695439,447,472,168,169,236,257,919,493,337
"162","15623","Campbell Ave & Montrose Ave",41.96152593287,-87.6911650414,408,396,169,165,238,222,804,460,334
"163","15624","Avondale Ave & Irving Park Rd",41.953393,-87.732002,233,230,99,101,127,113,463,240,200
"164","15628","California Ave & Byron St",41.95216219326,-87.698051113,382,414,147,139,212,247,796,459,286
"165","15631","Troy St & Elston Ave",41.94524356848,-87.7066499009,388,446,145,149,216,270,834,486,294
"166","15632","Talman Ave & Addison St",41.9466358306,-87.694614758,447,506,181,182,247,303,953,550,363
"167","15634","Western Ave & Roscoe St",41.943034,-87.687288,429,470,103,105,298,339,899,637,208
"168","15640","Avers Ave & Belmont Ave",41.939408,-87.723574,315,344,119,124,176,202,659,378,243
"169","15642","California Ave & Fletcher St",41.938452,-87.6981265,644,729,243,243,350,434,1373,784,486
"170","15643","Kosciuszko Park",41.9304463333333,-87.7238301666667,366,375,129,127,222,221,741,443,256
"171","15644","Central Park Ave & Elbridge Ave",41.93533728263,-87.7168892935,328,285,103,105,204,164,613,368,208
"172","15645","Richmond St & Diversey Ave",41.93190196886,-87.7011951301,410,457,143,135,245,300,867,545,278
"173","15646","California Ave & Altgeld St",41.92669,-87.697668,778,806,280,278,462,492,1584,954,558
"174","15648","Campbell Ave & Fullerton Ave",41.9246863333333,-87.6893018333333,596,600,213,210,356,364,1196,720,423
"175","15650","Spaulding Ave & Armitage Ave",41.9171080347893,-87.7102209627628,631,674,219,216,368,392,1305,760,435
"176","15651","Humboldt Blvd & Armitage Ave",41.917513,-87.701809,1089,1075,376,370,647,640,2164,1287,746
"177","15652","Central Park Ave & North Ave",41.90965687563,-87.7166319516,219,225,89,90,123,116,444,239,179
"178","15653","Troy St & North Ave",41.9097823333333,-87.7053113333333,449,417,135,115,270,256,866,526,250
"179","15654","Spaulding Ave & Division St",41.90270659438,-87.709219571,327,322,107,106,195,186,649,381,213
"180","15655","Albany Ave & Bloomingdale Ave",41.914027,-87.705126,841,807,322,317,432,417,1648,849,639
"181","15664","Artesian Ave & Hubbard St",41.88949181977,-87.6882193648,388,319,173,130,208,181,707,389,303
"182","15666","California Ave & Lake St",41.8845541666667,-87.6963238333333,109,122,52,51,53,69,231,122,103
"183","15667","Western Ave & Monroe St",41.8797877089,-87.686112808,335,359,113,107,203,232,694,435,220
"184","15668","Western Ave & Congress Pkwy",41.87474885079,-87.6864452757,419,451,136,127,261,292,870,553,263
"185","15682","Kedzie Ave & Roosevelt Rd",41.86649278172,-87.7064961757,44,51,9,11,28,33,95,61,20
"186","15685","Central Park Ave & Ogden Ave",41.854064,-87.715117,57,56,19,17,34,33,113,67,36
"187","15686","Kedzie Ave & 21st St",41.85353363213,-87.7050730318,35,24,8,6,25,16,59,41,14
"188","15687","Central Park Ave & 24th St",41.8481205,-87.7150956666667,33,33,9,9,22,22,66,44,18
"189","15689","California Ave & 23rd Pl",41.8491416666667,-87.6951973333333,86,105,25,26,58,75,191,133,51
"190","15691","Albany Ave & 26th St",41.84447501366,-87.7020130128,37,29,10,9,24,18,66,42,19
"191","15692","California Ave & 26th St",41.84404003127,-87.6952959227,53,49,39,38,14,10,102,24,77
"192","16010","Keystone Ave & Fullerton Ave",41.9245511666667,-87.7279448333333,181,242,85,88,79,128,423,207,173
"193","16806","Bosworth Ave & Howard St",42.019573,-87.6695441666667,123,110,33,22,89,86,233,175,55
"194","16903","Cicero Ave & Lake St",41.886841,-87.745261,40,34,20,14,20,16,74,36,34
"195","16905","Central Ave & Lake St",41.887664,-87.765469,78,71,27,25,34,29,149,63,52
"196","16906","Austin Blvd & Lake St",41.887919,-87.774446,89,90,59,54,25,31,179,56,113
"197","16907","Central Park Blvd & 5th Ave",41.8756683333333,-87.7155361666667,50,60,41,41,9,19,110,28,82
"198","16912","Cicero Ave & Flournoy St",41.872131,-87.746619,12,9,3,2,9,6,21,15,5
"199","16913","Cicero Ave & Quincy St",41.877613,-87.745405,21,20,9,11,11,8,41,19,20
"200","16915","Central Ave & Harrison St",41.872993,-87.764499,33,36,11,12,20,22,69,42,23
"201","16916","Central Ave & Madison St",41.880121,-87.763238,47,44,18,17,29,27,91,56,35
"202","16918","Austin Blvd & Madison St",41.8802681666667,-87.7744831666667,52,39,24,18,28,19,91,47,42
"203","16920","Central Ave & Chicago Ave",41.894958,-87.764902,68,67,16,16,49,49,135,98,32
"204","16921","Austin Blvd & Chicago Ave",41.894887,-87.774704,26,32,1,1,22,27,58,49,2
"205","16932","Ashland Ave & Pershing Rd",41.8234316666667,-87.6656181666667,55,62,16,8,37,52,117,89,24
"206","16933","Morgan St & Pershing Rd",41.823613,-87.650931,19,35,1,2,17,32,54,49,3
"207","16937","Ashland Ave & McDowell Ave",41.80887,-87.66454,49,44,14,12,31,28,93,59,26
"208","16940","Ashland Ave & 50th St",41.803023,-87.664699,17,11,1,0,16,11,28,27,0
"209","16943","Ashland Ave & Garfield Blvd",41.792822,-87.664429,15,18,3,3,7,12,33,19,6
"210","16948","Ashland Ave & 63rd St",41.779374,-87.664843,31,27,13,12,15,12,58,27,25
"211","16950","Ashland Ave & 66th St",41.7740565,-87.6637156666667,21,25,15,14,4,6,46,10,29
"212","16953","Vincennes Ave & 75th St",41.757949,-87.6311976666667,25,23,8,11,14,7,48,21,19
"213","16970","Bennett Ave & 79th St",41.751785,-87.578496,7,8,0,0,7,8,15,15,0
"214","16991","Milwaukee Ave & Cuyler Ave",41.954468,-87.749594,169,188,105,104,47,67,357,114,209
"215","16994","Kilbourn Ave & Milwaukee Ave",41.947071,-87.740008,47,58,9,12,30,43,105,73,21
"216","17660","California Ave & Cortez St",41.900363,-87.696704,769,779,233,228,498,502,1548,1000,461
"217","18003","Fairbanks St & Superior St",41.895748,-87.620104,1199,1194,273,266,822,830,2393,1652,539
"218","18016","Bernard St & Elston Ave",41.9499091666667,-87.7139526666667,222,241,113,117,99,113,463,212,230
"219","18017","Central Park Ave & Bloomingdale Ave",41.914166,-87.716755,549,562,100,101,357,373,1111,730,201
"220","18022","Archer (Damen) Ave & 37th St",41.8267131666667,-87.6832398333333,69,83,20,18,30,42,152,72,38
"221","18025","Carpenter St & 63rd St",41.7799216666667,-87.650871,9,10,5,6,2,4,19,6,11
"222","18058","Leavitt St & Chicago Ave",41.895501,-87.682017,767,775,194,184,571,564,1542,1135,378
"223","18062","Aberdeen St & Randolph St",41.884114,-87.654264,1533,1520,368,360,1085,1089,3053,2174,728
"224","18067","Walsh Park",41.91461,-87.667968,1358,1311,268,255,1024,966,2669,1990,523
"225","18069","Cherry Ave & Blackhawk St",41.907221,-87.655618,276,273,58,55,207,204,549,411,113
"226","20.0","Damen Ave & Wabansia Ave",41.91,-87.68,173,159,173,159,0,0,332,0,332
"227","20101","Summit Ave & 86th St",41.7378256666667,-87.644829,26,23,23,16,3,7,49,10,39
"228","201022","Loomis St & 89th St",41.7323797532955,-87.6580694317818,37,34,34,30,3,4,71,7,64
"229","20103","Prospect Sq & 91st St",41.728234,-87.667524,60,47,28,15,20,20,107,40,43
"230","20104","State St & 95th St",41.72185,-87.622854,98,64,50,37,40,20,162,60,87
"231","20105","Halsted St & 96th St",41.7197145,-87.6427693333333,44,33,38,24,3,5,77,8,62
"232","20106","Chicago State University",41.718963,-87.608296,7,4,5,2,1,1,11,2,7
"233","20107","Walden Pkwy & 100th St",41.712164103598,-87.6677334308624,63,45,54,38,7,6,108,13,92
"234","20108","Hale Ave & 107th St",41.699292,-87.6687866666667,39,35,31,28,3,2,74,5,59
"235","20109","Vernon Ave & 107th St",41.700158,-87.612304,11,11,3,3,8,7,22,15,6
"236","20110","Eberhart Ave & 91st St",41.7292851572549,-87.6110315322876,45,43,9,8,33,30,88,63,17
"237","20112","Indiana Ave & 103rd St",41.7071702711776,-87.6184719800949,25,20,20,10,5,9,45,14,30
"238","20113","Dauphin Ave & 103rd St",41.70725,-87.607663,21,18,7,3,5,6,39,11,10
"239","20116","Dauphin Ave & 87th St",41.7364163333333,-87.6013016666667,60,49,40,31,13,14,109,27,71
"240","20118","Eggleston Ave & 92nd St",41.7276661666667,-87.6348748333333,63,50,63,50,0,0,113,0,113
"241","20119","Elizabeth St & 92nd St",41.7268551666667,-87.6542693333333,32,13,30,11,2,2,45,4,41
"242","20120","Stewart Ave & 83rd St",41.743717,-87.634088,56,29,38,8,10,11,85,21,46
"243","20121","Loomis Blvd & 84th St",41.7415961666667,-87.6584078333333,19,15,16,10,3,5,34,8,26
"244","20123","Western Ave & 104th St",41.7045871021891,-87.6812034845352,38,30,26,16,9,11,68,20,42
"245","20124","Vincennes Ave & 104th St",41.7049686666667,-87.6569758333333,40,31,31,23,8,7,71,15,54
"246","20125","Halsted St & 104th St",41.7051397889324,-87.6424241065979,46,33,39,30,7,3,79,10,69
"247","20126","S Aberdeen St & W 106th St",41.7,-87.65,6,3,6,3,0,0,9,0,9
"248","20127","Halsted St & 111th St",41.6922546666667,-87.642749,38,27,35,23,1,1,65,2,58
"249","20129","Ada St & 113th St",41.6875616233574,-87.6554757356644,19,9,15,5,2,2,28,4,20
"250","20130","Wentworth Ave & 104th St",41.7053079969982,-87.6292169094086,28,25,19,16,9,7,53,16,35
"251","20131","Cottage Grove Ave & 111th Pl",41.6917097584701,-87.6100015640259,49,38,32,20,7,9,87,16,52
"252","20133","Woodlawn & 103rd - Olive Harvey Vaccination Site",41.71,-87.59,19,9,19,9,0,0,28,0,28
"253","20134","Maryland Ave & 104th St",41.71,-87.6,12,9,12,9,0,0,21,0,21
"254","20201","Kedzie Ave & 104th St",41.7,-87.7,11,4,11,4,0,0,15,0,15
"255","20202","W 103rd St & S Avers Ave",41.71,-87.72,16,10,16,10,0,0,26,0,26
"256","20203","Lawndale Ave & 111th St",41.691319,-87.712886,33,33,19,17,6,6,66,12,36
"257","20204","Kedzie Ave & 110th St",41.6923947458756,-87.7009606361389,8,10,7,6,1,2,18,3,13
"258","20205","Western Ave & 111th St",41.691211034981,-87.6812973618507,44,32,37,28,4,4,76,8,65
"259","20206","Homewood Ave & 115th St",41.6845736666667,-87.6707795,22,16,11,5,9,9,38,18,16
"260","20207","Major Taylor Trail & 115th St",41.6849296666667,-87.6453181666667,53,52,45,38,4,9,105,13,83
"261","20208","Major Taylor Trail & 124th St",41.668696,-87.637113,21,11,17,6,1,1,32,2,23
"262","20209","S Michigan Ave & E 118th St",41.68,-87.62,7,1,7,1,0,0,8,0,8
"263","20210","State St & 123rd St",41.670644,-87.622586,53,51,51,48,0,0,104,0,99
"264","20211","Eberhart Ave & 131st St",41.658413,-87.610711,37,27,31,20,1,3,64,4,51
"265","20212","Altgeld Gardens",41.6566655296737,-87.5988006591797,53,27,30,13,18,10,80,28,43
"266","20213","Commercial Ave & 130th St",41.6591446666667,-87.5508023333333,28,27,21,19,4,5,55,9,40
"267","20214","Avenue O & 134th St",41.6519386666667,-87.5396463333333,8,7,8,7,0,0,15,0,15
"268","20215","Hegewisch Metra Station",41.648501,-87.54609,6,5,3,2,2,2,11,4,5
"269","20217","Torrence Ave & 126th Pl",41.666269,-87.5572141666667,1,0,1,0,0,0,0,0,0
"270","20218","Avenue O & 118th St",41.6810483333333,-87.537985,34,25,31,21,3,3,59,6,52
"271","20220","Avenue L & 114th St",41.69,-87.54,9,10,9,10,0,0,19,0,19
"272","20221","Torrence Ave & 106th St",41.7028745,-87.5598895,33,17,27,14,3,3,50,6,41
"273","20222","Burnham Greenway & 105th St",41.7045750872071,-87.5282317399979,39,40,21,17,11,12,79,23,38
"274","20223","Ewing Ave & Burnham Greenway",41.7127331666667,-87.534685,30,27,22,16,3,8,57,11,38
"275","20224","Calumet Park",41.71371,-87.530844,73,72,34,30,21,24,145,45,64
"276","20225","Commercial Ave & 100th St",41.713317395477,-87.5510975718498,13,5,4,2,6,2,18,8,6
"277","20226","Oglesby Ave & 100th St",41.7133974844224,-87.5658416748047,33,28,18,13,11,8,61,19,31
"278","20227","Bradley Park",41.717878301935,-87.5645917654037,12,13,4,4,8,9,25,17,8
"279","20228","Constance Ave & 95th St",41.722291,-87.578968,21,13,11,6,6,5,34,11,17
"280","20229","Baltimore Ave & 87th St",41.7373356004167,-87.5485146045685,40,40,25,27,14,11,80,25,52
"281","20230","Clyde Ave & 87th St",41.7372216666667,-87.5726551666667,26,24,10,9,15,9,50,24,19
"282","20231","East End Ave & 87th St",41.736815,-87.582801,27,16,15,6,7,6,43,13,21
"283","20232","Big Marsh Park",41.6858956666667,-87.5738063333333,39,36,27,25,4,4,75,8,52
"284","20233","Halsted St & 78th St",41.7524870124901,-87.6439021574879,25,17,12,4,8,9,42,17,16
"285","20234","Ashland Ave & 78th St",41.752254,-87.6638286666667,29,32,15,15,14,17,61,31,30
"286","20235","Greenwood Ave & 91st St",41.728678,-87.5972816666667,5,5,4,1,1,3,10,4,5
"287","20236","Stony Island Ave & 90th St",41.7313976666667,-87.5857553333333,16,24,12,13,4,10,40,14,25
"288","20237","Yates Blvd & 93rd St",41.7261886666667,-87.5663733333333,25,24,20,21,5,3,49,8,41
"289","20238","Greenwood Ave & 97th St",41.7187031547574,-87.5970357656479,45,41,32,32,13,8,86,21,64
"290","20239","Marquette Ave & 89th St",41.7336687907147,-87.558342218399,47,54,9,10,38,44,101,82,19
"291","20242","Houston Ave & 92nd St",41.7281656666667,-87.5496108333333,43,45,26,21,15,22,88,37,47
"292","20243","Michigan Ave & 114th St",41.687015,-87.621052,14,5,11,4,2,1,19,3,15
"293","20244","Halsted St & 73rd St",41.761605,-87.644161,41,34,31,23,5,7,75,12,54
"294","20245","Ashland Ave & 74th St",41.7592360242587,-87.6634740829468,17,18,5,7,10,8,35,18,12
"295","20246.0","N Green St & W Lake St",41.89,-87.65,277,177,277,177,0,0,454,0,454
"296","20247.0","W Washington Blvd & N Peoria St",41.88,-87.65,5,13,5,13,0,0,18,0,18
"297","202480.0","Hampden Ct & Diversey Ave",41.93,-87.64,3,25,3,25,0,0,28,0,28
"298","20249.0","N Clark St & W Elm St",41.9,-87.63,0,0,0,0,0,0,0,0,0
"299","20251.0","N Carpenter St & W Lake St",41.89,-87.65,20,15,20,15,0,0,35,0,35
"300","20252.0","W Oakdale Ave & N Broadway",41.94,-87.64,326,212,326,212,0,0,538,0,538
"301","20253.0","N Paulina St & Lincoln Ave",41.94,-87.67,11,19,11,19,0,0,30,0,30
"302","20254.0","W Armitage Ave & N Sheffield Ave",41.92,-87.65,95,67,95,67,0,0,162,0,162
"303","20256.0","N Sheffield Ave & W Wellington Ave",41.94,-87.65,61,48,61,48,0,0,109,0,109
"304","20257.0","N Southport Ave & W Newport Ave",41.94,-87.66,51,53,51,53,0,0,104,0,104
"305","313","Long Ave & Belden Ave",41.92,-87.76,2,3,2,3,0,0,5,0,5
"306","316","Lamon Ave & Belmont Ave",41.94,-87.75,11,6,11,6,0,0,17,0,17
"307","317","Long Ave & Belmont Ave",41.94,-87.76,5,0,5,0,0,0,0,0,0
"308","322","Cicero Ave & Grace St",41.95,-87.75,14,8,14,8,0,0,22,0,22
"309","329.0","Central Park Ave & Douglas Blvd",41.86,-87.72,12,3,12,3,0,0,15,0,15
"310","330.0","Keeler Ave & Roosevelt Rd",41.87,-87.73,2,1,2,1,0,0,3,0,3
"311","331","Halsted St & Clybourn Ave",41.909668,-87.648128,2807,2738,675,665,2022,1987,5545,4009,1340
"312","331.0","Pulaski Rd & 21st St",41.85,-87.72,1,1,1,1,0,0,2,0,2
"313","353","Meade Ave & Diversey Ave",41.93,-87.78,10,9,10,9,0,0,19,0,19
"314","354","Parkside Ave & Armitage Ave",41.92,-87.77,2,0,2,0,0,0,0,0,0
"315","355","Central Ave & Parker Ave",41.93,-87.77,1,2,1,2,0,0,3,0,3
"316","356","Lavergne & Fullerton",41.92,-87.75,14,11,14,11,0,0,25,0,25
"317","358","Kilpatrick Ave & Parker Ave",41.93,-87.74,11,5,11,5,0,0,16,0,16
"318","362.0","Lawndale Ave & 16th St",41.86,-87.72,13,6,13,6,0,0,19,0,19
"319","363.0","Tripp Ave & 15th St",41.86,-87.73,11,4,11,4,0,0,15,0,15
"320","364.0","Homan Ave & Fillmore St",41.87,-87.71,11,5,11,5,0,0,16,0,16
"321","365.0","Kildare Ave & 26th St",41.84,-87.73,6,2,6,2,0,0,8,0,8
"322","366.0","Spaulding Ave & 16th St",41.86,-87.71,28,21,28,21,0,0,49,0,49
"323","368.0","Tripp Ave & 31st St",41.84,-87.73,7,9,7,9,0,0,16,0,16
"324","473","Mason Ave & Belmont Ave",41.94,-87.77,1,0,1,0,0,0,0,0,0
"325","514","Ridge Blvd & Howard St",42.019276,-87.68452,114,102,46,41,60,55,216,115,87
"326","515","Paulina St & Howard St",42.019159,-87.673573,377,321,125,114,230,198,698,428,239
"327","517","Clark St & Jarvis Ave",42.0159535,-87.6750073333333,127,115,41,35,80,78,242,158,76
"328","518","Conservatory Dr & Lake St",41.8854711666667,-87.7168501666667,124,127,48,42,65,68,251,133,90
"329","519","Wolcott Ave & Fargo Ave",42.016977,-87.677725,80,68,25,24,48,38,148,86,49
"330","520","Greenview Ave & Jarvis Ave",42.0159691666667,-87.6685913333333,458,437,179,175,267,253,895,520,354
"331","523","Eastlake Ter & Rogers Ave",42.0209073333333,-87.6650526666667,385,379,201,201,167,159,764,326,402
"332","525","Glenwood Ave & Touhy Ave",42.012701,-87.666058,311,310,72,73,217,221,621,438,145
"333","527","Western Ave & Howard St",42.018901,-87.690048,99,105,50,48,35,44,204,79,98
"334","528","Pulaski Rd & Lake St",41.885409,-87.726491,45,50,32,36,12,11,95,23,68
"335","530","Laramie Ave & Kinzie St",41.887832,-87.755527,37,30,15,11,20,17,67,37,26
"336","534","Karlov Ave & Madison St",41.88085,-87.727907,12,14,0,0,9,13,26,22,0
"337","535","Pulaski Rd & Congress Pkwy",41.874325,-87.725704,35,29,11,11,23,15,64,38,22
"338","536","Kostner Ave & Lake St",41.885978,-87.7353893333333,16,18,6,6,8,10,34,18,12
"339","537","Kenton Ave & Madison St",41.880708,-87.741018,12,12,7,6,5,6,24,11,13
"340","540","Laramie Ave & Madison St",41.8802345,-87.755414,38,40,21,19,16,21,78,37,40
"341","543","Laramie Ave & Gladys Ave",41.875806,-87.755285,8,4,2,1,6,3,12,9,3
"342","545","Kostner Ave & Adams St",41.877917,-87.735737,27,27,10,5,13,15,54,28,15
"343","546","Damen Ave & Pershing Rd",41.8231746666667,-87.6766356666667,79,78,20,20,48,47,157,95,40
"344","549","Marshfield Ave & 44th St",41.813996,-87.666589,52,63,22,21,30,39,115,69,43
"345","553","Elizabeth St & 47th St",41.80839,-87.656526,15,9,6,6,8,2,24,10,12
"346","554","Damen Ave & 51st St",41.800908,-87.674684,11,14,1,0,8,9,25,17,0
"347","556","Throop St & 52nd St",41.799659,-87.657195,12,12,3,3,4,4,24,8,6
"348","557","Seeley Ave & Garfield Blvd",41.7941383333333,-87.675494,14,21,8,8,5,12,35,17,16
"349","559","Racine Ave & Garfield Blvd",41.794228,-87.655073,17,16,6,4,9,10,33,19,10
"350","560","Marshfield Ave & 59th St",41.786833,-87.666215,7,7,2,1,3,4,14,7,3
"351","561","Damen Ave & 59th St",41.785861065132,-87.674143910408,36,35,8,8,19,17,71,36,16
"352","562","Racine Ave & 61st St",41.783189,-87.654372,5,8,3,2,2,6,13,8,5
"353","564","Racine Ave & 65th St",41.775393,-87.654308,2,3,1,1,0,0,5,0,2
"354","567","May St & 69th St",41.768947,-87.6529071666667,31,33,27,31,4,2,64,6,58
"355","569","Woodlawn Ave & 75th St",41.7592,-87.5957656666667,10,21,4,6,6,14,31,20,10
"356","570","Evans Ave & 75th St",41.75849,-87.60641,27,36,9,9,18,27,63,45,18
"357","571","Vernon Ave & 75th St",41.758402,-87.6141326666667,34,31,24,20,8,9,65,17,44
"358","572","State St & 76th St",41.7570336666667,-87.6245603333333,5,5,1,1,4,4,10,8,2
"359","573","State St & 79th St",41.750794,-87.624424,72,60,41,28,30,31,132,61,69
"360","574","Vernon Ave & 79th St",41.75094,-87.61379,27,22,14,14,12,7,49,19,28
"361","575","Cottage Grove Ave & 78th St",41.753174,-87.605026,17,19,10,9,5,8,36,13,19
"362","576","Greenwood Ave & 79th St",41.7512721666667,-87.5975198333333,37,26,19,11,16,9,63,25,30
"363","577","Stony Island Ave & South Chicago Ave",41.751173,-87.585337,27,18,5,3,18,15,45,33,8
"364","579","Phillips Ave & 79th St",41.7518368333333,-87.5652436666667,52,50,18,18,23,24,102,47,36
"365","580","Exchange Ave & 79th St",41.751731,-87.552812,48,43,28,19,11,14,91,25,47
"366","582","Phillips Ave & 83rd St",41.744531,-87.56506,11,13,4,3,5,9,24,14,7
"367","583","Stony Island Ave & 82nd St",41.746559,-87.586005,27,25,12,14,13,8,52,21,26
"368","584","Ellis Ave & 83rd St",41.744123,-87.599034,35,37,7,7,23,23,72,46,14
"369","585","Cottage Grove Ave & 83rd St",41.7434288333333,-87.6048695,54,38,25,17,23,14,92,37,42
"370","586","MLK Jr Dr & 83rd St",41.743116,-87.6148,13,15,2,1,7,11,28,18,3
"371","587","Wabash Ave & 83rd St",41.743316,-87.622849,15,6,5,2,5,2,21,7,7
"372","588","South Chicago Ave & 83rd St",41.743921,-87.575225,27,16,8,8,19,7,43,26,16
"373","590","Kilbourn Ave & Irving Park Rd",41.9537676666667,-87.7405483333333,84,82,31,33,51,43,166,94,64
"374","592","Knox Ave & Montrose Ave",41.960631,-87.745359,82,88,45,46,30,36,170,66,91
"375","593","Halsted St & 59th St",41.787539,-87.644874,8,5,5,1,2,4,13,6,6
"376","594","Western Blvd & 48th Pl",41.8056356666667,-87.6833308333333,71,52,34,21,32,27,123,59,55
"377","595","Wabash Ave & 87th St",41.736646,-87.622634,61,50,35,22,23,25,111,48,57
"378","596","Benson Ave & Church St",42.048064,-87.6832218333333,934,1007,239,252,619,672,1941,1291,491
"379","598","Elmwood Ave & Austin St",42.0257521666667,-87.6841273333333,214,217,86,89,128,120,431,248,175
"380","599","Valli Produce - Evanston Plaza",42.0396806666667,-87.6994121666667,149,150,70,64,78,83,299,161,134
"381","600","Dodge Ave & Church St",42.048308,-87.698224,88,79,25,20,56,48,167,104,45
"382","604","Sheridan Rd & Noyes St (NU)",42.0582138333333,-87.6773873333333,504,481,85,83,377,357,985,734,168
"383","605","University Library (NU)",42.052939,-87.673447,351,335,58,55,228,233,686,461,113
"384","620","Orleans St & Chestnut St (NEXT Apts)",41.898203,-87.637536,1801,1774,536,515,1219,1217,3575,2436,1051
"385","623","Michigan Ave & 8th St",41.872773,-87.623981,3130,3041,675,637,1907,1847,6171,3754,1312
"386","624","Dearborn St & Van Buren St",41.876247,-87.6293376666667,1160,1100,227,205,829,772,2260,1601,432
"387","631","Malcolm X College Vaccination Site",41.8775846666667,-87.6739595,270,234,65,58,182,158,504,340,123
"388","632","Clark St & Newport St",41.94454,-87.654678,3600,3604,884,880,2504,2544,7204,5048,1764
"389","636","Orleans St & Hubbard St",41.890028,-87.636618,1446,1428,383,373,1019,1009,2874,2028,756
"390","637","Wood St & Chicago Ave",41.895634,-87.672069,1194,1157,336,326,821,798,2351,1619,662
"391","638","Clinton St & Jackson Blvd",41.8783166118307,-87.6409810781479,1920,1911,473,466,1342,1354,3831,2696,939
"392","639","Lakefront Trail & Wilson Ave",41.965845,-87.645361,1532,1556,250,242,1032,1074,3088,2106,492
"393","642","Latrobe Ave & Chicago Ave",41.894745,-87.756895,33,32,13,9,17,20,65,37,22
"394","643","Smith Park",41.892048,-87.689397,385,392,144,141,228,236,777,464,285
"395","644","Western Ave & Fillmore St",41.868563,-87.686234,705,685,324,315,378,360,1390,738,639
"396","646","State St & 54th St",41.7965473333333,-87.625912,48,52,19,18,23,30,100,53,37
"397","647","Elizabeth St & 59th St",41.7866148333333,-87.6558958333333,5,6,5,4,0,0,11,0,9
"398","649","Stewart Ave & 63rd St",41.7798706666667,-87.634791,24,15,13,5,11,10,39,21,18
"399","650","Eggleston Ave & 69th St",41.768898,-87.635876,13,15,2,2,4,6,28,10,4
"400","651","Michigan Ave & 71st St",41.765286,-87.621748,21,21,12,11,9,9,42,18,23
"401","652","Rhodes Ave & 71st St",41.7659948333333,-87.611671,27,22,16,14,8,5,49,13,30
"402","653","Cornell Dr & Hayes Dr",41.780595,-87.584846,72,55,11,11,43,28,127,71,22
"403","654","Racine Ave & Washington Blvd",41.883078,-87.6570673333333,742,711,215,215,499,475,1453,974,430
"404","655","Hoyne Ave & Balmoral Ave",41.979851,-87.681932,308,318,75,74,233,221,626,454,149
"405","657","Wood St & Augusta Blvd",41.899181,-87.6722,951,938,272,269,643,641,1889,1284,541
"406","658","Leavitt St & Division St",41.902997,-87.683825,742,668,216,185,491,465,1410,956,401
"407","660","Sheridan Rd & Columbia Ave",42.004583,-87.661406,603,608,150,148,421,425,1211,846,298
"408","661","Evanston Civic Center",42.057044,-87.686554,205,179,38,38,151,124,384,275,76
"409","662","Dodge Ave & Mulford St",42.023463,-87.699595,78,80,39,35,34,37,158,71,74
"410","665","South Chicago Ave & Elliot Ave",41.747363,-87.580046,8,9,5,2,2,6,17,8,7
"411","DIVVY 001","WEST CHI-WATSON",41.894768,-87.7308913333333,57,55,57,55,0,0,112,0,112
"412","DIVVY CASSETTE REPAIR MOBILE STATION","DIVVY CASSETTE REPAIR MOBILE STATION",41.880958,-87.616743,4,4,2,1,2,3,8,5,3
"413","E002","Chicago Ave & Washington St",42.032562,-87.679101,588,605,171,168,357,387,1193,744,339
"414","E006","Central St Metra",42.0638268333333,-87.6986726666667,213,211,80,76,118,120,424,238,156
"415","E007","Central St & Girard Ave",42.064313,-87.686152,215,217,66,66,127,125,432,252,132
"416","E008","Chicago Ave & Sheridan Rd",42.050491,-87.677821,543,571,46,45,383,393,1114,776,91
"417","E011","Dodge Ave & Main St",42.034791,-87.6990921666667,70,82,19,21,39,47,152,86,40
"418","E014","Lincolnwood Dr & Central St",42.064854,-87.715297,91,119,31,41,53,66,210,119,72
"419","Hubbard Bike-checking (LBS-WH-TEST)","Base - 2132 W Hubbard Warehouse",41.8899545160741,-87.6806509494781,58,100,47,56,11,25,158,36,103
"420","KA1503000001","Shields Ave & 43rd St",41.8161851666667,-87.6346966666667,50,41,29,25,21,16,91,37,54
"421","KA1503000002","South Shore Dr & 71st St",41.7664094567,-87.5656875719,289,298,118,123,146,152,587,298,241
"422","KA1503000003","Cottage Grove Ave & 71st St",41.76571903697,-87.604959713,22,9,3,2,17,7,31,24,5
"423","KA1503000004","Lake Park Ave & 35th St",41.831204,-87.6087316666667,591,593,119,114,309,309,1184,618,233
"424","KA1503000005","Wentworth Ave & 35th St",41.8308081666667,-87.632492,283,260,89,88,156,155,543,311,177
"425","KA1503000007","Cornell Ave & Hyde Park Blvd",41.802406,-87.586924,1173,1160,365,353,713,720,2333,1433,718
"426","KA1503000009","Princeton Ave & 47th St",41.80931770924,-87.633449288,77,80,27,22,50,56,157,106,49
"427","KA1503000010","Halsted St & 51st St",41.80183164049,-87.645213904,11,10,3,4,6,6,21,12,7
"428","KA1503000011","Halsted St & 56th St",41.7930351666667,-87.6450121666667,14,14,5,2,8,9,28,17,7
"429","KA1503000012","Clark St & Lake St",41.88602082773,-87.6308760584,2444,2376,563,542,1717,1639,4820,3356,1105
"430","KA1503000013","Princeton Ave & Garfield Blvd",41.794982,-87.633124,50,43,20,17,23,20,93,43,37
"431","KA1503000014","Ellis Ave & 60th St",41.7851585,-87.6011196666667,739,753,158,157,543,551,1492,1094,315
"432","KA1503000015","Wabash Ave & Adams St",41.87947235235,-87.6256886059,1701,1679,292,288,1127,1112,3380,2239,580
"433","KA1503000018","Jeffery Blvd & 71st St",41.766638,-87.57645,61,49,19,18,31,25,110,56,37
"434","KA1503000019","Stony Island Ave & 75th St",41.7586696704,-87.586882871,45,47,11,10,26,33,92,59,21
"435","KA1503000020","South Shore Dr & 74th St",41.7622331666667,-87.5591488333333,102,87,46,43,47,36,189,83,89
"436","KA1503000021","Stony Island Ave & 64th St",41.778881,-87.586647,73,82,22,22,25,33,155,58,44
"437","KA1503000022","Clark St & Montrose Ave",41.961588,-87.666036,966,912,207,204,684,658,1878,1342,411
"438","KA1503000023","Stony Island Ave & 67th St",41.773458,-87.58534,59,59,5,4,51,50,118,101,9
"439","KA1503000024","Yates Blvd & 75th St",41.758768,-87.56644,27,28,6,6,19,18,55,37,12
"440","KA1503000025","Wentworth Ave & 63rd St",41.78007963264,-87.6297463052,38,36,27,28,10,7,74,17,55
"441","KA1503000027","Prairie Ave & 43rd St",41.8166686666667,-87.6194005,151,154,35,34,108,105,305,213,69
"442","KA1503000028","Jeffery Blvd & 76th St",41.75712006802,-87.5758393587,29,30,3,3,22,21,59,43,6
"443","KA1503000029","South Shore Dr & 67th St",41.773643,-87.567514,217,214,76,64,100,107,431,207,140
"444","KA1503000030","Jeffery Blvd & 67th St",41.773518,-87.577143,120,107,45,45,54,37,227,91,90
"445","KA1503000031","Cottage Grove Ave & 67th St",41.77372095205,-87.60563486,47,62,21,22,26,37,109,63,43
"446","KA1503000032","Union Ave & Root St",41.819092,-87.6433228333333,88,83,46,47,38,30,171,68,93
"447","KA1503000033","Eberhart Ave & 61st St",41.78408,-87.613216,85,85,54,46,21,37,170,58,100
"448","KA1503000034","LaSalle St & Adams St",41.879344,-87.631985,888,854,228,220,562,537,1742,1099,448
"449","KA1503000038","Shields Ave & 31st St",41.838464,-87.635406,428,418,77,78,335,327,846,662,155
"450","KA1503000040","Loomis St & Archer Ave",41.84163253965,-87.6574349533,191,200,49,49,123,132,391,255,98
"451","KA1503000041","McClurg Ct & Erie St",41.894503,-87.617854,2893,2731,624,606,2009,1913,5624,3922,1230
"452","KA1503000043","Kingsbury St & Kinzie St",41.88917683258,-87.6385057718,4585,4561,1144,1139,3316,3308,9146,6624,2283
"453","KA1503000044","Rush St & Hubbard St",41.890173,-87.626185,1491,1485,403,399,931,931,2976,1862,802
"454","KA1503000045","Stony Island Ave & 71st St",41.7664929373,-87.5864608775,53,59,18,18,26,34,112,60,36
"455","KA1503000046","Dorchester Ave & 63rd St",41.7804056457,-87.5914159893,112,139,37,36,67,90,251,157,73
"456","KA1503000047","Perry Ave & 69th St",41.76929308995,-87.6281959291,28,26,7,9,20,14,54,34,16
"457","KA1503000049","Rainbow Beach",41.7578856666667,-87.5493121666667,77,74,32,35,22,21,151,43,67
"458","KA1503000051","Halsted St & 47th Pl",41.808121,-87.6456453333333,103,99,49,50,47,44,202,91,99
"459","KA1503000052","Ellis Ave & 53rd St",41.79933626261,-87.6009581145,683,666,155,151,487,480,1349,967,306
"460","KA1503000053","MLK Jr Dr & 63rd St",41.78008063659,-87.6159428567,36,44,18,20,16,23,80,39,38
"461","KA1503000054","Cottage Grove Ave & 63rd St",41.7806009452142,-87.6058360934258,130,127,45,47,74,68,257,142,92
"462","KA1503000055","Halsted & 63rd - Kennedy-King Vaccination Site",41.7794255,-87.6446861666667,27,16,8,8,17,8,43,25,16
"463","KA1503000059","Lake Park Ave & 53rd St",41.79949429373,-87.5864498959,895,896,215,211,571,560,1791,1131,426
"464","KA1503000064","Dusable Harbor",41.886976,-87.612813,3749,3680,672,655,2181,2356,7429,4537,1327
"465","KA1503000065","Woodlawn Ave & Lake Park Ave",41.81409271048,-87.5970051479,276,279,75,68,176,175,555,351,143
"466","KA1503000066","Wood St & 35th St",41.8301718333333,-87.670475,95,109,36,34,58,63,204,121,70
"467","KA1503000068","Leavitt St & Archer Ave",41.82879201994,-87.6806044594,133,105,25,23,98,76,238,174,48
"468","KA1503000069","Dorchester Ave & 49th St",41.805772,-87.592464,203,189,70,68,109,96,392,205,138
"469","KA1503000070","Harper Ave & 59th St",41.78794281287,-87.5883151702,361,367,102,98,240,255,728,495,200
"470","KA1503000071","University Ave & 57th St",41.791478,-87.599861,1167,1131,282,275,814,808,2298,1622,557
"471","KA1503000072","Wacker Dr & Washington St",41.8832531952286,-87.6365125179291,1003,1000,305,307,636,634,2003,1270,612
"472","KA1503000073","MLK Jr Dr & 56th St",41.79342945658,-87.6158532619,64,54,25,24,39,25,118,64,49
"473","KA1503000074","Museum of Science and Industry",41.79172820953,-87.583945009,872,872,173,171,516,513,1744,1029,344
"474","KA1503000075","DuSable Museum",41.79156801058,-87.6078521774,92,93,32,30,47,57,185,104,62
"475","KA1504000076","Ellis Ave & 55th St",41.79430062054,-87.6014497734,373,360,92,81,261,258,733,519,173
"476","KA1504000078","Lincoln Ave & Winona St",41.97491129677,-87.6925025594,370,396,144,142,212,237,766,449,286
"477","KA1504000079","Larrabee St & Division St",41.90348607004,-87.6433534936,1881,1858,406,397,1405,1401,3739,2806,803
"478","KA1504000080","Washtenaw Ave & Lawrence Ave",41.968987,-87.696027,481,480,226,224,236,230,961,466,450
"479","KA1504000082","Kedzie Ave & Harrison St",41.87359967462,-87.7048707493,23,17,9,7,13,8,40,21,16
"480","KA1504000086","Kedzie Ave & 24th St",41.84819094491,-87.7054137458,28,33,17,16,10,15,61,25,33
"481","KA1504000090","St. Louis Ave & Fullerton Ave",41.9248155968119,-87.714495062828,495,522,149,147,320,358,1017,678,296
"482","KA1504000091","Hoyne Ave & 47th St",41.808227,-87.67718,41,31,17,8,22,21,72,43,25
"483","KA1504000093","Rockwell St & Eastwood Ave",41.965798,-87.6936775,405,422,173,170,218,234,827,452,343
"484","KA1504000096","Sawyer Ave & Irving Park Rd",41.95358617895,-87.7093107999,179,166,54,48,100,93,345,193,102
"485","KA1504000097","Drake Ave & Montrose Ave",41.96115407569,-87.7165690733,180,182,76,76,91,97,362,188,152
"486","KA150400009X","Kimball Ave & Belmont Ave",41.939398,-87.711561,337,326,109,111,214,190,663,404,220
"487","KA1504000101","Ogden Ave & Roosevelt Rd",41.86650148316,-87.68469707,198,198,36,38,151,146,396,297,74
"488","KA1504000102","Fairfield Ave & Roosevelt Rd",41.866624,-87.694521,42,51,21,24,20,23,93,43,45
"489","KA1504000103","Western Ave & Walton St",41.89841768945,-87.6865960164,1214,1176,319,307,833,812,2390,1645,626
"490","KA1504000104","Paulina St & Flournoy St",41.87295,-87.66913,1327,1296,322,314,978,946,2623,1924,636
"491","KA1504000106","Kedzie Ave & Lake St",41.884575,-87.7063575,145,144,76,71,56,57,289,113,147
"492","KA1504000109","Washtenaw Ave & Ogden Ave",41.86193,-87.69345,133,123,47,47,73,65,256,138,94
"493","KA1504000110","Millard Ave & 26th St",41.8445311246216,-87.715921998024,28,31,5,7,18,18,59,36,12
"494","KA1504000113","Sacramento Blvd & Franklin Blvd",41.8904687924386,-87.7026075124741,72,64,6,6,60,53,136,113,12
"495","KA1504000114","Kedzie Ave & Chicago Ave",41.895463,-87.7061001666667,119,139,35,31,77,96,258,173,66
"496","KA1504000116","Larrabee St & Oak St",41.90021949323,-87.6429854676,1135,1076,226,225,888,822,2211,1710,451
"497","KA1504000117","Halsted St & North Branch St",41.89936843921,-87.6484798752,389,300,111,87,262,202,689,464,198
"498","KA1504000126","Kedzie Ave & Leland Ave",41.9666165,-87.7081645,192,228,99,99,77,115,420,192,198
"499","KA1504000127","Manor Ave & Leland Ave",41.965875,-87.700825,263,281,119,115,134,157,544,291,234
"500","KA1504000128","Kedzie Ave & Foster Ave",41.975672,-87.709261,231,249,86,89,129,138,480,267,175
"501","KA1504000129","Western Ave & Granville Ave",41.9941716666667,-87.6894425,242,272,126,124,86,123,514,209,250
"502","KA1504000130","Maplewood Ave & Peterson Ave",41.9902715,-87.6934383333333,101,117,43,43,50,67,218,117,86
"503","KA1504000133","Rush St & Cedar St",41.90230870122,-87.627690528,3255,3253,798,787,2251,2244,6508,4495,1585
"504","KA1504000134","Ritchie Ct & Banks St",41.9067753333333,-87.6259891666667,2283,2258,486,481,1634,1629,4541,3263,967
"505","KA1504000135","Wells St & Elm St",41.9034511666667,-87.6346271666667,5803,5802,1303,1312,4291,4334,11605,8625,2615
"506","KA1504000139","Monticello Ave & Irving Park Rd",41.95400483876,-87.7191281797,249,257,107,108,121,133,506,254,215
"507","KA1504000140","Winchester Ave & Elston Ave",41.92409085038,-87.6764600747,568,596,152,155,392,421,1164,813,307
"508","KA1504000141","Pulaski Rd & Eddy St (Temp)",41.946264,-87.731023,94,88,29,29,51,51,182,102,58
"509","KA1504000142","Drake Ave & Addison St",41.947326,-87.717582,155,128,59,54,89,62,283,151,113
"510","KA1504000143","Leavitt St & Addison St",41.946655,-87.683359,395,381,96,95,263,262,776,525,191
"511","KA1504000146","Clark St & Berwyn Ave",41.977997,-87.668047,1688,1741,546,549,1061,1103,3429,2164,1095
"512","KA1504000147","Winchester (Ravenswood) Ave & Balmoral Ave",41.979762,-87.67753,295,316,88,91,189,207,611,396,179
"513","KA1504000148","Clark St & Elmdale Ave",41.9907913333333,-87.6696075,487,497,148,145,306,323,984,629,293
"514","KA1504000149","Damen Ave & Foster Ave",41.97561480459,-87.6794590387,601,605,167,172,391,396,1206,787,339
"515","KA1504000151","Clark St & Bryn Mawr Ave",41.983593,-87.669154,1183,1227,350,341,796,828,2410,1624,691
"516","KA1504000152","Lakefront Trail & Bryn Mawr Ave",41.98403669612,-87.6523104689,2789,2799,590,573,1922,1985,5588,3907,1163
"517","KA1504000155","2112 W Peterson Ave",41.991178,-87.683593,162,188,69,62,89,115,350,204,131
"518","KA1504000156","Clark St & Schreiber Ave",41.99925182186,-87.6713773393,402,411,138,138,246,259,813,505,276
"519","KA1504000158","Oakley Ave & Irving Park Rd",41.95434085219,-87.6860796243,389,400,89,89,276,286,789,562,178
"520","KA1504000159","Sheridan Rd & Greenleaf Ave",42.01058656284,-87.6624120948,383,380,81,82,264,252,763,516,163
"521","KA1504000160","Francisco Ave & Foster Ave",41.97563272521,-87.7014194389,389,398,147,150,195,206,787,401,297
"522","KA1504000161","St. Louis Ave & Balmoral Ave",41.98039423475,-87.7161149615,123,124,49,49,64,68,247,132,98
"523","KA1504000162","Clark St & Lunt Ave",42.009074,-87.67419,372,355,156,159,216,183,727,399,315
"524","KA1504000164","Keystone Ave & Montrose Ave",41.9610615,-87.7289658333333,153,165,83,79,58,64,318,122,162
"525","KA1504000167","Kedzie Ave & Bryn Mawr Ave",41.98239708485,-87.7089225202,166,169,38,36,115,118,335,233,74
"526","KA1504000168","Western & 28th - Velasquez Institute Vaccination Site",41.84151770807,-87.6851314409,18,13,6,6,11,6,31,17,12
"527","KA1504000171","Marine Dr & Ainslie St",41.9716,-87.650154,1366,1375,358,351,872,915,2741,1787,709
"528","KA1504000175","Glenwood Ave & Morse Ave",42.0079631666667,-87.6654178333333,642,655,168,170,434,454,1297,888,338
"529","KA17018054","Damen Ave & Walnut (Lake) St",41.885951,-87.677009,422,437,118,106,287,308,859,595,224
"530","KA17018068","Leavitt St & Belmont Ave",41.939354,-87.683282,720,706,220,212,456,433,1426,889,432
"531","KA1706005007","Delano Ct & Roosevelt Rd",41.867491,-87.63219,1067,1004,266,264,720,669,2071,1389,530
"532","KA1706005015","Kildare Ave & Montrose Ave",41.96108,-87.73569,99,111,40,36,46,61,210,107,76
"533","KP1705001026","LaSalle Dr & Huron St",41.894877,-87.632326,2327,2223,531,510,1752,1581,4550,3333,1041
"534","LF-005","Lake Shore Dr & North Blvd",41.9117136666667,-87.626766,10241,12479,1743,1969,7324,9209,22720,16533,3712
"535","LP-","Lincoln Park Conservatory",41.923931,-87.635825,2647,2567,423,408,1877,1808,5214,3685,831
"536","RN-","Franklin St & Illinois St",41.8910233102519,-87.6354798674583,2406,2375,615,603,1714,1703,4781,3417,1218
"537","RP-001","Warren Park West",42.001785,-87.688829,169,194,48,49,88,115,363,203,97
"538","RP-002","Warren Park East",42.00455,-87.680666,178,198,80,84,85,98,376,183,164
"539","RP-004","Oakley Ave & Touhy Ave",42.012342,-87.688243,91,84,47,42,38,36,175,74,89
"540","RP-005","Western Ave & Lunt Ave",42.0085943972,-87.6904922389,182,212,96,96,67,105,394,172,192
"541","RP-006","Ridge Blvd & Touhy Ave",42.0121733333333,-87.6829078333333,145,148,66,67,66,67,293,133,133
"542","RP-007","Clark St & Touhy Ave",42.01256011541,-87.6743671152,163,143,66,61,96,74,306,170,127
"543","RP-008","Clark St & Columbia Ave",42.00445062934,-87.6724024047,338,366,158,155,165,196,704,361,313
"544","RP-009","Sheridan Rd & Loyola Ave",42.0011028333333,-87.6611866666667,713,693,242,240,412,409,1406,821,482
"545","SL-005","Indiana Ave & Roosevelt Rd",41.867888,-87.623041,4886,4867,1064,1051,3110,3150,9753,6260,2115
"546","SL-006","Wells St & 19th St",41.856802,-87.633879,469,456,64,62,303,311,925,614,126
"547","SL-007","State St & Harrison St",41.874053,-87.627716,1507,1492,321,320,1020,994,2999,2014,641
"548","SL-008","Federal St & Polk St",41.87207763285,-87.6295437729,2738,2722,678,665,1981,1917,5460,3898,1343
"549","SL-009","Clark St & 9th St (AMLI)",41.870816,-87.631246,1035,997,247,238,722,707,2032,1429,485
"550","SL-010","Financial Pl & Ida B Wells Dr",41.8750236280333,-87.6330940425396,987,964,224,220,732,683,1951,1415,444
"551","SL-011","Wells St & Polk St",41.872596,-87.633502,1852,1798,507,494,1245,1216,3650,2461,1001
"552","SL-012","Wabash Ave & 16th St",41.860384,-87.625813,1473,1418,349,342,1075,1002,2891,2077,691
"553","SL-013","State St & 19th St",41.8565091666667,-87.627509,491,473,85,84,354,347,964,701,169
"554","TA1305000001","Wabash Ave & Cermak Rd",41.852619,-87.626488,610,635,117,119,414,448,1245,862,236
"555","TA1305000002","Wabash Ave & Roosevelt Rd",41.867227,-87.625961,3304,3286,705,693,2297,2291,6590,4588,1398
"556","TA1305000003","Fairbanks Ct & Grand Ave",41.8918473721099,-87.6205801963806,4048,4043,777,771,2839,2716,8091,5555,1548
"557","TA1305000004","McCormick Place",41.8513751729,-87.6188346489,1020,1029,204,202,597,578,2049,1175,406
"558","TA1305000005","Dearborn St & Adams St",41.879356,-87.629791,1337,1256,253,238,971,922,2593,1893,491
"559","TA1305000006","Dearborn St & Monroe St",41.881319815,-87.6295209193,2430,2363,526,513,1755,1717,4793,3472,1039
"560","TA1305000009","Clark St & Ida B Wells Dr",41.8759326655,-87.6305845355,715,659,137,133,528,454,1374,982,270
"561","TA1305000010","Michigan Ave & Ida B Wells Dr",41.876243,-87.624426,1259,1244,249,241,790,790,2503,1580,490
"562","TA1305000011","Michigan Ave & Lake St",41.886024,-87.624117,3928,3858,773,742,2508,2514,7786,5022,1515
"563","TA1305000014","Clark St & Wrightwood Ave",41.929546,-87.643118,3827,3807,738,724,2950,2922,7634,5872,1462
"564","TA1305000017","Halsted St & Roosevelt Rd",41.867324,-87.648625,434,418,61,60,350,346,852,696,121
"565","TA1305000020","Ogden Ave & Chicago Ave",41.896362458,-87.6540612729,1873,1848,527,518,1266,1248,3721,2514,1045
"566","TA1305000022","Orleans St & Merchandise Mart Plaza",41.8879475,-87.6370341666667,3020,2761,826,766,2099,1912,5781,4011,1592
"567","TA1305000025","Franklin St & Jackson Blvd",41.8771648333333,-87.6345146666667,2524,2509,636,627,1601,1680,5033,3281,1263
"568","TA1305000029","State St & Randolph St",41.884411,-87.627352,2901,2838,578,561,2028,1929,5739,3957,1139
"569","TA1305000030","Clark St & Randolph St",41.884576228,-87.63188991,2336,2325,605,606,1584,1605,4661,3189,1211
"570","TA1305000032","Clinton St & Madison St",41.882242,-87.641066,3215,3227,740,745,2366,2371,6442,4737,1485
"571","TA1305000034","Honore St & Division St",41.903119,-87.673935,2006,1996,549,548,1366,1355,4002,2721,1097
"572","TA1305000035","State St & Van Buren St",41.877181,-87.627844,1410,1372,272,257,999,975,2782,1974,529
"573","TA1305000037","Paulina Ave & North Ave",41.910337,-87.670072,1483,1466,311,304,1111,1092,2949,2203,615
"574","TA1305000039","Elston Ave & Cortland St",41.9164334291265,-87.6667463779449,1181,1148,249,244,854,842,2329,1696,493
"575","TA1305000041","Damen Ave & Pierce Ave",41.9093960065,-87.6776919292,3657,3781,993,997,2597,2586,7438,5183,1990
"576","TA1306000002","Morgan Ave & 14th Pl",41.862378,-87.651062,722,754,91,93,618,628,1476,1246,184
"577","TA1306000003","Desplaines St & Kinzie St",41.8886825,-87.6445016666667,3607,3548,972,946,2522,2490,7155,5012,1918
"578","TA1306000006","Orleans St & Elm St",41.902924,-87.637715,1092,880,202,170,860,691,1972,1551,372
"579","TA1306000007","Larrabee St & Menomonee St",41.91468,-87.64332,968,941,186,182,751,726,1909,1477,368
"580","TA1306000008","Larrabee St & North Ave",41.9101555,-87.6435176666667,1381,1338,328,334,1015,961,2719,1976,662
"581","TA1306000009","Larrabee St & Kingsbury St",41.897764,-87.642884,2490,2383,718,677,1721,1664,4873,3385,1395
"582","TA1306000010","Daley Center Plaza",41.8843498333333,-87.6296805,2835,2802,691,690,1967,1988,5637,3955,1381
"583","TA1306000011","Wells St & Walton St",41.89993,-87.63443,1363,1104,264,202,1043,862,2467,1905,466
"584","TA1306000012","Wells St & Huron St",41.894722,-87.634362,4297,4275,1101,1100,3058,3049,8572,6107,2201
"585","TA1306000013","New St & Illinois St",41.8908470406238,-87.6186168193817,4308,4274,1045,1032,2758,2805,8582,5563,2077
"586","TA1306000014","Wilton Ave & Diversey Pkwy",41.932418,-87.652705,2947,2749,610,575,2221,2063,5696,4284,1185
"587","TA1306000015","Morgan St & Lake St",41.8854833079,-87.6523048564,3254,3345,875,870,2207,2290,6599,4497,1745
"588","TA1306000016","Sheffield Ave & Fullerton Ave",41.9256018819,-87.6537080423,2428,2350,419,410,1896,1861,4778,3757,829
"589","TA1306000025","Racine Ave & Congress Pkwy",41.87464,-87.65703,645,563,139,99,463,432,1208,895,238
"590","TA1306000026","Racine Ave & Fullerton Ave",41.92556258,-87.65840426,1924,1857,334,325,1534,1483,3781,3017,659
"591","TA1306000029","DuSable Lake Shore Dr & Ohio St",41.89257,-87.614492,3643,3624,724,717,2441,2419,7267,4860,1441
"592","TA1306000032","Sheffield Ave & Willow St",41.913688,-87.652855,1951,1949,424,424,1450,1445,3900,2895,848
"593","TA1307000001","Greenview Ave & Fullerton Ave",41.92533,-87.6658,1981,2001,420,419,1470,1485,3982,2955,839
"594","TA1307000005","Indiana Ave & 26th St",41.845687,-87.622481,431,409,108,105,305,285,840,590,213
"595","TA1307000006","Southport Ave & Wellington Ave",41.935733,-87.663576,1919,1878,392,385,1455,1405,3797,2860,777
"596","TA1307000038","Sedgwick St & North Ave",41.911386,-87.638677,2606,2555,478,474,2033,1959,5161,3992,952
"597","TA1307000039","Clark St & Elm St",41.9028923333333,-87.6318276666667,6092,5979,1296,1259,4547,4469,12071,9016,2555
"598","TA1307000041","Lake Shore Dr & Wellington Ave",41.9366766666667,-87.636745,3786,3802,688,676,2880,2882,7588,5762,1364
"599","TA1307000044","Clinton St & 18th St",41.857906,-87.6408218333333,366,423,116,117,220,272,789,492,233
"600","TA1307000048","Fort Dearborn Dr & 31st St",41.838556,-87.608218,1809,1790,296,277,1114,1132,3599,2246,573
"601","TA1307000052","Sheffield Ave & Wellington Ave",41.936266,-87.652662,2864,2828,538,533,2302,2200,5692,4502,1071
"602","TA1307000061","State St & Pearson St",41.897448,-87.628722,1810,1595,430,377,1259,1103,3405,2362,807
"603","TA1307000062","Sedgwick St & Huron St",41.894666,-87.638437,1951,1804,461,439,1428,1323,3755,2751,900
"604","TA1307000064","Lincoln Ave & Diversey Pkwy",41.932225,-87.658617,2412,2412,520,509,1798,1839,4824,3637,1029
"605","TA1307000066","Damen Ave & Coulter St",41.8492,-87.67564,61,76,15,11,42,60,137,102,26
"606","TA1307000070","Damen Ave & Thomas St (Augusta Blvd)",41.901315,-87.677409,1287,1184,304,278,931,867,2471,1798,582
"607","TA1307000107","Sheridan Rd & Montrose Ave",41.96167,-87.65464,2346,2340,561,556,1679,1661,4686,3340,1117
"608","TA1307000111","Franklin St & Lake St",41.885837,-87.6355,2222,2162,574,566,1521,1488,4384,3009,1140
"609","TA1307000113","Southport Ave & Wrightwood Ave",41.9287303333333,-87.6639183333333,2190,2157,501,499,1601,1573,4347,3174,1000
"610","TA1307000115","Clybourn Ave & Division St",41.904613,-87.640552,1042,1001,189,189,817,794,2043,1611,378
"611","TA1307000117","Wabash Ave & Grand Ave",41.891466,-87.626761,5373,5366,1073,1061,3764,3587,10739,7351,2134
"612","TA1307000119","Clarendon Ave & Leland Ave",41.967968,-87.650001,1120,1137,266,269,756,792,2257,1548,535
"613","TA1307000120","Green St & Madison St",41.881892,-87.648789,4258,4231,1033,1028,3079,3054,8489,6133,2061
"614","TA1307000121","Halsted St & Polk St",41.87184,-87.64664,919,900,120,121,769,750,1819,1519,241
"615","TA1307000124","Michigan Ave & 14th St",41.864059,-87.623727,2200,2148,511,498,1531,1511,4348,3042,1009
"616","TA1307000126","Sheffield Ave & Waveland Ave",41.949399,-87.654529,3022,3940,751,866,2017,2743,6962,4760,1617
"617","TA1307000127","Clark St & Grace St",41.95078,-87.659172,2817,2785,682,660,1984,1981,5602,3965,1342
"618","TA1307000128","Dearborn Pkwy & Delaware Pl",41.898969,-87.629912,3448,3427,762,757,2548,2515,6875,5063,1519
"619","TA1307000129","State St & 35th St",41.8310363140161,-87.6267975568771,460,439,70,72,372,349,899,721,142
"620","TA1307000130","Morgan St & Polk St",41.871737,-87.65103,1136,1094,160,155,942,905,2230,1847,315
"621","TA1307000131","Wabash Ave & Wacker Pl",41.886875,-87.62603,2607,2581,567,552,1605,1558,5188,3163,1119
"622","TA1307000134","Wilton Ave & Belmont Ave",41.94018,-87.65304,4487,4457,925,926,3349,3321,8944,6670,1851
"623","TA1307000136","Clark St & Wellington Ave",41.9364968219,-87.6475386582,2954,2939,526,524,2309,2308,5893,4617,1050
"624","TA1307000138","Lincoln Ave & Roscoe St",41.94334,-87.67097,1994,2038,544,545,1347,1416,4032,2763,1089
"625","TA1307000139","MLK Jr Dr & 29th St",41.842052,-87.617,911,891,154,159,716,703,1802,1419,313
"626","TA1307000140","Western Ave & Leland Ave",41.9664508333333,-87.6886715,957,1005,290,287,635,679,1962,1314,577
"627","TA1307000142","Clark St & Drummond Pl",41.931248,-87.644336,3654,3651,620,622,2858,2898,7305,5756,1242
"628","TA1307000143","Sedgwick St & Schiller St",41.907626,-87.638566,1086,924,261,213,798,680,2010,1478,474
"629","TA1307000144","Wolcott (Ravenswood) Ave & Montrose Ave",41.961406,-87.676169,803,806,224,222,548,554,1609,1102,446
"630","TA1307000149","Ravenswood Ave & Irving Park Rd",41.9546063333333,-87.6738145,816,831,154,154,622,648,1647,1270,308
"631","TA1307000150","Pine Grove Ave & Waveland Ave",41.9494727408833,-87.6464527845383,3279,3244,621,613,2490,2449,6523,4939,1234
"632","TA1307000151","Wells St & Hubbard St",41.889906,-87.634266,3594,3569,872,864,2563,2538,7163,5101,1736
"633","TA1307000153","Emerald Ave & 28th St",41.84358,-87.645368,343,315,36,32,293,273,658,566,68
"634","TA1307000156","Lincoln Ave & Sunnyside Ave",41.963004,-87.684781,945,942,248,245,636,632,1887,1268,493
"635","TA1307000158","Damen Ave & Leland Ave",41.967094,-87.679028,886,872,203,191,647,648,1758,1295,394
"636","TA1307000159","Paulina St & 18th St",41.857901,-87.668745,599,627,205,209,354,386,1226,740,414
"637","TA1307000160","Prairie Ave & Garfield Blvd",41.794853,-87.618691,175,158,64,56,92,75,333,167,120
"638","TA1307000161","Halsted St & 37th St",41.827059,-87.64572,106,101,30,30,71,67,207,138,60
"639","TA1307000163","Clifton Ave & Armitage Ave",41.918216,-87.656936,1750,1776,389,387,1292,1318,3526,2610,776
"640","TA1307000164","Woodlawn Ave & 55th St",41.7952943333333,-87.596502,722,697,186,186,502,491,1419,993,372
"641","TA1307000166","Halsted St & Willow St",41.913865,-87.648755,1960,1910,422,417,1469,1427,3870,2896,839
"642","TA1308000001","Theater on the Lake",41.926277,-87.630834,6926,6915,977,934,5007,5010,13841,10017,1911
"643","TA1308000002","Greenwood Ave & 47th St",41.809835,-87.599383,272,267,96,91,151,152,539,303,187
"644","TA1308000005","Leavitt St & North Ave",41.910509366664,-87.6823890209198,1103,1097,273,264,779,782,2200,1561,537
"645","TA1308000006","Damen Ave & Grand Ave",41.8912643464815,-87.676842212677,845,805,215,217,597,552,1650,1149,432
"646","TA1308000007","MLK Jr Dr & 47th St",41.8098398333333,-87.6163386666667,133,132,54,54,71,62,265,133,108
"647","TA1308000009","Shore Dr & 55th St",41.795212,-87.580715,1889,1889,405,390,1249,1242,3778,2491,795
"648","TA1308000012","Montrose Harbor",41.963982,-87.638181,3760,3713,702,684,2436,2482,7473,4918,1386
"649","TA1308000013","Halsted St & Archer Ave",41.847203,-87.646795,256,245,50,50,181,178,501,359,100
"650","TA1308000014","Normal Ave & Archer Ave",41.849527,-87.640591,154,122,35,26,109,88,276,197,61
"651","TA1308000019","Racine Ave & Belmont Ave",41.939743,-87.658865,2331,2338,466,460,1779,1764,4669,3543,926
"652","TA1308000021","Winthrop Ave & Lawrence Ave",41.968812,-87.657659,1092,1089,304,296,735,736,2181,1471,600
"653","TA1308000022","Pine Grove Ave & Irving Park Rd",41.954383,-87.648043,2274,2245,549,547,1586,1548,4519,3134,1096
"654","TA1308000023","Cottage Grove Ave & 43rd St",41.816499,-87.606582,104,98,34,31,53,54,202,107,65
"655","TA1308000026","Wentworth Ave & 24th St (Temp)",41.8500836934758,-87.6321405172348,314,338,53,55,204,234,652,438,108
"656","TA1308000029","Stetson Ave & South Water St",41.8863856666667,-87.6204501666667,2027,1995,543,530,1262,1222,4022,2484,1073
"657","TA1308000031","Logan Blvd & Elston Ave",41.929465,-87.684158,902,990,353,356,502,595,1892,1097,709
"658","TA1308000035","Lake Park Ave & 47th St",41.809443,-87.591875,411,412,111,108,251,253,823,504,219
"659","TA1308000036","Indiana Ave & 31st St",41.838842,-87.621857,453,427,86,72,318,309,880,627,158
"660","TA1308000038","Cottage Grove Ave & Oakwood Blvd",41.822985,-87.6071,309,308,128,126,125,135,617,260,254
"661","TA1308000043","Halsted St & 35th St",41.830661,-87.647172,274,269,82,79,168,163,543,331,161
"662","TA1308000045","Wallace St & 35th St",41.830629,-87.64129,393,375,78,78,314,275,768,589,156
"663","TA1308000046","Morgan St & 31st St",41.8378,-87.65114,427,453,111,111,277,307,880,584,222
"664","TA1308000047","Southport Ave & Clark St",41.957081,-87.664199,487,449,105,102,356,336,936,692,207
"665","TA1308000049","Wells St & Evergreen Ave",41.906724,-87.63483,4145,4148,929,927,3051,3044,8293,6095,1856
"666","TA1308000050","Wells St & Concord Ln",41.912133,-87.634656,6939,6904,1685,1671,4943,4948,13843,9891,3356
"667","TA1309000001","Halsted St & Maxwell St",41.864883,-87.647071,1051,1058,189,184,800,818,2109,1618,373
"668","TA1309000002","Michigan Ave & Jackson Blvd",41.87785,-87.62408,1999,2047,396,370,1215,1271,4046,2486,766
"669","TA1309000003","Western Ave & 24th St",41.8484825,-87.6851436666667,110,113,52,53,57,52,223,109,105
"670","TA1309000004","LaSalle St & Jackson Blvd",41.878166,-87.631929,1583,1616,404,408,1063,1132,3199,2195,812
"671","TA1309000006","Larrabee St & Armitage Ave",41.918084,-87.643749,1725,1619,337,321,1307,1214,3344,2521,658
"672","TA1309000007","Franklin St & Monroe St",41.880317,-87.635185,1907,1927,613,588,1196,1219,3834,2415,1201
"673","TA1309000008","Franklin St & Adams St (Temp)",41.8794340914001,-87.6355040073395,1402,1402,363,356,892,889,2804,1781,719
"674","TA1309000010","Wabash Ave & 9th St",41.870769,-87.625734,2623,2623,582,574,1738,1729,5246,3467,1156
"675","TA1309000011","Ellis Ave & 58th St",41.788746,-87.601334,656,636,171,162,458,463,1292,921,333
"676","TA1309000012","Damen Ave & Sunnyside Ave",41.96325,-87.679258,496,453,98,96,382,339,949,721,194
"677","TA1309000014","Clark St & Leland Ave",41.967096,-87.667429,1431,1413,386,383,997,975,2844,1972,769
"678","TA1309000015","Leavitt St & Lawrence Ave",41.968885,-87.684001,438,448,99,101,316,328,886,644,200
"679","TA1309000018","Ravenswood Ave & Berteau Ave",41.9579041666667,-87.673619,468,481,113,109,337,352,949,689,222
"680","TA1309000019","Lakeview Ave & Fullerton Pkwy",41.925858,-87.638973,4038,4036,782,769,2977,3000,8074,5977,1551
"681","TA1309000021","Paulina St & Montrose Ave",41.961507,-87.671387,502,502,105,105,373,358,1004,731,210
"682","TA1309000023","Sheffield Ave & Wrightwood Ave",41.928712,-87.653833,2655,2588,531,513,1984,1982,5243,3966,1044
"683","TA1309000024","Clark St & Schiller St",41.907993,-87.631501,3318,3243,641,627,2522,2461,6561,4983,1268
"684","TA1309000025","Halsted St & Roscoe St",41.94367,-87.64895,3585,3623,956,962,2472,2525,7208,4997,1918
"685","TA1309000026","Lincoln Ave & Belle Plaine Ave",41.956004,-87.680161,952,960,294,284,624,642,1912,1266,578
"686","TA1309000027","Sheridan Rd & Buena Ave",41.958494,-87.654966,1304,1272,284,278,970,948,2576,1918,562
"687","TA1309000029","Leavitt St & Armitage Ave",41.917805,-87.682437,978,963,259,255,655,664,1941,1319,514
"688","TA1309000030","Southport Ave & Clybourn Ave",41.920771,-87.663712,1817,1887,471,470,1284,1326,3704,2610,941
"689","TA1309000032","Elston Ave & Wabansia Ave",41.9129181666667,-87.6640885,563,592,138,143,405,437,1155,842,281
"690","TA1309000033","Sheffield Ave & Webster Ave",41.92154,-87.653818,2710,2711,526,524,2040,2068,5421,4108,1050
"691","TA1309000035","Clark St & Winnemac Ave",41.973347640473,-87.6678554713726,1765,1750,485,486,1218,1207,3515,2425,971
"692","TA1309000036","Burling St & Diversey Pkwy",41.9330775,-87.6477358333333,2384,2382,399,401,1889,1876,4766,3765,800
"693","TA1309000037","Kimbark Ave & 53rd St",41.799568,-87.594747,1346,1344,322,316,940,959,2690,1899,638
"694","TA1309000039","Lake Shore Dr & Diversey Pkwy",41.932588,-87.636427,3868,3864,695,676,2860,2894,7732,5754,1371
"695","TA1309000041","Sheridan Rd & Lawrence Ave",41.969468,-87.6546875,903,905,228,222,609,617,1808,1226,450
"696","TA1309000042","Lincoln Ave & Belmont Ave",41.93949,-87.6680908333333,1633,1625,392,387,1177,1180,3258,2357,779
"697","TA1309000043","Southport Ave & Irving Park Rd",41.9540823333333,-87.6642633333333,1084,997,225,216,818,748,2081,1566,441
"698","TA1309000049","Lake Shore Dr & Belmont Ave",41.940775,-87.639192,3719,3707,731,723,2702,2736,7426,5438,1454
"699","TA1309000050","Lincoln Ave & Addison St",41.946176,-87.673308,593,507,111,99,435,369,1100,804,210
"700","TA1309000051","Commercial Ave & 83rd St",41.744615,-87.551208,22,26,10,10,8,11,48,19,20
"701","TA1309000053","Cottage Grove Ave & 47th St",41.8098296666667,-87.6067436666667,159,143,57,36,96,98,302,194,93
"702","TA1309000055","Emerald Ave & 31st St",41.838198,-87.645143,841,866,165,162,649,679,1707,1328,327
"703","TA1309000058","Lincoln Ave & Fullerton Ave",41.925905,-87.64926,3900,3895,903,905,2801,2815,7795,5616,1808
"704","TA1309000059","Racine Ave & Wrightwood Ave",41.928887,-87.658971,1424,1408,291,280,1121,1084,2832,2205,571
"705","TA1309000061","Halsted St & Wrightwood Ave",41.929143,-87.649077,3055,3013,567,562,2376,2313,6068,4689,1129
"706","TA1309000063","Lake Park Ave & 56th St",41.793242,-87.587782,744,740,156,153,527,523,1484,1050,309
"707","TA1309000064","Wolcott Ave & Polk St",41.871262,-87.673688,966,989,193,192,772,795,1955,1567,385
"708","TA1309000066","Ravenswood Ave & Lawrence Ave",41.9690911666667,-87.6742423333333,1880,1832,603,605,1208,1167,3712,2375,1208
"709","TA1309000067","Cottage Grove Ave & 51st St",41.803038,-87.606615,186,183,63,59,111,106,369,217,122
"710","WL-008","Clinton St & Roosevelt Rd",41.8671503333333,-87.6410273333333,1115,1117,255,254,790,790,2232,1580,509
"711","WL-011","Jefferson St & Monroe St",41.880422,-87.642746,1382,1380,326,324,1006,1003,2762,2009,650
"712","WL-012","Clinton St & Washington Blvd",41.88338,-87.64117,2677,2568,666,618,1941,1855,5245,3796,1284
