"","station_id","station_name","lat","long","start_n","end_n","e_start_n","e_end_n","c_start_n","c_end_n","total","classic","electric"
"1","","",41.95,-87.68,70887,75288,70887,74964,0,0,146175,0,145851
"2","13001","Michigan Ave & Washington St",41.883984,-87.624684,1617,1682,505,511,980,1016,3299,1996,1016
"3","13006","LaSalle St & Washington St",41.8825411666667,-87.6325713333333,806,809,439,415,349,382,1615,731,854
"4","13008","Millennium Park",41.8810317,-87.62408432,2033,2077,598,588,1043,1069,4110,2112,1186
"5","13011","Canal St & Adams St",41.8795535,-87.6400903333333,1633,1574,617,602,956,946,3207,1902,1219
"6","13016","St. Clair St & Erie St",41.8940615,-87.6227998333333,1582,1690,636,675,844,916,3272,1760,1311
"7","13017","Franklin St & Chicago Ave",41.8967469730938,-87.6356676220894,1140,1155,483,485,640,662,2295,1302,968
"8","13021","Clinton St & Lake St",41.885637,-87.641823,1276,1282,601,594,662,678,2558,1340,1195
"9","13022","Streeter Dr & Grand Ave",41.892297,-87.612183,4005,4042,1052,1002,2188,2174,8047,4362,2054
"10","13028","900 W Harrison St",41.874754,-87.649807,918,894,341,339,539,519,1812,1058,680
"11","13029","Field Museum",41.865312,-87.617867,470,363,137,113,240,179,833,419,250
"12","13033","Milwaukee Ave & Grand Ave",41.891578,-87.648384,1088,996,485,454,575,521,2084,1096,939
"13","13034","Michigan Ave & Pearson St",41.8970338333333,-87.6232618333333,710,761,249,248,364,395,1471,759,497
"14","13036","Michigan Ave & Madison St",41.882134,-87.625125,738,694,267,251,412,403,1432,815,518
"15","13037","Clinton St & Tilden St",41.875885,-87.640795,309,322,143,143,162,173,631,335,286
"16","13042","Michigan Ave & Oak St",41.900821447,-87.623676538,1714,1778,521,504,951,1022,3492,1973,1025
"17","13045","Dearborn St & Erie St",41.894227743,-87.629242897,1849,1946,749,756,1041,1119,3795,2160,1505
"18","13050","State St & Kinzie St",41.889187,-87.627754,1138,1198,471,476,611,656,2336,1267,947
"19","13053","Green St & Randolph St",41.8831813059739,-87.6487246155739,708,742,281,276,403,436,1450,839,557
"20","13056","Canal St & Monroe St",41.88169,-87.63953,897,770,334,314,548,447,1667,995,648
"21","13058","Dayton St & North Ave",41.9105780349,-87.6494219288,743,756,329,323,398,424,1499,822,652
"22","13059","Bissell St & Armitage Ave",41.9180181423719,-87.6521819829941,979,1031,395,394,567,613,2010,1180,789
"23","13061","Ashland Ave & Division St",41.90345,-87.667747,1505,1481,732,721,748,736,2986,1484,1453
"24","13063","Sheridan Rd & Irving Park Rd",41.954245,-87.654406,1030,898,351,325,650,553,1928,1203,676
"25","13068","Western Ave & Winnebago Ave",41.91552,-87.687022,636,606,306,293,311,292,1242,603,599
"26","13071","Southport Ave & Roscoe St",41.943739,-87.66402,1186,1207,451,444,704,730,2393,1434,895
"27","13073","Ashland Ave & Lake St",41.88592,-87.66717,394,309,175,143,215,162,703,377,318
"28","13074","Broadway & Wilson - Truman College Vaccination Site",41.965221,-87.658139,709,723,296,292,388,409,1432,797,588
"29","13075","Wentworth Ave & Cermak Rd",41.8530845574128,-87.6319313049316,545,607,179,184,321,371,1152,692,363
"30","13080","Hermitage Ave & Polk St",41.871501,-87.6698891666667,343,366,125,124,214,236,709,450,249
"31","13081","Ogden Ave & Congress Pkwy",41.8750008333333,-87.6731866666667,229,232,103,103,125,126,461,251,206
"32","13083","Indiana Ave & 40th St",41.82168,-87.6216,24,25,10,12,11,10,49,21,22
"33","13084","California Ave & Milwaukee Ave",41.922695,-87.697153,854,826,505,486,321,327,1680,648,991
"34","13085","Kedzie Ave & Milwaukee Ave",41.929567,-87.707857,780,849,482,483,270,343,1629,613,965
"35","13089","Damen Ave & Cullerton St",41.8549378333333,-87.6755906666667,173,195,88,90,81,99,368,180,178
"36","13091","Western Ave & 21st St",41.854109,-87.685838,105,119,70,68,34,49,224,83,138
"37","13096","California Ave & 21st St",41.8537663333333,-87.695825,66,76,45,46,20,26,142,46,91
"38","13099","Halsted St & 18th St",41.8575056803172,-87.6459914445877,252,245,126,125,115,112,497,227,251
"39","13102","Calumet Ave & 18th St",41.857611,-87.619407,530,554,212,207,282,316,1084,598,419
"40","13108","Broadway & Argyle St",41.973815,-87.65966,552,542,195,197,338,325,1094,663,392
"41","13109","Broadway & Berwyn Ave",41.978353,-87.659753,553,568,271,271,275,286,1121,561,542
"42","13124","Cannon Dr & Fullerton Ave",41.926742435,-87.634459019,309,346,77,79,171,209,655,380,156
"43","13128","Clark St & North Ave",41.911974,-87.631942,749,777,266,271,452,461,1526,913,537
"44","13132","Damen Ave & Chicago Ave",41.895769,-87.67722,684,787,384,388,280,375,1471,655,772
"45","13133","Damen Ave & Cortland St",41.915983,-87.677335,693,671,333,315,324,336,1364,660,648
"46","13134","Damen Ave & Madison St",41.8814255,-87.674938,262,225,112,104,135,105,487,240,216
"47","13135","Blue Island Ave & 18th St",41.8575013333333,-87.6615993333333,320,333,126,124,185,192,653,377,250
"48","13136","Damen Ave & Division St",41.903266,-87.678435,680,703,337,330,324,356,1383,680,667
"49","13137","Broadway & Barry Ave",41.9375823160063,-87.6440978050232,1647,1680,660,653,963,984,3327,1947,1313
"50","13138","Canal St & Jackson Blvd",41.877245,-87.639366,740,744,306,312,416,414,1484,830,618
"51","13139","Throop St & Taylor St",41.868968,-87.659141,474,463,149,142,317,316,937,633,291
"52","13143","Damen Ave & Melrose Ave",41.9406,-87.6785,171,167,71,73,98,88,338,186,144
"53","13144","Seeley Ave & Roscoe St",41.9433828333333,-87.679622,414,448,222,233,186,212,862,398,455
"54","13146","Clark St & Armitage Ave",41.918306,-87.636282,1818,1785,682,662,1034,1028,3603,2062,1344
"55","13150","Michigan Ave & 18th St",41.857813,-87.62455,601,613,190,191,387,401,1214,788,381
"56","13154","Sheffield Ave & Kingsbury St",41.910537839,-87.653227806,812,829,319,316,466,501,1641,967,635
"57","13155","Racine Ave & Randolph St",41.884069,-87.656853,322,369,158,158,158,198,691,356,316
"58","13156","Aberdeen St & Monroe St",41.880419,-87.655519,773,750,280,276,464,452,1523,916,556
"59","13157","Aberdeen St & Jackson Blvd",41.87772613,-87.65478743,708,683,292,274,396,400,1391,796,566
"60","13158","Peoria St & Jackson Blvd",41.8777416666667,-87.649586,1059,1046,418,408,633,627,2105,1260,826
"61","13160","May St & Taylor St",41.8694821,-87.6554864,748,734,266,261,454,458,1482,912,527
"62","13162","Halsted St & 21st St",41.85378,-87.646603,91,105,32,31,53,69,196,122,63
"63","13163","Morgan St & 18th St",41.858086,-87.651073,418,360,177,162,214,185,778,399,339
"64","13164","Racine Ave & 18th St",41.858166,-87.656495,415,436,166,169,238,253,851,491,335
"65","13165","Racine Ave & 13th St",41.865054,-87.656959,59,53,19,17,32,28,112,60,36
"66","13179","Clark St & Lincoln Ave",41.915689,-87.6346,1549,1478,551,522,931,903,3027,1834,1073
"67","13191","Sedgwick St & Webster Ave",41.9222345,-87.6389513333333,853,834,282,281,555,527,1687,1082,563
"68","13192","Halsted St & Dickens Ave",41.919936,-87.64883,943,943,440,432,489,493,1886,982,872
"69","13193","Larrabee St & Webster Ave",41.9217781666667,-87.6441086666667,1173,1162,403,389,737,736,2335,1473,792
"70","13194","Ogden Ave & Race Ave",41.891777,-87.658876,691,692,355,341,327,344,1383,671,696
"71","13196","Carpenter St & Huron St",41.8944581666667,-87.6535695,849,675,419,367,421,300,1524,721,786
"72","13197","Elizabeth (May) St & Fulton St",41.8865766666667,-87.6584091666667,453,482,261,258,188,221,935,409,519
"73","13206","Loomis St & Jackson Blvd",41.877945,-87.662007,368,354,102,96,259,256,722,515,198
"74","13213","State St & 29th St",41.841707,-87.626938,87,83,26,27,58,49,170,107,53
"75","13215","Rhodes Ave & 32nd St",41.836208,-87.613533,275,240,82,74,192,163,515,355,156
"76","13216","State St & 33rd St",41.834734,-87.625813,870,892,257,258,595,606,1762,1201,515
"77","13217","Calumet Ave & 33rd St",41.83478,-87.6178258333333,348,360,92,94,240,254,708,494,186
"78","13221","Wood St & Milwaukee Ave",41.907655,-87.672552,871,899,423,408,421,459,1770,880,831
"79","13224","Ashland Ave & Blackhawk St",41.907066,-87.667252,698,676,287,278,404,393,1374,797,565
"80","13229","Southport Ave & Belmont Ave",41.9394435,-87.6636916666667,664,635,262,257,395,366,1299,761,519
"81","13235","Southport Ave & Waveland Ave",41.94815,-87.66394,1190,1164,493,488,667,657,2354,1324,981
"82","13241","Western Ave & Division St",41.902893,-87.687275,398,370,217,193,173,171,768,344,410
"83","13242","Milwaukee Ave & Rockwell St",41.9201955620057,-87.6926591992378,297,292,149,142,142,134,589,276,291
"84","13243","Milwaukee Ave & Wabansia Ave",41.912622333,-87.681404471,784,834,399,402,375,422,1618,797,801
"85","13245","Claremont Ave & Hirsch St",41.907781,-87.685854,191,165,73,66,116,96,356,212,139
"86","13247","Ashland Ave & Chicago Ave",41.8959743225961,-87.6677253842354,537,568,257,260,267,294,1105,561,517
"87","13248","Ashland Ave & Augusta Blvd",41.899624,-87.6684901666667,554,498,244,218,300,268,1052,568,462
"88","13249","Ashland Ave & Belle Plaine Ave",41.9560513333333,-87.6688356666667,218,217,108,97,107,118,435,225,205
"89","13253","Lincoln Ave & Waveland Ave",41.9487966666667,-87.675296,263,284,122,127,139,150,547,289,249
"90","13256","California Ave & Division St",41.902983,-87.6974546666667,300,274,149,125,134,137,574,271,274
"91","13257","Campbell Ave & North Ave",41.9105048333333,-87.6895821666667,431,435,243,242,181,183,866,364,485
"92","13258","California Ave & North Ave",41.9103676666667,-87.6971191666667,389,353,212,190,159,148,742,307,402
"93","13259","California Ave & Francis Pl (Temp)",41.918613,-87.6974606666667,277,267,156,154,120,108,544,228,310
"94","13263","Columbus Dr & Randolph St",41.8844023333333,-87.6196005,1489,1195,539,508,858,626,2684,1484,1047
"95","13265","Kingsbury St & Erie St",41.8938080562436,-87.6416972279549,1279,1204,553,527,712,666,2483,1378,1080
"96","13266","Stave St & Armitage Ave",41.9177461666667,-87.6914893333333,286,297,190,187,93,107,583,200,377
"97","13268","Damen Ave & Wellington Ave",41.9358035,-87.6784451666667,282,303,130,135,144,158,585,302,265
"98","13269","Ashland Ave & Wellington Ave",41.9361086666667,-87.6699633333333,390,377,141,135,237,233,767,470,276
"99","13271","Damen Ave & Clybourn Ave",41.9318893333333,-87.6778571666667,240,274,107,115,126,144,514,270,222
"100","13276","Stockton Dr & Wrightwood Ave",41.93132,-87.638742,877,934,347,347,495,542,1811,1037,694
"101","13277","Broadway & Belmont Ave",41.9401118333333,-87.6455295,926,950,316,311,579,578,1876,1157,627
"102","13278","Broadway & Cornelia Ave",41.945529,-87.646439,1325,1275,512,506,797,741,2600,1538,1018
"103","13285","Wood St & Taylor St (Temp)",41.8692652184382,-87.6737308502197,398,385,161,165,231,217,783,448,326
"104","13288","Damen Ave & Charleston St",41.9201135,-87.6779893333333,373,403,202,209,167,191,776,358,411
"105","13289","Eckhart Park",41.89637337,-87.66098386,626,590,260,248,356,336,1216,692,508
"106","13290","Noble St & Milwaukee Ave",41.90068,-87.6626,698,629,316,293,368,326,1327,694,609
"107","13292","Kedzie Ave & Palmer Ct",41.921525,-87.707322,303,319,170,172,122,130,622,252,342
"108","13294","Greenview Ave & Diversey Pkwy",41.9325896342979,-87.6659363508224,439,420,211,205,221,208,859,429,416
"109","13296","Ashland Ave & Wrightwood Ave",41.92883,-87.668507,373,388,180,179,184,195,761,379,359
"110","13300","DuSable Lake Shore Dr & Monroe St",41.880958,-87.616743,2284,2148,523,483,1234,1221,4432,2455,1006
"111","13303","Clark St & Chicago Ave",41.89675,-87.63089,800,772,301,289,479,473,1572,952,590
"112","13304","Racine Ave & 15th St",41.861267,-87.656625,193,172,87,85,101,79,365,180,172
"113","13307","Laflin St & Cullerton St",41.8549013333333,-87.663676,149,159,84,82,62,76,308,138,166
"114","13319","Ashland Ave & Grace St",41.950687,-87.6687,450,435,189,192,250,237,885,487,381
"115","13323","Broadway & Sheridan Rd",41.952833,-87.649993,902,872,362,361,526,492,1774,1018,723
"116","13325","Broadway & Waveland Ave",41.949074,-87.648636,1206,1186,465,459,718,706,2392,1424,924
"117","13326","Canal St & Harrison St",41.8742601666667,-87.6395938333333,227,210,64,62,161,142,437,303,126
"118","13331","May St & Cullerton St",41.855136,-87.654127,174,190,71,71,92,104,364,196,142
"119","13332","Loomis St & Lexington St",41.872187,-87.661501,1360,1213,485,419,858,780,2573,1638,904
"120","13338","Mies van der Rohe Way & Chicago Ave",41.8969446263708,-87.6217576861382,1052,1100,439,442,576,603,2152,1179,881
"121","13341","Canal St & Madison St",41.882175,-87.64,1254,1309,505,512,726,757,2563,1483,1017
"122","13345","Calumet Ave & 35th St",41.8313588333333,-87.6180071666667,115,108,19,22,96,84,223,180,41
"123","13353","Ada St & Washington Blvd",41.88283,-87.661206,539,543,241,240,296,300,1082,596,481
"124","13354","Ashland Ave & 13th St",41.865234,-87.666507,172,191,56,56,113,131,363,244,112
"125","13379","Clarendon Ave & Gordon Ter",41.9578665241517,-87.6495051383972,824,775,341,341,472,420,1599,892,682
"126","13389","Clarendon Ave & Junior Ter",41.961004,-87.649603,670,657,285,287,366,351,1327,717,572
"127","13398","Blackstone Ave & Hyde Park Blvd",41.802562,-87.590368,255,259,56,58,188,195,514,383,114
"128","13409","Sangamon St & Washington Blvd",41.883165,-87.6511,636,630,251,244,375,380,1266,755,495
"129","13420","MLK Jr Dr & Pershing Rd",41.8246,-87.61678,72,57,22,18,49,35,129,84,40
"130","13427","Cityfront Plaza Dr & Pioneer Ct",41.890573,-87.622072,1023,808,351,288,616,456,1831,1072,639
"131","13430","LaSalle St & Illinois St",41.89097,-87.6317621666667,1425,1497,557,564,808,863,2922,1671,1121
"132","13431","Adler Planetarium",41.866095,-87.607267,890,835,275,250,433,434,1725,867,525
"133","13432","Wood St & Hubbard St",41.8899136666667,-87.6715241666667,316,299,159,141,155,153,615,308,300
"134","13434","Ashland Ave & Grand Ave",41.891072,-87.666611,463,449,203,193,254,251,912,505,396
"135","15442","Ashland Ave & Archer Ave",41.83920868403,-87.6656098589,64,52,36,29,22,20,116,42,65
"136","15443","Shields Ave & 28th Pl",41.8427711666667,-87.635538,194,172,48,41,136,125,366,261,89
"137","15445","Wentworth Ave & 33rd St",41.83452988563,-87.6318229814,194,190,62,57,126,130,384,256,119
"138","15446","Racine Ave & 35th St",41.8306963333333,-87.6561525,94,95,47,49,44,43,189,87,96
"139","15449","State St & Pershing Rd",41.8230361666667,-87.6265871666667,34,36,30,30,4,6,70,10,60
"140","15470","Calumet Ave & 51st St",41.80229465088,-87.6180535802,44,46,11,13,32,32,90,64,24
"141","15491","63rd St Beach",41.780910964248,-87.5763237476349,75,84,14,14,48,55,159,103,28
"142","15529","Mies van der Rohe Way & Chestnut St",41.8985866514,-87.6219152258,1185,1137,379,370,731,697,2322,1428,749
"143","15530","Rush St & Superior St",41.89576474564,-87.6259080327,1178,1213,474,473,651,679,2391,1330,947
"144","15534","Field Blvd & South Water St",41.88634906269,-87.6175165471,794,814,363,367,373,403,1608,776,730
"145","15535","Desplaines St & Randolph St",41.88461618962,-87.6445705849,790,784,361,353,408,413,1574,821,714
"146","15539","Desplaines St & Jackson Blvd",41.8781946666667,-87.6442935,886,885,426,423,452,453,1771,905,849
"147","15541","Buckingham Fountain",41.8763605,-87.620399,398,361,100,93,225,201,759,426,193
"148","15542","Clinton St & Polk St",41.87146651779,-87.6409491327,74,74,20,22,51,51,148,102,42
"149","15544","Shedd Aquarium",41.867275357,-87.615490437,1408,1368,369,348,682,711,2776,1393,717
"150","15545","Burnham Harbor",41.856268,-87.613348,595,588,80,86,454,434,1183,888,166
"151","15546","Calumet Ave & 21st St",41.85418424947,-87.6191537415,224,221,94,94,111,102,445,213,188
"152","15550","Canal St & Taylor St",41.870257,-87.639474,410,410,216,209,182,189,820,371,425
"153","15571","Broadway & Granville Ave",41.9947528333333,-87.6602475,424,430,135,138,253,262,854,515,273
"154","15575","Broadway & Thorndale Ave",41.98974251144,-87.6601406209,386,389,171,167,201,201,775,402,338
"155","15576","Lakefront Trail & Bryn Mawr Ave",41.9840441151921,-87.6522812247276,639,640,188,189,403,403,1279,806,377
"156","15578","Broadway & Ridge Ave",41.9840605,-87.6602201666667,507,478,251,236,249,235,985,484,487
"157","15585","Budlong Woods Library",41.98366470886,-87.6964225611,46,51,18,21,26,26,97,52,39
"158","15597","Halsted St & 69th St",41.7690818333333,-87.644637,4,6,2,2,2,4,10,6,4
"159","15599","Calumet Ave & 71st St",41.765523195,-87.616972208,2,2,1,1,1,1,4,2,2
"160","15615","Christiana Ave & Lawrence Ave",41.968348861,-87.711933255,111,117,88,74,20,34,228,54,162
"161","15621","Albany Ave & Montrose Ave",41.961041,-87.705866,99,103,62,62,31,38,202,69,124
"162","15622","California Ave & Montrose Ave",41.961068,-87.695439,236,242,118,115,96,100,478,196,233
"163","15623","Campbell Ave & Montrose Ave",41.96157,-87.6911631666667,244,241,144,147,97,93,485,190,291
"164","15624","Avondale Ave & Irving Park Rd",41.9533635,-87.7319061666667,109,102,83,74,24,25,211,49,157
"165","15628","California Ave & Byron St",41.95216219326,-87.698051113,138,142,78,80,49,50,280,99,158
"166","15631","Troy St & Elston Ave",41.94524356848,-87.7066499009,119,148,70,70,44,73,267,117,140
"167","15632","Talman Ave & Addison St",41.9466358306,-87.694614758,161,149,99,94,59,52,310,111,193
"168","15634","Western Ave & Roscoe St",41.943034,-87.687288,185,193,73,72,105,117,378,222,145
"169","15640","Avers Ave & Belmont Ave",41.9393813333333,-87.7235721666667,150,137,91,94,55,39,287,94,185
"170","15642","California Ave & Fletcher St",41.9385116666667,-87.698052,188,226,107,107,75,108,414,183,214
"171","15643","Kosciuszko Park",41.93058537138,-87.7237773635,142,149,68,67,67,72,291,139,135
"172","15644","Central Park Ave & Elbridge Ave",41.935376,-87.7168881666667,189,177,112,111,76,62,366,138,223
"173","15645","Richmond St & Diversey Ave",41.9318736666667,-87.701219,166,182,78,73,77,104,348,181,151
"174","15646","California Ave & Altgeld St",41.92669,-87.697668,210,224,121,124,84,93,434,177,245
"175","15648","Campbell Ave & Fullerton Ave",41.92463247165,-87.6893070063,190,202,103,102,83,90,392,173,205
"176","15650","Spaulding Ave & Armitage Ave",41.9171080347893,-87.7102209627628,303,298,150,146,149,140,601,289,296
"177","15651","Humboldt Blvd & Armitage Ave",41.9174746666667,-87.7018505,349,320,194,182,144,130,669,274,376
"178","15652","Central Park Ave & North Ave",41.90965687563,-87.7166319516,78,86,47,48,27,29,164,56,95
"179","15653","Troy St & North Ave",41.90976930169,-87.7052804871,199,206,95,95,97,91,405,188,190
"180","15654","Spaulding Ave & Division St",41.9027118333333,-87.7092266666667,190,184,136,129,52,49,374,101,265
"181","15655","Albany Ave & Bloomingdale Ave",41.91402671273,-87.705126462,381,331,239,208,119,114,712,233,447
"182","15664","Artesian Ave & Hubbard St",41.88949181977,-87.6882193648,334,245,234,167,93,70,579,163,401
"183","15666","California Ave & Lake St",41.88445395657,-87.6962981368,78,67,56,52,19,13,145,32,108
"184","15667","Western Ave & Monroe St",41.8797877089,-87.686112808,117,123,70,67,44,53,240,97,137
"185","15668","Western Ave & Congress Pkwy",41.874596,-87.6863708333333,259,259,127,121,128,125,518,253,248
"186","15682","Kedzie Ave & Roosevelt Rd",41.86649278172,-87.7064961757,14,19,7,8,7,10,33,17,15
"187","15685","Central Park Ave & Ogden Ave",41.8540635038745,-87.7151173353195,62,62,36,39,25,20,124,45,75
"188","15686","Kedzie Ave & 21st St",41.8536466666667,-87.7050623333333,22,20,14,13,4,6,42,10,27
"189","15687","Central Park Ave & 24th St",41.8481,-87.715068,18,13,9,5,8,7,31,15,14
"190","15689","California Ave & 23rd Pl",41.8491786666667,-87.6951063333333,53,44,29,26,24,17,97,41,55
"191","15691","Albany Ave & 26th St",41.8445578333333,-87.7020675,18,21,7,5,8,13,39,21,12
"192","15692","California Ave & 26th St",41.8436799145765,-87.6949685811996,40,38,26,27,14,11,78,25,53
"193","16010","Keystone Ave & Fullerton Ave",41.92459,-87.72785,59,66,32,32,25,31,125,56,64
"194","16806","Bosworth Ave & Howard St",42.019537,-87.669563,69,69,17,20,46,45,138,91,37
"195","16903","Cicero Ave & Lake St",41.886841,-87.745261,28,21,21,16,6,3,49,9,37
"196","16905","Central Ave & Lake St",41.887664,-87.765469,12,13,5,3,7,10,25,17,8
"197","16906","Austin Blvd & Lake St",41.8879391666667,-87.7744183333333,40,43,26,31,12,10,83,22,57
"198","16907","Central Park Blvd & 5th Ave",41.875679,-87.71547,16,6,4,4,12,2,22,14,8
"199","16912","Cicero Ave & Flournoy St",41.872131,-87.746619,3,3,1,1,2,2,6,4,2
"200","16913","Cicero Ave & Quincy St",41.877613,-87.745405,6,4,1,2,3,2,10,5,3
"201","16915","Central Ave & Harrison St",41.873006,-87.7645288333333,13,9,7,4,4,5,22,9,11
"202","16916","Central Ave & Madison St",41.880121,-87.763238,25,20,9,9,14,10,45,24,18
"203","16918","Austin Blvd & Madison St",41.880281,-87.774453,20,21,14,14,6,7,41,13,28
"204","16920","Central Ave & Chicago Ave",41.894958,-87.764902,39,31,15,14,24,17,70,41,29
"205","16921","Austin Blvd & Chicago Ave",41.894887,-87.774704,14,12,6,6,6,4,26,10,12
"206","16932","Ashland Ave & Pershing Rd",41.823465,-87.665577,18,5,7,3,9,1,23,10,10
"207","16933","Morgan St & Pershing Rd",41.8236785,-87.6510265,15,29,9,12,5,17,44,22,21
"208","16937","Ashland Ave & McDowell Ave",41.80887,-87.66454,34,35,29,29,5,6,69,11,58
"209","16940","Ashland Ave & 50th St",41.8030245,-87.6647015,9,9,9,6,0,0,18,0,15
"210","16943","Ashland Ave & Garfield Blvd",41.7928993333333,-87.6644611666667,3,4,1,3,2,1,7,3,4
"211","16948","Ashland Ave & 63rd St",41.779374,-87.664843,19,12,9,3,8,8,31,16,12
"212","16950","Ashland Ave & 66th St",41.774076,-87.6637778333333,2,1,2,0,0,0,3,0,0
"213","16953","Vincennes Ave & 75th St",41.75797,-87.63121,8,5,1,1,6,4,13,10,2
"214","16970","Bennett Ave & 79th St",41.751871109,-87.578500986,14,13,4,4,9,8,27,17,8
"215","16991","Milwaukee Ave & Cuyler Ave",41.954468,-87.749594,44,52,36,34,8,17,96,25,70
"216","16994","Kilbourn Ave & Milwaukee Ave",41.9470708941847,-87.7400082349777,19,22,10,13,7,8,41,15,23
"217","17660","California Ave & Cortez St",41.9003426666667,-87.6967331666667,443,427,267,268,164,149,870,313,535
"218","18003","Fairbanks St & Superior St",41.8955841666667,-87.6200133333333,615,658,248,243,342,396,1273,738,491
"219","18016","Bernard St & Elston Ave",41.949923,-87.713949,81,83,62,66,19,16,164,35,128
"220","18017","Central Park Ave & Bloomingdale Ave",41.914112,-87.7167895,190,201,49,45,125,133,391,258,94
"221","18022","Archer (Damen) Ave & 37th St",41.826712,-87.683144,45,49,20,21,20,22,94,42,41
"222","18025","Carpenter St & 63rd St",41.77987,-87.650919,5,2,4,2,1,0,7,0,6
"223","18058","Leavitt St & Chicago Ave",41.895501,-87.682017,332,327,150,146,176,169,659,345,296
"224","18062","Aberdeen St & Randolph St",41.884114,-87.654264,737,804,339,337,375,445,1541,820,676
"225","18067","Walsh Park",41.91461,-87.667968,600,532,170,166,406,351,1132,757,336
"226","18069","Cherry Ave & Blackhawk St",41.907221,-87.655618,133,142,60,63,71,77,275,148,123
"227","20.0","Damen Ave & Wabansia Ave",41.91,-87.68,204,192,204,192,0,0,396,0,396
"228","20101","Summit Ave & 86th St",41.737868,-87.644876,4,3,2,2,2,1,7,3,4
"229","20102","Loomis St & 89th St",41.7325523333333,-87.6580451666667,17,14,13,12,4,2,31,6,25
"230","20103","Prospect Sq & 91st St",41.727955461,-87.667624474,15,14,12,9,3,5,29,8,21
"231","20104","State St & 95th St",41.7218499,-87.6228544,39,26,25,20,14,5,65,19,45
"232","20105","Halsted St & 96th St",41.719735,-87.6428695,14,18,3,4,11,11,32,22,7
"233","20106","Chicago State University",41.7189634216545,-87.6082956790924,31,28,15,15,16,13,59,29,30
"234","20107","Walden Pkwy & 100th St",41.712167978,-87.667697906,23,14,15,9,8,5,37,13,24
"235","20108","Hale Ave & 107th St",41.6992428333333,-87.6688105,21,14,19,12,1,1,35,2,31
"236","20109","Vernon Ave & 107th St",41.7002725,-87.6123471666667,8,8,6,6,2,2,16,4,12
"237","20110","Eberhart Ave & 91st St",41.7292851572549,-87.6110315322876,14,10,1,2,13,8,24,21,3
"238","20111","Olive Harvey College",41.7095766666667,-87.5901941666667,2,1,2,1,0,0,3,0,3
"239","20112","Indiana Ave & 103rd St",41.7071702711776,-87.6184719800949,8,6,5,5,3,1,14,4,10
"240","20113","Dauphin Ave & 103rd St",41.7072503677818,-87.6076626777649,12,8,8,4,4,4,20,8,12
"241","20114","Doty Ave & 111th St",41.6950501666667,-87.5987463333333,4,4,3,2,1,2,8,3,5
"242","20116","Dauphin Ave & 87th St",41.7365590228221,-87.6012575626373,12,5,3,3,9,1,17,10,6
"243","20118","Eggleston Ave & 92nd St",41.7275756592996,-87.6348280906677,18,15,10,6,8,9,33,17,16
"244","20119","Elizabeth St & 92nd St",41.7268081666667,-87.6542838333333,6,2,5,2,1,0,8,0,7
"245","20120","Stewart Ave & 83rd St",41.743717,-87.634088,7,7,2,2,5,4,14,9,4
"246","20121","Loomis Blvd & 84th St",41.7415703333333,-87.6584118333333,8,4,4,0,3,3,12,6,0
"247","20123","Western Ave & 104th St",41.7045981666667,-87.6810903333333,11,8,9,4,1,3,19,4,13
"248","20124","Vincennes Ave & 104th St",41.7049255649976,-87.6568681095887,3,1,1,0,2,1,4,3,0
"249","20125","Halsted St & 104th St",41.7051397889324,-87.6424241065979,8,6,4,3,4,3,14,7,7
"250","20126","S Aberdeen St & W 106th St",41.7,-87.65,6,3,6,3,0,0,9,0,9
"251","20127","Halsted St & 111th St",41.6922846666667,-87.6426673333333,6,4,3,3,3,1,10,4,6
"252","20128","S Wentworth Ave & W 111th St",41.69,-87.63,6,3,6,3,0,0,9,0,9
"253","20129","Ada St & 113th St",41.6876101666667,-87.6554081666667,1,1,1,1,0,0,2,0,2
"254","20130","Wentworth Ave & 104th St",41.705308,-87.629217,4,3,3,0,0,0,7,0,0
"255","20131","Cottage Grove Ave & 111th Pl",41.6916726666667,-87.6099821666667,9,7,5,4,3,1,16,4,9
"256","20133","Woodlawn & 103rd - Olive Harvey Vaccination Site",41.71,-87.59,2,1,2,1,0,0,3,0,3
"257","20134","Maryland Ave & 104th St",41.71,-87.6,15,13,15,13,0,0,28,0,28
"258","20201","Kedzie Ave & 104th St",41.7,-87.7,3,2,3,2,0,0,5,0,5
"259","20202","W 103rd St & S Avers Ave",41.71,-87.72,29,24,29,24,0,0,53,0,53
"260","20203","Lawndale Ave & 111th St",41.691319,-87.712886,5,7,2,2,1,3,12,4,4
"261","20204","Kedzie Ave & 110th St",41.6923947458756,-87.7009606361389,6,7,0,0,5,4,13,9,0
"262","20205","Western Ave & 111th St",41.691211,-87.681297,10,3,3,0,4,3,13,7,0
"263","20206","Homewood Ave & 115th St",41.6845950720262,-87.6707080006599,9,3,8,2,1,1,12,2,10
"264","20207","Major Taylor Trail & 115th St",41.684931595193,-87.6452887058258,8,4,3,1,5,3,12,8,4
"265","20208","Major Taylor Trail & 124th St",41.6686963533225,-87.6371133327484,7,6,0,0,7,5,13,12,0
"266","20209","S Michigan Ave & E 118th St",41.68,-87.62,4,0,4,0,0,0,0,0,0
"267","20210","State St & 123rd St",41.6706438368798,-87.6225864887238,3,2,0,0,3,2,5,5,0
"268","20211","Eberhart Ave & 131st St",41.6579636666667,-87.6107653333333,6,8,5,6,1,2,14,3,11
"269","20212","Altgeld Gardens",41.6566655296737,-87.5988006591797,1,0,0,0,1,0,0,0,0
"270","20213","Commercial Ave & 130th St",41.6591504275977,-87.550762295723,9,10,2,3,7,7,19,14,5
"271","20214","Avenue O & 134th St",41.6519093333333,-87.5395193333333,7,5,4,2,2,2,12,4,6
"272","20215","Hegewisch Metra Station",41.6485885,-87.5462151666667,2,1,1,1,1,0,3,0,2
"273","20217","Torrence Ave & 126th Pl",41.6662886666667,-87.5571568333333,3,2,3,1,0,0,5,0,4
"274","20218","Avenue O & 118th St",41.6810286666667,-87.5379678333333,8,5,4,3,4,2,13,6,7
"275","20219","Burnham Greenway & 112th St",41.6917738511683,-87.5304311513901,33,32,5,5,20,19,65,39,10
"276","20220","Avenue L & 114th St",41.69,-87.54,24,12,24,12,0,0,36,0,36
"277","20221","Torrence Ave & 106th St",41.7028008502259,-87.5597262382507,3,2,0,0,3,1,5,4,0
"278","20222","Burnham Greenway & 105th St",41.7045750872071,-87.5282317399979,9,5,6,2,1,1,14,2,8
"279","20223","Ewing Ave & Burnham Greenway",41.7126705,-87.534608,60,6,59,2,1,4,66,5,61
"280","20224","Calumet Park",41.7136913333333,-87.5308893333333,18,16,9,8,4,4,34,8,17
"281","20225","Commercial Ave & 100th St",41.713317395477,-87.5510975718498,2,0,0,0,2,0,0,0,0
"282","20226","Oglesby Ave & 100th St",41.7133974844224,-87.5658416748047,1,2,0,0,1,2,3,3,0
"283","20228","Constance Ave & 95th St",41.722291,-87.578968,11,11,8,8,2,2,22,4,16
"284","20229","Baltimore Ave & 87th St",41.7373356004167,-87.5485146045685,7,2,1,1,6,0,9,0,2
"285","20230","Clyde Ave & 87th St",41.7371514643106,-87.572740316391,4,5,1,1,2,3,9,5,2
"286","20231","East End Ave & 87th St",41.7368008333333,-87.582833,11,7,3,3,5,4,18,9,6
"287","20232","Big Marsh Park",41.685877,-87.573824,9,9,1,1,6,6,18,12,2
"288","20233","Halsted St & 78th St",41.7524870124901,-87.6439021574879,4,3,0,0,1,1,7,2,0
"289","20234","Ashland Ave & 78th St",41.7522048494112,-87.663699388504,7,6,3,3,4,3,13,7,6
"290","20235","Greenwood Ave & 91st St",41.7287115,-87.5972265,16,19,10,7,6,12,35,18,17
"291","20236","Stony Island Ave & 90th St",41.731397,-87.5857945,27,26,22,20,4,5,53,9,42
"292","20237","Yates Blvd & 93rd St",41.7261631666667,-87.5663626666667,2,6,2,4,0,0,8,0,6
"293","20238","Greenwood Ave & 97th St",41.7187558333333,-87.59699,15,12,11,11,4,1,27,5,22
"294","20239","Marquette Ave & 89th St",41.733669,-87.558342,12,4,4,1,6,2,16,8,5
"295","20240","Indiana Ave & 133rd St",41.65,-87.62,1,0,1,0,0,0,0,0,0
"296","20241","Steelworkers Park",41.74,-87.53,7,6,7,6,0,0,13,0,13
"297","20242","Houston Ave & 92nd St",41.7281765,-87.5496276666667,6,16,2,1,2,12,22,14,3
"298","20243","Michigan Ave & 114th St",41.6870138333333,-87.6211003333333,2,1,2,0,0,0,3,0,0
"299","20244","Halsted St & 73rd St",41.7616054380439,-87.6441609766607,9,8,8,5,1,3,17,4,13
"300","20245","Ashland Ave & 74th St",41.7592360242587,-87.6634740829468,12,4,4,1,8,3,16,11,5
"301","20246.0","N Green St & W Lake St",41.89,-87.65,424,417,424,417,0,0,841,0,841
"302","20247.0","W Washington Blvd & N Peoria St",41.88,-87.65,29,21,29,21,0,0,50,0,50
"303","202480.0","Hampden Ct & Diversey Ave",41.93,-87.64,216,222,216,222,0,0,438,0,438
"304","20249.0","N Clark St & W Elm St",41.9,-87.63,14,18,14,18,0,0,32,0,32
"305","20251.0","N Carpenter St & W Lake St",41.89,-87.65,187,172,187,172,0,0,359,0,359
"306","20252.0","W Oakdale Ave & N Broadway",41.94,-87.64,163,158,163,158,0,0,321,0,321
"307","20253.0","N Paulina St & Lincoln Ave",41.94,-87.67,18,16,18,16,0,0,34,0,34
"308","20254.0","W Armitage Ave & N Sheffield Ave",41.92,-87.65,175,163,175,163,0,0,338,0,338
"309","20255.0","N Damen Ave & W Chicago Ave",41.9,-87.68,22,22,22,22,0,0,44,0,44
"310","20256.0","N Sheffield Ave & W Wellington Ave",41.94,-87.65,139,136,139,136,0,0,275,0,275
"311","20257.0","N Southport Ave & W Newport Ave",41.94,-87.66,57,54,57,54,0,0,111,0,111
"312","20260.0","Ping Tom Park (East)",41.86,-87.63,12,11,12,11,0,0,23,0,23
"313","21544","State St & Chicago Ave",41.896617,-87.628579,1055,904,444,401,588,473,1959,1061,845
"314","301","Monticello Ave & Chicago Ave",41.9,-87.72,10,9,10,9,0,0,19,0,19
"315","302","Lamon Ave & Chicago Ave",41.9,-87.75,17,19,17,19,0,0,36,0,36
"316","303","Kildare Ave & Division St",41.9,-87.73,12,7,12,7,0,0,19,0,19
"317","304","Lavergne Ave & Division St",41.9,-87.75,6,1,6,1,0,0,7,0,7
"318","305","Menard Ave & Division St",41.9,-87.77,8,5,8,5,0,0,13,0,13
"319","307","Leamington Ave & Hirsch St",41.91,-87.75,6,8,6,8,0,0,14,0,14
"320","308","Major Ave & Bloomingdale Ave",41.91,-87.77,6,3,6,3,0,0,9,0,9
"321","309","Narragansett & McLean",41.92,-87.79,14,13,14,13,0,0,27,0,27
"322","310","North Ave & New England Ave",41.91,-87.8,3,4,3,4,0,0,7,0,7
"323","312","Lockwood Ave & Wrightwood Ave",41.93,-87.76,35,30,35,30,0,0,65,0,65
"324","313","Long Ave & Belden Ave",41.92,-87.76,34,21,34,21,0,0,55,0,55
"325","314","Narragansett & Wrightwood",41.93,-87.79,108,84,108,84,0,0,192,0,192
"326","316","Lamon Ave & Belmont Ave",41.94,-87.75,55,45,55,45,0,0,100,0,100
"327","317","Long Ave & Belmont Ave",41.94,-87.76,28,17,28,17,0,0,45,0,45
"328","318","Oak Park & Wellington",41.93,-87.8,33,21,33,21,0,0,54,0,54
"329","319","Roscoe & Harlem",41.94,-87.81,13,13,13,13,0,0,26,0,26
"330","320","Orange & Addison",41.94,-87.82,31,31,31,31,0,0,62,0,62
"331","321","Kostner Ave & Wrightwood Ave",41.93,-87.74,32,15,32,15,0,0,47,0,47
"332","322","Cicero Ave & Grace St",41.95,-87.75,14,14,14,14,0,0,28,0,28
"333","323","Narragansett & Irving Park",41.95,-87.79,46,46,46,46,0,0,92,0,92
"334","324","Meade Ave & Addison St",41.95,-87.78,23,16,23,16,0,0,39,0,39
"335","325","Harlem Ave & Grace St",41.95,-87.81,13,3,13,3,0,0,16,0,16
"336","326","Harlem & Irving Park",41.95,-87.81,76,45,76,45,0,0,121,0,121
"337","327","Plainfield & Irving Park",41.95,-87.83,13,9,13,9,0,0,22,0,22
"338","329.0","Central Park Ave & Douglas Blvd",41.86,-87.72,17,13,17,13,0,0,30,0,30
"339","330.0","Keeler Ave & Roosevelt Rd",41.87,-87.73,12,8,12,8,0,0,20,0,20
"340","331","Halsted St & Clybourn Ave",41.9096641666667,-87.6481241666667,1280,1200,552,538,706,648,2480,1354,1090
"341","331.0","Pulaski Rd & 21st St",41.85,-87.72,38,36,38,36,0,0,74,0,74
"342","332.0","Harding Ave & 26th St",41.84,-87.72,11,5,11,5,0,0,16,0,16
"343","333.0","Kildare & Cermak",41.85,-87.73,6,1,6,1,0,0,7,0,7
"344","334.0","Lawndale Ave & 30th St",41.84,-87.72,7,4,7,4,0,0,11,0,11
"345","335.0","Komensky Ave & 31st St",41.84,-87.73,28,25,28,25,0,0,53,0,53
"346","336","La Villita Park (Albany/30th)",41.84,-87.7,10,8,10,8,0,0,18,0,18
"347","337","Hoyne Ave & 34th St",41.83,-87.68,10,7,10,7,0,0,17,0,17
"348","338","California Ave & 36th St",41.83,-87.69,9,7,9,7,0,0,16,0,16
"349","339","Sacramento Ave & Pershing Rd",41.82,-87.7,25,21,25,21,0,0,46,0,46
"350","340","Pulaski & Ann Lurie Pl",41.82,-87.72,21,9,21,9,0,0,30,0,30
"351","341","Archer Ave & 43rd St",41.82,-87.7,27,29,27,29,0,0,56,0,56
"352","342","Kedzie Ave & 45th St",41.81,-87.7,15,11,15,11,0,0,26,0,26
"353","343","Pulaski Rd & 51st St",41.8,-87.72,56,43,56,43,0,0,99,0,99
"354","344","Springfield Ave & 47th St",41.81,-87.72,14,14,14,14,0,0,28,0,28
"355","345","Artesian Ave & 55th St",41.79,-87.69,19,7,19,7,0,0,26,0,26
"356","346","Kedzie Ave & 57th St",41.79,-87.7,30,23,30,23,0,0,53,0,53
"357","347","Komensky Ave & 55th St",41.79,-87.72,27,9,27,9,0,0,36,0,36
"358","348","Western Ave & 62nd St",41.78,-87.68,7,6,7,6,0,0,13,0,13
"359","349","Spaulding Ave & 63rd St",41.78,-87.71,21,10,21,10,0,0,31,0,31
"360","350","Hamlin Ave & 62nd Pl",41.78,-87.72,8,12,8,12,0,0,20,0,20
"361","351","Mulligan Ave & Wellington Ave",41.93,-87.78,44,32,44,32,0,0,76,0,76
"362","352","Sayre & Diversey",41.93,-87.8,6,4,6,4,0,0,10,0,10
"363","353","Meade Ave & Diversey Ave",41.93,-87.78,15,10,15,10,0,0,25,0,25
"364","354","Parkside Ave & Armitage Ave",41.92,-87.77,7,1,7,1,0,0,8,0,8
"365","355","Central Ave & Parker Ave",41.93,-87.77,25,12,25,12,0,0,37,0,37
"366","356","Lavergne & Fullerton",41.92,-87.75,39,33,39,33,0,0,72,0,72
"367","357","Lamon Ave & Armitage Ave",41.92,-87.75,36,28,36,28,0,0,64,0,64
"368","358","Kilpatrick Ave & Parker Ave",41.93,-87.74,32,17,32,17,0,0,49,0,49
"369","359","Kilbourn & Belden",41.92,-87.74,35,20,35,20,0,0,55,0,55
"370","360","Kilbourn & Roscoe",41.94,-87.74,45,33,45,33,0,0,78,0,78
"371","361","Kenosha & Wellington",41.93,-87.73,26,18,26,18,0,0,44,0,44
"372","362.0","Lawndale Ave & 16th St",41.86,-87.72,26,21,26,21,0,0,47,0,47
"373","363.0","Tripp Ave & 15th St",41.86,-87.73,5,0,5,0,0,0,0,0,0
"374","364.0","Homan Ave & Fillmore St",41.87,-87.71,9,2,9,2,0,0,11,0,11
"375","365.0","Kildare Ave & 26th St",41.84,-87.73,2,1,2,1,0,0,3,0,3
"376","366.0","Spaulding Ave & 16th St",41.86,-87.71,14,9,14,9,0,0,23,0,23
"377","368.0","Tripp Ave & 31st St",41.84,-87.73,11,10,11,10,0,0,21,0,21
"378","369","Central Park Ave & Ohio St",41.89,-87.72,39,30,39,30,0,0,69,0,69
"379","370","Central Park & Augusta Blvd",41.9,-87.72,12,9,12,9,0,0,21,0,21
"380","371","Kildare Ave & Chicago Ave",41.9,-87.73,6,2,6,2,0,0,8,0,8
"381","374","Kilpatrick Ave & Grand Ave",41.91,-87.74,16,14,16,14,0,0,30,0,30
"382","375","Long Ave & North Ave",41.91,-87.76,12,10,12,10,0,0,22,0,22
"383","376","Menard Ave & North Ave",41.91,-87.77,0,0,0,0,0,0,0,0,0
"384","377","Bloomingdale Ave & Harlem Ave",41.91,-87.81,10,9,10,9,0,0,19,0,19
"385","378","Nordica & Medill",41.92,-87.8,11,7,11,7,0,0,18,0,18
"386","379","Rockwell St & Archer Ave",41.82,-87.69,32,22,32,22,0,0,54,0,54
"387","380","Fairfield Ave & 44th St",41.81,-87.69,3,2,3,2,0,0,5,0,5
"388","381","Francisco Ave & 47th St",41.81,-87.7,20,16,20,16,0,0,36,0,36
"389","382","Kedzie Ave & 48th Pl",41.8,-87.7,94,87,94,87,0,0,181,0,181
"390","383","Campbell Ave & 51st St",41.8,-87.69,19,12,19,12,0,0,31,0,31
"391","384","Kedzie Ave & 52nd St",41.8,-87.7,29,13,29,13,0,0,42,0,42
"392","385","St Louis Ave & Norman Bobbins Ave",41.79,-87.71,17,13,17,13,0,0,30,0,30
"393","386","Rockwell St & 57th St",41.79,-87.69,13,14,13,14,0,0,27,0,27
"394","387","St Louis Ave & 59th St",41.79,-87.71,39,28,39,28,0,0,67,0,67
"395","388","Richmond St & 59th St",41.79,-87.7,10,5,10,5,0,0,15,0,15
"396","389","Maplewood Ave & 59th St",41.79,-87.69,9,2,9,2,0,0,11,0,11
"397","390","California Ave & Marquette Rd",41.77,-87.69,10,8,10,8,0,0,18,0,18
"398","391","Rockwell St & 63rd St",41.78,-87.69,7,5,7,5,0,0,12,0,12
"399","392","Homan Ave & 65th St",41.78,-87.71,8,8,8,8,0,0,16,0,16
"400","393","Oketo Ave & Addison St",41.94,-87.81,11,12,11,12,0,0,23,0,23
"401","394","Panama Ave & Grace St",41.95,-87.83,6,5,6,5,0,0,11,0,11
"402","395","Shabbona Park",41.94,-87.8,16,13,16,13,0,0,29,0,29
"403","396","Central Ave & Roscoe St",41.94,-87.77,19,15,19,15,0,0,34,0,34
"404","397","Narragansett Ave & School St",41.94,-87.79,20,11,20,11,0,0,31,0,31
"405","398","Long & Irving Park",41.95,-87.76,62,51,62,51,0,0,113,0,113
"406","399","Lavergne Ave & 46th St",41.81,-87.75,17,15,17,15,0,0,32,0,32
"407","400","Lawler Ave & 50th St",41.8,-87.75,23,24,23,24,0,0,47,0,47
"408","401","Kildare Ave & 47th St",41.81,-87.73,14,8,14,8,0,0,22,0,22
"409","402","Kenneth Ave & 50th St",41.8,-87.73,12,11,12,11,0,0,23,0,23
"410","403","Kildare Ave & 55th St",41.79,-87.73,9,3,9,3,0,0,12,0,12
"411","404","Pulaski Rd & 60th St",41.78,-87.72,10,3,10,3,0,0,13,0,13
"412","406","Kostner Ave & 63rd St",41.78,-87.73,19,13,19,13,0,0,32,0,32
"413","407","Tripp Ave & 65th St",41.77,-87.73,19,14,19,14,0,0,33,0,33
"414","414","Sacramento Blvd & Fulton Ave",41.89,-87.7,17,15,17,15,0,0,32,0,32
"415","415","Western Ave & Lake St",41.88,-87.69,7,7,7,7,0,0,14,0,14
"416","416","Washtenaw Ave & Madison St",41.88,-87.69,8,7,8,7,0,0,15,0,15
"417","418","Mozart St & Jackson Blvd",41.88,-87.7,4,2,4,2,0,0,6,0,6
"418","419","Sacramento Blvd & Polk St",41.87,-87.7,10,4,10,4,0,0,14,0,14
"419","420","Washtenaw Ave & Polk St",41.87,-87.69,34,32,34,32,0,0,66,0,66
"420","421","Albany Ave & Douglas Blvd",41.86,-87.7,12,11,12,11,0,0,23,0,23
"421","422","Albany Ave & 16th St",41.86,-87.7,5,8,5,8,0,0,13,0,13
"422","424","Sacramento Ave & 25th St",41.85,-87.7,1,1,1,1,0,0,2,0,2
"423","425","Rockwell St & Cermak Rd",41.85,-87.69,51,42,51,42,0,0,93,0,93
"424","426","California & 16th St",41.86,-87.7,11,6,11,6,0,0,17,0,17
"425","427","Whipple St & Roosevelt Rd",41.87,-87.7,8,3,8,3,0,0,11,0,11
"426","428","Milwaukee Ave & Fullerton Ave",41.92,-87.7,170,139,170,139,0,0,309,0,309
"427","429","Francisco Ave & Bloomingdale Ave",41.91,-87.7,44,38,44,38,0,0,82,0,82
"428","430","Troy St & Grace St",41.95,-87.71,80,67,80,67,0,0,147,0,147
"429","431","Western Ave & Grace St",41.95,-87.69,26,27,26,27,0,0,53,0,53
"430","432","Sacramento Blvd & Addison St",41.95,-87.7,47,45,47,45,0,0,92,0,92
"431","433","Elston Ave & Henderson St",41.94,-87.7,26,22,26,22,0,0,48,0,48
"432","434","Albany Ave & Belmont Ave",41.94,-87.71,27,24,27,24,0,0,51,0,51
"433","435","Rockwell St & Fletcher St",41.94,-87.69,93,90,93,90,0,0,183,0,183
"434","436","Kedzie Ave & George St",41.93,-87.71,75,68,75,68,0,0,143,0,143
"435","439","Campbell Ave & Irving Park Rd",41.95,-87.69,25,26,25,26,0,0,51,0,51
"436","441","Virginia Ave & Catalpa Ave",41.98,-87.71,10,9,10,9,0,0,19,0,19
"437","442","Lincoln Ave & Balmoral Ave",41.98,-87.69,53,55,53,55,0,0,108,0,108
"438","443","California Ave & Winona St",41.97,-87.7,32,31,32,31,0,0,63,0,63
"439","444","N Shore Channel Trail & Argyle St",41.97,-87.7,49,51,49,51,0,0,100,0,100
"440","445","Western Ave & Gunnison St",41.97,-87.69,44,41,44,41,0,0,85,0,85
"441","446","Francisco Ave & Montrose Ave",41.96,-87.7,52,46,52,46,0,0,98,0,98
"442","452","Richmond St & Lincoln Ave",41.99,-87.7,15,17,15,17,0,0,32,0,32
"443","458","Washtenaw Ave & Peterson Ave",41.99,-87.7,9,10,9,10,0,0,19,0,19
"444","460","Francisco Ave & Hollywood Ave",41.98,-87.7,4,4,4,4,0,0,8,0,8
"445","462","Lincoln Ave & Peterson Ave",41.99,-87.71,47,45,47,45,0,0,92,0,92
"446","464","Western Ave & Ardmore Ave",41.99,-87.69,21,25,21,25,0,0,46,0,46
"447","465","Troy Ave & 27th St",41.84,-87.7,8,3,8,3,0,0,11,0,11
"448","466","California Ave & 29th St",41.84,-87.69,3,1,3,1,0,0,4,0,4
"449","471","Damen Ave & 33rd St",41.83,-87.68,9,7,9,7,0,0,16,0,16
"450","472","Elston Ave & George St",41.93,-87.69,52,53,52,53,0,0,105,0,105
"451","473","Mason Ave & Belmont Ave",41.94,-87.77,20,21,20,21,0,0,41,0,41
"452","474","Fullerton & Monitor",41.92,-87.77,32,22,32,22,0,0,54,0,54
"453","475","Whipple/Irving Park",41.95,-87.7,24,17,24,17,0,0,41,0,41
"454","514","Ridge Blvd & Howard St",42.019276,-87.68452,49,28,18,15,29,12,77,41,33
"455","515","Paulina St & Howard St",42.019135,-87.6735318333333,187,186,51,51,125,133,373,258,102
"456","517","Clark St & Jarvis Ave",42.015940309,-87.674984694,130,114,42,42,88,68,244,156,84
"457","518","Conservatory Dr & Lake St",41.885502,-87.716866,70,68,31,27,36,34,138,70,58
"458","519","Wolcott Ave & Fargo Ave",42.0169066666667,-87.6777463333333,38,32,21,20,16,10,70,26,41
"459","520","Greenview Ave & Jarvis Ave",42.015962,-87.66857,212,203,68,65,139,135,415,274,133
"460","523","Eastlake Ter & Rogers Ave",42.0208872805206,-87.6650579273701,148,151,65,67,77,75,299,152,132
"461","525","Glenwood Ave & Touhy Ave",42.012701,-87.666058,125,112,35,34,86,72,237,158,69
"462","527","Western Ave & Howard St",42.0189305,-87.6900956666667,79,94,44,48,34,45,173,79,92
"463","528","Pulaski Rd & Lake St",41.8853981666667,-87.7265986666667,5,9,5,5,0,0,14,0,10
"464","530","Laramie Ave & Kinzie St",41.8878008333333,-87.7556396666667,11,4,6,1,5,3,15,8,7
"465","534","Karlov Ave & Madison St",41.880879998,-87.72788775,8,4,6,2,2,1,12,3,8
"466","535","Pulaski Rd & Congress Pkwy",41.8743585,-87.7258643333333,12,8,9,6,2,1,20,3,15
"467","536","Kostner Ave & Lake St",41.885928,-87.73541,8,6,2,2,5,4,14,9,4
"468","537","Kenton Ave & Madison St",41.8806883333333,-87.7410595,9,8,5,3,4,5,17,9,8
"469","540","Laramie Ave & Madison St",41.880207,-87.755337,14,8,8,4,5,3,22,8,12
"470","543","Laramie Ave & Gladys Ave",41.875806,-87.755285,5,5,1,0,4,5,10,9,0
"471","545","Kostner Ave & Adams St",41.877917,-87.735737,6,6,1,1,5,5,12,10,2
"472","546","Damen Ave & Pershing Rd",41.823192,-87.676597,41,39,18,16,14,14,80,28,34
"473","549","Marshfield Ave & 44th St",41.81403,-87.6666555,42,43,36,30,6,13,85,19,66
"474","553","Elizabeth St & 47th St",41.80839,-87.656526,9,8,8,6,0,0,17,0,14
"475","554","Damen Ave & 51st St",41.8009448333333,-87.6745866666667,7,7,7,3,0,0,14,0,10
"476","556","Throop St & 52nd St",41.799672,-87.657195,7,6,7,6,0,0,13,0,13
"477","557","Seeley Ave & Garfield Blvd",41.794087,-87.675478,2,1,1,0,1,1,3,2,0
"478","559","Racine Ave & Garfield Blvd",41.794228,-87.655073,20,13,14,3,4,10,33,14,17
"479","560","Marshfield Ave & 59th St",41.7868096666667,-87.6661183333333,7,5,6,2,1,3,12,4,8
"480","561","Damen Ave & 59th St",41.7860178333333,-87.6741785,6,4,4,1,2,3,10,5,5
"481","562","Racine Ave & 61st St",41.783189,-87.654372,2,1,1,0,0,0,3,0,0
"482","564","Racine Ave & 65th St",41.775393,-87.654308,1,1,0,0,1,1,2,2,0
"483","567","May St & 69th St",41.768938,-87.652934,12,9,8,6,3,1,21,4,14
"484","569","Woodlawn Ave & 75th St",41.75916,-87.595751,4,6,1,1,3,5,10,8,2
"485","570","Evans Ave & 75th St",41.7585238333333,-87.6064785,18,8,10,5,8,3,26,11,15
"486","571","Vernon Ave & 75th St",41.7583725,-87.6141808333333,12,8,9,5,3,3,20,6,14
"487","572","State St & 76th St",41.756971,-87.624621,6,5,3,2,3,3,11,6,5
"488","573","State St & 79th St",41.750794,-87.624424,13,9,6,6,6,3,22,9,12
"489","574","Vernon Ave & 79th St",41.75094,-87.61379,13,8,8,4,5,3,21,8,12
"490","575","Cottage Grove Ave & 78th St",41.7531635,-87.6050245,8,9,5,4,3,5,17,8,9
"491","576","Greenwood Ave & 79th St",41.751294,-87.597552,0,0,0,0,0,0,0,0,0
"492","577","Stony Island Ave & South Chicago Ave",41.751173,-87.585337,7,9,3,2,4,7,16,11,5
"493","579","Phillips Ave & 79th St",41.75182,-87.565211,16,13,3,3,13,10,29,23,6
"494","580","Exchange Ave & 79th St",41.7516918333333,-87.5528696666667,9,9,4,5,5,4,18,9,9
"495","582","Phillips Ave & 83rd St",41.744531,-87.56506,9,6,3,1,6,3,15,9,4
"496","583","Stony Island Ave & 82nd St",41.746562243,-87.585996628,18,12,5,5,12,6,30,18,10
"497","584","Ellis Ave & 83rd St",41.7441673333333,-87.5991018333333,7,9,3,3,0,0,16,0,6
"498","585","Cottage Grove Ave & 83rd St",41.743441,-87.604836,10,20,6,6,4,14,30,18,12
"499","586","MLK Jr Dr & 83rd St",41.743116,-87.6148,13,14,4,4,8,9,27,17,8
"500","587","Wabash Ave & 83rd St",41.743316,-87.622849,2,1,0,0,1,1,3,2,0
"501","588","South Chicago Ave & 83rd St",41.743921,-87.575225,2,2,1,2,0,0,4,0,3
"502","590","Kilbourn Ave & Irving Park Rd",41.953733,-87.740569,45,31,23,18,22,13,76,35,41
"503","592","Knox Ave & Montrose Ave",41.960644,-87.745404,72,53,50,39,19,12,125,31,89
"504","593","Halsted St & 59th St",41.787539,-87.644874,8,5,5,5,3,0,13,0,10
"505","594","Western Blvd & 48th Pl",41.805661,-87.683392,28,23,18,13,10,9,51,19,31
"506","595","Wabash Ave & 87th St",41.736646,-87.622634,42,32,21,16,20,16,74,36,37
"507","596","Benson Ave & Church St",42.048214,-87.683485,438,433,146,148,283,272,871,555,294
"508","598","Elmwood Ave & Austin St",42.025784,-87.684107,77,77,39,33,37,42,154,79,72
"509","599","Valli Produce - Evanston Plaza",42.0397028333333,-87.6994308333333,77,84,49,51,27,32,161,59,100
"510","600","Dodge Ave & Church St",42.048308,-87.698224,116,98,52,44,61,54,214,115,96
"511","604","Sheridan Rd & Noyes St (NU)",42.058239,-87.677432,464,462,165,162,292,288,926,580,327
"512","605","University Library (NU)",42.052939,-87.673447,273,281,76,67,178,200,554,378,143
"513","620","Orleans St & Chestnut St (NEXT Apts)",41.898203,-87.637536,620,539,228,203,382,327,1159,709,431
"514","623","Michigan Ave & 8th St",41.872773,-87.623981,1028,966,287,275,580,572,1994,1152,562
"515","624","Dearborn St & Van Buren St",41.8761338333333,-87.6297383333333,613,489,216,200,352,260,1102,612,416
"516","631","Malcolm X College Vaccination Site",41.877618,-87.673895,115,118,45,44,57,61,233,118,89
"517","632","Clark St & Newport St",41.94454,-87.654678,1311,1272,511,500,758,747,2583,1505,1011
"518","636","Orleans St & Hubbard St",41.8899563333333,-87.6368611666667,771,710,340,315,420,389,1481,809,655
"519","637","Wood St & Chicago Ave",41.895634,-87.672069,519,497,230,226,275,264,1016,539,456
"520","638","Clinton St & Jackson Blvd",41.878274918,-87.641174316,1370,1204,538,506,796,675,2574,1471,1044
"521","639","Lakefront Trail & Wilson Ave",41.965845,-87.645361,477,496,141,149,279,296,973,575,290
"522","642","Latrobe Ave & Chicago Ave",41.894745,-87.756895,5,8,1,0,3,8,13,11,0
"523","643","Smith Park",41.8920353333333,-87.6893971666667,171,186,128,126,42,55,357,97,254
"524","644","Western Ave & Fillmore St",41.868649,-87.68627,333,337,243,235,88,100,670,188,478
"525","646","State St & 54th St",41.796642,-87.625923,11,7,0,0,10,6,18,16,0
"526","647","Elizabeth St & 59th St",41.7898623333333,-87.6547061666667,14,5,8,2,6,3,19,9,10
"527","649","Stewart Ave & 63rd St",41.779835,-87.634774,6,7,3,2,1,5,13,6,5
"528","650","Eggleston Ave & 69th St",41.768898,-87.635876,7,3,3,2,4,0,10,0,5
"529","651","Michigan Ave & 71st St",41.7653021666667,-87.6217173333333,6,7,4,4,2,3,13,5,8
"530","652","Rhodes Ave & 71st St",41.766063809,-87.611739039,6,5,1,2,5,3,11,8,3
"531","653","Cornell Dr & Hayes Dr",41.780595,-87.584846,24,14,4,4,17,10,38,27,8
"532","654","Racine Ave & Washington Blvd",41.883073,-87.656952,382,334,148,125,222,203,716,425,273
"533","655","Hoyne Ave & Balmoral Ave",41.979833,-87.6820218333333,190,211,133,132,54,75,401,129,265
"534","657","Wood St & Augusta Blvd",41.8991021666667,-87.6721636666667,456,419,205,185,245,224,875,469,390
"535","658","Leavitt St & Division St",41.902997,-87.683825,279,239,129,105,140,128,518,268,234
"536","660","Sheridan Rd & Columbia Ave",42.004583,-87.661406,234,226,83,83,141,135,460,276,166
"537","661","Evanston Civic Center",42.057044,-87.686554,126,96,44,39,79,57,222,136,83
"538","662","Dodge Ave & Mulford St",42.023463,-87.699595,30,35,7,8,23,26,65,49,15
"539","665","South Chicago Ave & Elliot Ave",41.747375727,-87.580014944,1,1,1,1,0,0,2,0,2
"540","chargingstx1","Bissell St & Armitage Ave*",41.9182955629354,-87.6521833240986,259,271,75,76,184,192,530,376,151
"541","chargingstx3","Green St & Randolph St*",41.8836016572752,-87.6486267149448,270,285,102,105,168,172,555,340,207
"542","chargingstx4","Morgan St & Lake St*",41.8854917062691,-87.6522892713547,381,396,176,167,205,218,777,423,343
"543","chargingstx5","Lincoln Ave & Roscoe St*",41.9433725,-87.6708706666667,175,193,71,66,104,125,368,229,137
"544","DIVVY 001","WEST CHI-WATSON",41.794383,-87.711208,3,0,3,0,0,0,0,0,0
"545","E002","Chicago Ave & Washington St",42.0325341666667,-87.6791883333333,227,219,99,98,122,112,446,234,197
"546","E006","Central St Metra",42.0637538333333,-87.6986631666667,73,92,39,43,33,47,165,80,82
"547","E007","Central St & Girard Ave",42.064313,-87.686152,63,64,27,21,35,41,127,76,48
"548","E008","Chicago Ave & Sheridan Rd",42.050491,-87.677821,380,415,141,146,224,250,795,474,287
"549","E011","Dodge Ave & Main St",42.0346318516159,-87.6991876959801,27,29,11,14,13,15,56,28,25
"550","E014","Lincolnwood Dr & Central St",42.064854,-87.715297,37,37,8,9,29,27,74,56,17
"551","Hubbard Bike-checking (LBS-WH-TEST)","Base - 2132 W Hubbard Warehouse",41.953301,-87.8071588333333,190,16,190,9,0,0,206,0,199
"552","KA1503000001","Shields Ave & 43rd St",41.81620767856,-87.6348193497,1,4,0,0,1,3,5,4,0
"553","KA1503000002","South Shore Dr & 71st St",41.7664094567,-87.5656875719,66,60,19,22,40,31,126,71,41
"554","KA1503000003","Cottage Grove Ave & 71st St",41.76571903697,-87.604959713,24,20,14,8,9,12,44,21,22
"555","KA1503000004","Lake Park Ave & 35th St",41.831274,-87.608799,124,131,31,32,68,68,255,136,63
"556","KA1503000005","Wentworth Ave & 35th St",41.8308505,-87.6325328333333,165,150,74,72,72,65,315,137,146
"557","KA1503000007","Cornell Ave & Hyde Park Blvd",41.802406,-87.586924,585,491,147,132,414,336,1076,750,279
"558","KA1503000009","Princeton Ave & 47th St",41.80931770924,-87.633449288,41,25,14,12,26,13,66,39,26
"559","KA1503000010","Halsted St & 51st St",41.80183164049,-87.645213904,16,13,6,3,10,9,29,19,9
"560","KA1503000011","Halsted St & 56th St",41.7930816666667,-87.6450293333333,10,9,6,3,3,6,19,9,9
"561","KA1503000012","Clark St & Lake St",41.8858656666667,-87.630919,926,971,326,322,570,616,1897,1186,648
"562","KA1503000013","Princeton Ave & Garfield Blvd",41.7949726666667,-87.6331153333333,24,18,5,4,17,14,42,31,9
"563","KA1503000014","Ellis Ave & 60th St",41.78509714636,-87.6010727606,2447,2358,511,484,1924,1854,4805,3778,995
"564","KA1503000015","Wabash Ave & Adams St",41.8793043333333,-87.6258681666667,723,732,310,309,376,408,1455,784,619
"565","KA1503000018","Jeffery Blvd & 71st St",41.76663823695,-87.5764501141,15,24,5,6,9,15,39,24,11
"566","KA1503000019","Stony Island Ave & 75th St",41.7586696704,-87.586882871,20,19,8,8,9,10,39,19,16
"567","KA1503000020","South Shore Dr & 74th St",41.7622896666667,-87.5590708333333,24,26,8,8,15,14,50,29,16
"568","KA1503000021","Stony Island Ave & 64th St",41.778881,-87.586647,25,26,13,13,9,11,51,20,26
"569","KA1503000022","Clark St & Montrose Ave",41.961588,-87.666036,407,360,155,143,242,207,767,449,298
"570","KA1503000023","Stony Island Ave & 67th St",41.773458,-87.58534,27,19,7,6,12,13,46,25,13
"571","KA1503000024","Yates Blvd & 75th St",41.758700252,-87.566434979,16,18,1,1,11,14,34,25,2
"572","KA1503000025","Wentworth Ave & 63rd St",41.78007963264,-87.6297463052,34,19,19,15,15,3,53,18,34
"573","KA1503000027","Prairie Ave & 43rd St",41.81665889302,-87.6194124619,33,32,16,13,16,17,65,33,29
"574","KA1503000028","Jeffery Blvd & 76th St",41.75712006802,-87.5758393587,6,11,3,3,3,8,17,11,6
"575","KA1503000029","South Shore Dr & 67th St",41.773643,-87.567514,57,52,14,12,33,32,109,65,26
"576","KA1503000030","Jeffery Blvd & 67th St",41.77351755125,-87.5771428255,34,28,12,10,18,12,62,30,22
"577","KA1503000031","Cottage Grove Ave & 67th St",41.773721,-87.605635,18,17,4,6,11,9,35,20,10
"578","KA1503000032","Union Ave & Root St",41.819142818,-87.643319488,19,28,15,14,1,13,47,14,29
"579","KA1503000033","Eberhart Ave & 61st St",41.78414169317,-87.6133078304,24,27,16,16,8,10,51,18,32
"580","KA1503000034","LaSalle St & Adams St",41.8794931666667,-87.6319865,356,378,142,142,203,229,734,432,284
"581","KA1503000038","Shields Ave & 31st St",41.838417,-87.635191,185,170,55,46,126,124,355,250,101
"582","KA1503000040","Loomis St & Archer Ave",41.8416473333333,-87.6574753333333,79,112,49,49,26,58,191,84,98
"583","KA1503000041","McClurg Ct & Erie St",41.8943156666667,-87.6186343333333,1127,1195,484,481,593,681,2322,1274,965
"584","KA1503000043","Kingsbury St & Kinzie St",41.88917683258,-87.6385057718,2452,2328,951,892,1476,1418,4780,2894,1843
"585","KA1503000044","Rush St & Hubbard St",41.890173,-87.626185,699,726,319,310,350,388,1425,738,629
"586","KA1503000045","Stony Island Ave & 71st St",41.766493,-87.586461,24,23,8,6,14,13,47,27,14
"587","KA1503000046","Dorchester Ave & 63rd St",41.7804056457,-87.5914159893,32,30,9,8,21,20,62,41,17
"588","KA1503000047","Perry Ave & 69th St",41.7692363333333,-87.6282753333333,12,15,5,7,6,8,27,14,12
"589","KA1503000049","Rainbow Beach",41.75787144829,-87.54938625,32,24,7,6,21,16,56,37,13
"590","KA1503000051","Halsted St & 47th Pl",41.808134,-87.645617,62,51,42,40,17,11,113,28,82
"591","KA1503000052","Ellis Ave & 53rd St",41.79933626261,-87.6009581145,397,345,51,43,338,299,742,637,94
"592","KA1503000053","MLK Jr Dr & 63rd St",41.780078,-87.6159368333333,33,31,19,14,11,15,64,26,33
"593","KA1503000054","Cottage Grove Ave & 63rd St",41.7806009452142,-87.6058360934258,71,73,28,28,39,37,144,76,56
"594","KA1503000055","Halsted & 63rd - Kennedy-King Vaccination Site",41.77938114228,-87.6446208145,14,16,2,2,11,10,30,21,4
"595","KA1503000059","Lake Park Ave & 53rd St",41.7995776666667,-87.5866305,445,452,95,91,330,331,897,661,186
"596","KA1503000064","Dusable Harbor",41.886976,-87.612813,972,902,227,218,529,521,1874,1050,445
"597","KA1503000065","Woodlawn Ave & Lake Park Ave",41.81409271048,-87.5970051479,86,84,27,25,58,52,170,110,52
"598","KA1503000066","Wood St & 35th St",41.83010465416,-87.6702983089,70,58,44,38,24,18,128,42,82
"599","KA1503000068","Leavitt St & Archer Ave",41.82879201994,-87.6806044594,83,84,54,51,28,30,167,58,105
"600","KA1503000069","Dorchester Ave & 49th St",41.805805,-87.5924885,86,80,35,33,46,39,166,85,68
"601","KA1503000070","Harper Ave & 59th St",41.78794281287,-87.5883151702,410,396,71,65,324,329,806,653,136
"602","KA1503000071","University Ave & 57th St",41.791478,-87.599861,2346,2441,438,426,1881,1988,4787,3869,864
"603","KA1503000072","Wacker Dr & Washington St",41.8835635,-87.6375793333333,708,713,351,347,350,360,1421,710,698
"604","KA1503000073","MLK Jr Dr & 56th St",41.79342945658,-87.6158532619,34,30,9,8,20,15,64,35,17
"605","KA1503000074","Museum of Science and Industry",41.79172820953,-87.583945009,342,350,89,87,205,219,692,424,176
"606","KA1503000075","DuSable Museum",41.79156801058,-87.6078521774,66,71,23,22,37,49,137,86,45
"607","KA1504000076","Ellis Ave & 55th St",41.79430062054,-87.6014497734,1501,1546,284,275,1206,1258,3047,2464,559
"608","KA1504000078","Lincoln Ave & Winona St",41.9749743333333,-87.6926445,171,177,105,107,56,62,348,118,212
"609","KA1504000079","Larrabee St & Division St",41.903594255,-87.643287778,654,643,271,267,363,364,1297,727,538
"610","KA1504000080","Washtenaw Ave & Lawrence Ave",41.968987,-87.696027,196,206,118,117,74,82,402,156,235
"611","KA1504000082","Kedzie Ave & Harrison St",41.873659,-87.7048343333333,10,8,6,2,4,6,18,10,8
"612","KA1504000086","Kedzie Ave & 24th St",41.84819094491,-87.7054137458,17,15,11,10,6,5,32,11,21
"613","KA1504000090","St. Louis Ave & Fullerton Ave",41.9248155968119,-87.714495062828,194,199,109,109,77,80,393,157,218
"614","KA1504000091","Hoyne Ave & 47th St",41.8082221666667,-87.677201,27,23,25,17,1,5,50,6,42
"615","KA1504000093","Rockwell St & Eastwood Ave",41.96590013976,-87.6936384935,244,244,160,157,78,78,488,156,317
"616","KA1504000096","Sawyer Ave & Irving Park Rd",41.95358617895,-87.7093107999,44,49,29,29,13,16,93,29,58
"617","KA1504000097","Drake Ave & Montrose Ave",41.9611648333333,-87.7165893333333,86,84,44,44,39,39,170,78,88
"618","KA150400009X","Kimball Ave & Belmont Ave",41.9394296666667,-87.7116386666667,164,147,109,101,53,45,311,98,210
"619","KA1504000101","Ogden Ave & Roosevelt Rd",41.866501,-87.684697,69,65,32,34,31,28,134,59,66
"620","KA1504000102","Fairfield Ave & Roosevelt Rd",41.866624,-87.694521,45,37,19,15,26,22,82,48,34
"621","KA1504000103","Western Ave & Walton St",41.89841768945,-87.6865960164,359,378,179,183,168,182,737,350,362
"622","KA1504000104","Paulina St & Flournoy St",41.8731136666667,-87.6688876666667,674,639,310,286,356,350,1313,706,596
"623","KA1504000106","Kedzie Ave & Lake St",41.88460328501,-87.7063037436,59,57,35,32,19,20,116,39,67
"624","KA1504000109","Washtenaw Ave & Ogden Ave",41.8619304927826,-87.6934504508972,87,87,51,47,36,36,174,72,98
"625","KA1504000110","Millard Ave & 26th St",41.8445311246216,-87.715921998024,37,40,12,12,17,19,77,36,24
"626","KA1504000113","Sacramento Blvd & Franklin Blvd",41.8904687924386,-87.7026075124741,19,25,8,9,9,14,44,23,17
"627","KA1504000114","Kedzie Ave & Chicago Ave",41.8954541666667,-87.7061658333333,31,51,22,23,8,19,82,27,45
"628","KA1504000116","Larrabee St & Oak St",41.90021949323,-87.6429854676,571,524,206,193,360,327,1095,687,399
"629","KA1504000117","Halsted St & North Branch St",41.89939,-87.648545,144,126,70,61,73,61,270,134,131
"630","KA1504000126","Kedzie Ave & Leland Ave",41.9666675,-87.7081691666667,102,103,59,56,36,36,205,72,115
"631","KA1504000127","Manor Ave & Leland Ave",41.965875,-87.700825,113,120,71,72,39,46,233,85,143
"632","KA1504000128","Kedzie Ave & Foster Ave",41.9756633333333,-87.7093093333333,70,69,29,28,38,41,139,79,57
"633","KA1504000129","Western Ave & Granville Ave",41.99416136902,-87.689438282,84,97,42,45,35,48,181,83,87
"634","KA1504000130","Maplewood Ave & Peterson Ave",41.99023602867,-87.6933696402,38,43,16,19,20,21,81,41,35
"635","KA1504000133","Rush St & Cedar St",41.902309,-87.627691,1052,1086,439,443,569,583,2138,1152,882
"636","KA1504000134","Ritchie Ct & Banks St",41.906866,-87.626217,735,721,349,350,372,353,1456,725,699
"637","KA1504000135","Wells St & Elm St",41.903222,-87.634324,1998,1855,806,772,1158,1052,3853,2210,1578
"638","KA1504000139","Monticello Ave & Irving Park Rd",41.954005,-87.719128,89,87,56,50,27,24,176,51,106
"639","KA1504000140","Winchester Ave & Elston Ave",41.92409085038,-87.6764600747,244,264,140,143,102,116,508,218,283
"640","KA1504000141","Pulaski Rd & Eddy St (Temp)",41.946264,-87.731023,54,39,20,13,31,23,93,54,33
"641","KA1504000142","Drake Ave & Addison St",41.947326,-87.717582,104,92,59,58,35,28,196,63,117
"642","KA1504000143","Leavitt St & Addison St",41.946655,-87.683359,192,175,70,68,117,106,367,223,138
"643","KA1504000146","Clark St & Berwyn Ave",41.9780371666667,-87.6680935,663,742,315,322,318,398,1405,716,637
"644","KA1504000147","Winchester (Ravenswood) Ave & Balmoral Ave",41.979762,-87.67753,142,178,63,70,79,103,320,182,133
"645","KA1504000148","Clark St & Elmdale Ave",41.9908604481256,-87.6697236299515,231,199,80,74,139,115,430,254,154
"646","KA1504000149","Damen Ave & Foster Ave",41.9756786666667,-87.6794225,263,266,137,133,120,128,529,248,270
"647","KA1504000151","Clark St & Bryn Mawr Ave",41.983593,-87.669154,487,534,251,252,219,267,1021,486,503
"648","KA1504000155","2112 W Peterson Ave",41.9911616666667,-87.6836188333333,45,61,27,26,17,34,106,51,53
"649","KA1504000156","Clark St & Schreiber Ave",41.999252,-87.671377,224,195,102,94,117,98,419,215,196
"650","KA1504000158","Oakley Ave & Irving Park Rd",41.95434085219,-87.6860796243,159,191,72,76,85,110,350,195,148
"651","KA1504000159","Sheridan Rd & Greenleaf Ave",42.01058656284,-87.6624120948,137,147,62,67,60,64,284,124,129
"652","KA1504000160","Francisco Ave & Foster Ave",41.97563272521,-87.7014194389,120,126,62,61,51,59,246,110,123
"653","KA1504000161","St. Louis Ave & Balmoral Ave",41.980324984,-87.716143727,68,62,42,39,20,19,130,39,81
"654","KA1504000162","Clark St & Lunt Ave",42.009064436,-87.674184918,178,175,113,111,56,58,353,114,224
"655","KA1504000164","Keystone Ave & Montrose Ave",41.961116,-87.7289125,64,67,40,41,22,24,131,46,81
"656","KA1504000167","Kedzie Ave & Bryn Mawr Ave",41.9822297591152,-87.7088865637779,57,59,21,19,35,32,116,67,40
"657","KA1504000168","Western & 28th - Velasquez Institute Vaccination Site",41.8415046666667,-87.6851283333333,18,17,12,11,3,4,35,7,23
"658","KA1504000171","Marine Dr & Ainslie St",41.9716686666667,-87.6503031666667,417,411,169,164,230,230,828,460,333
"659","KA1504000175","Glenwood Ave & Morse Ave",42.007972,-87.665502,259,284,124,129,123,140,543,263,253
"660","KA17018054","Damen Ave & Walnut (Lake) St",41.885957241,-87.677007914,236,257,146,147,82,100,493,182,293
"661","KA17018068","Leavitt St & Belmont Ave",41.939354,-87.683282,278,269,162,162,112,103,547,215,324
"662","KA1706005007","Delano Ct & Roosevelt Rd",41.867491,-87.63219,461,440,187,177,251,240,901,491,364
"663","KA1706005015","Kildare Ave & Montrose Ave",41.9611133333333,-87.7356898333333,55,50,32,26,20,20,105,40,58
"664","KP1705001026","LaSalle Dr & Huron St",41.894877,-87.632326,941,834,378,346,542,466,1775,1008,724
"665","LF-005","DuSable Lake Shore Dr & North Blvd",41.911722,-87.626804,1542,1569,422,400,981,1032,3111,2013,822
"666","LP-","Lincoln Park Conservatory",41.9239313113662,-87.6358245313168,637,603,139,142,384,391,1240,775,281
"667","RN-","Franklin St & Illinois St",41.8909976666667,-87.6353118333333,1061,992,449,431,594,543,2053,1137,880
"668","RP-001","Warren Park West",42.001785,-87.688829,85,86,24,24,48,51,171,99,48
"669","RP-002","Warren Park East",42.0045705,-87.6806856666667,90,92,48,52,38,37,182,75,100
"670","RP-004","Oakley Ave & Touhy Ave",42.0123683333333,-87.6882808333333,68,71,35,34,29,35,139,64,69
"671","RP-005","Western Ave & Lunt Ave",42.0086405,-87.6903786666667,97,103,59,58,35,42,200,77,117
"672","RP-006","Ridge Blvd & Touhy Ave",42.01213227742,-87.6829126443,52,56,23,24,26,30,108,56,47
"673","RP-007","Clark St & Touhy Ave",42.01256011541,-87.6743671152,116,105,40,41,76,63,221,139,81
"674","RP-008","Clark St & Columbia Ave",42.0044461666667,-87.672385,184,175,84,85,95,77,359,172,169
"675","RP-009","Sheridan Rd & Loyola Ave",42.00104377979,-87.6611982433,323,323,133,127,181,184,646,365,260
"676","SL-005","Indiana Ave & Roosevelt Rd",41.867888,-87.623041,1701,1651,581,564,974,965,3352,1939,1145
"677","SL-006","Wells St & 19th St",41.856802,-87.633879,129,140,38,34,77,87,269,164,72
"678","SL-007","State St & Harrison St",41.874053,-87.627716,498,498,193,190,284,278,996,562,383
"679","SL-008","Federal St & Polk St",41.87207763285,-87.6295437729,1199,1187,405,391,767,760,2386,1527,796
"680","SL-009","Clark St & 9th St (AMLI)",41.870816,-87.631246,431,362,140,120,280,236,793,516,260
"681","SL-010","Financial Pl & Ida B Wells Dr",41.8750778333333,-87.6331223333333,587,544,241,219,337,313,1131,650,460
"682","SL-011","Wells St & Polk St",41.8724233333333,-87.6338391666667,791,652,319,288,459,355,1443,814,607
"683","SL-012","Wabash Ave & 16th St",41.8601905,-87.6256678333333,481,463,196,192,269,265,944,534,388
"684","SL-013","State St & 19th St",41.856594,-87.627542,165,164,50,49,104,102,329,206,99
"685","TA1305000001","Wabash Ave & Cermak Rd",41.8526533333333,-87.6265228333333,147,182,65,70,74,98,329,172,135
"686","TA1305000002","Wabash Ave & Roosevelt Rd",41.867227,-87.625961,1248,1261,470,470,724,732,2509,1456,940
"687","TA1305000003","Fairbanks Ct & Grand Ave",41.8918473721099,-87.6205801963806,1268,1285,473,462,743,757,2553,1500,935
"688","TA1305000004","McCormick Place",41.8515246666667,-87.618824,247,228,78,71,124,120,475,244,149
"689","TA1305000005","Dearborn St & Adams St",41.8786436666667,-87.629575,704,713,228,225,438,442,1417,880,453
"690","TA1305000006","Dearborn St & Monroe St",41.88132,-87.629521,1363,1383,435,425,892,914,2746,1806,860
"691","TA1305000009","Clark St & Ida B Wells Dr",41.8759326655,-87.6305845355,424,430,136,134,275,279,854,554,270
"692","TA1305000010","Michigan Ave & Ida B Wells Dr",41.876243,-87.624426,412,426,141,139,219,220,838,439,280
"693","TA1305000011","Michigan Ave & Lake St",41.886024,-87.624117,1432,1493,532,540,807,812,2925,1619,1072
"694","TA1305000014","Clark St & Wrightwood Ave",41.929546,-87.643118,1497,1484,583,585,883,860,2981,1743,1168
"695","TA1305000017","Halsted St & Roosevelt Rd",41.867324,-87.648625,501,525,184,182,307,330,1026,637,366
"696","TA1305000020","Ogden Ave & Chicago Ave",41.896362458,-87.6540612729,724,754,334,335,377,402,1478,779,669
"697","TA1305000022","Orleans St & Merchandise Mart Plaza",41.8878451666667,-87.63718,1154,1147,560,557,579,569,2301,1148,1117
"698","TA1305000025","Franklin St & Jackson Blvd",41.8777079559,-87.6353211408,1302,1328,541,525,705,740,2630,1445,1066
"699","TA1305000029","State St & Randolph St",41.884736896,-87.628070235,1196,1262,429,432,715,763,2458,1478,861
"700","TA1305000030","Clark St & Randolph St",41.884554863,-87.631640792,1160,1196,496,493,633,670,2356,1303,989
"701","TA1305000032","Clinton St & Madison St",41.8819386666667,-87.6408925,2025,2048,847,839,1161,1188,4073,2349,1686
"702","TA1305000034","Honore St & Division St",41.9031166666667,-87.6738301666667,654,649,330,323,313,313,1303,626,653
"703","TA1305000035","State St & Van Buren St",41.877181,-87.627844,619,642,234,239,347,366,1261,713,473
"704","TA1305000037","Paulina Ave & North Ave",41.9103808333333,-87.670159,536,561,251,250,279,299,1097,578,501
"705","TA1305000039","Elston Ave & Cortland St",41.9164334291265,-87.6667463779449,522,543,253,260,251,265,1065,516,513
"706","TA1305000041","Damen Ave & Pierce Ave",41.9093960065,-87.6776919292,1316,1380,616,628,656,711,2696,1367,1244
"707","TA1306000002","Morgan Ave & 14th Pl",41.862378,-87.651062,347,351,134,134,210,216,698,426,268
"708","TA1306000003","Desplaines St & Kinzie St",41.888716036,-87.6444478533,1569,1319,665,554,882,754,2888,1636,1219
"709","TA1306000006","Orleans St & Elm St",41.902924,-87.637715,279,299,108,108,168,189,578,357,216
"710","TA1306000007","Larrabee St & Menomonee St",41.91468,-87.64332,365,368,115,116,239,240,733,479,231
"711","TA1306000008","Larrabee St & North Ave",41.91021,-87.6435,399,376,150,144,240,221,775,461,294
"712","TA1306000009","Larrabee St & Kingsbury St",41.8974435,-87.6434216666667,1277,1344,607,626,661,708,2621,1369,1233
"713","TA1306000010","Daley Center Plaza",41.884241,-87.629634,1383,1280,523,475,841,785,2663,1626,998
"714","TA1306000011","Wells St & Walton St",41.89993001,-87.63443007,787,637,264,211,513,417,1424,930,475
"715","TA1306000012","Wells St & Huron St",41.894722,-87.634362,1839,1789,796,793,1005,970,3628,1975,1589
"716","TA1306000013","New St & Illinois St",41.8908470406238,-87.6186168193817,1350,1353,582,565,698,718,2703,1416,1147
"717","TA1306000014","Wilton Ave & Diversey Pkwy",41.932304,-87.6526268333333,1158,1085,411,393,720,675,2243,1395,804
"718","TA1306000015","Morgan St & Lake St",41.8857792524043,-87.6510246098041,1340,1473,507,516,798,902,2813,1700,1023
"719","TA1306000016","Sheffield Ave & Fullerton Ave",41.9256018819,-87.6537080423,1822,1791,719,715,1047,1041,3613,2088,1434
"720","TA1306000025","Racine Ave & Congress Pkwy",41.8746483333333,-87.6570593333333,449,420,154,156,287,258,869,545,310
"721","TA1306000026","Racine Ave & Fullerton Ave",41.92556258,-87.65840426,1115,1159,382,373,708,759,2274,1467,755
"722","TA1306000029","McClurg Ct & Ohio St",41.8926103333333,-87.6172381666667,1066,1108,343,347,673,682,2174,1355,690
"723","TA1306000032","Sheffield Ave & Willow St",41.9137671666667,-87.6528245,741,767,288,287,443,464,1508,907,575
"724","TA1307000001","Greenview Ave & Fullerton Ave",41.925382972,-87.66589725,740,794,360,366,363,409,1534,772,726
"725","TA1307000005","Indiana Ave & 26th St",41.8457006666667,-87.6226148333333,126,121,50,50,71,67,247,138,100
"726","TA1307000006","Southport Ave & Wellington Ave",41.935733,-87.663576,800,800,330,321,451,468,1600,919,651
"727","TA1307000038","Sedgwick St & North Ave",41.911386,-87.638677,1094,1085,373,371,687,692,2179,1379,744
"728","TA1307000039","Clark St & Elm St",41.902973,-87.63128,2226,2180,883,861,1303,1269,4406,2572,1744
"729","TA1307000041","DuSable Lake Shore Dr & Wellington Ave",41.9366884494997,-87.6368290185928,1021,1013,380,378,597,610,2034,1207,758
"730","TA1307000044","Clinton St & 18th St",41.85795,-87.640826,227,224,118,113,106,98,451,204,231
"731","TA1307000048","Fort Dearborn Dr & 31st St",41.838556,-87.608218,453,439,48,50,319,306,892,625,98
"732","TA1307000052","Sheffield Ave & Wellington Ave",41.9362534831413,-87.6526620984077,914,911,355,340,543,554,1825,1097,695
"733","TA1307000061","State St & Pearson St",41.897448,-87.628722,582,584,237,234,330,321,1166,651,471
"734","TA1307000062","Sedgwick St & Huron St",41.894666,-87.638437,917,713,380,302,522,401,1630,923,682
"735","TA1307000064","Lincoln Ave & Diversey Pkwy",41.932225,-87.658617,1105,1085,378,367,716,705,2190,1421,745
"736","TA1307000066","Damen Ave & Coulter St",41.8491853333333,-87.6757125,42,47,29,29,11,16,89,27,58
"737","TA1307000070","Damen Ave & Thomas St (Augusta Blvd)",41.901315,-87.677409,560,429,230,180,319,238,989,557,410
"738","TA1307000107","Sheridan Rd & Montrose Ave",41.96167,-87.65464,843,823,369,355,454,450,1666,904,724
"739","TA1307000111","Franklin St & Lake St",41.885837,-87.6355,1178,1154,544,515,610,615,2332,1225,1059
"740","TA1307000113","Southport Ave & Wrightwood Ave",41.928773,-87.663913,684,743,319,330,357,405,1427,762,649
"741","TA1307000115","Clybourn Ave & Division St",41.904613,-87.640552,425,411,130,129,286,276,836,562,259
"742","TA1307000117","Wabash Ave & Grand Ave",41.891466,-87.626761,1930,1938,764,758,1070,1064,3868,2134,1522
"743","TA1307000119","Clarendon Ave & Leland Ave",41.967968,-87.650001,362,347,149,145,208,187,709,395,294
"744","TA1307000120","Green St & Madison St",41.8818901666667,-87.6487816666667,1537,1675,741,738,766,913,3212,1679,1479
"745","TA1307000121","Halsted St & Polk St",41.87184,-87.64664,845,867,265,261,565,592,1712,1157,526
"746","TA1307000124","Michigan Ave & 14th St",41.864226,-87.6237866666667,749,749,294,293,422,427,1498,849,587
"747","TA1307000126","Sheffield Ave & Waveland Ave",41.949399,-87.654529,1328,1691,600,719,669,879,3019,1548,1319
"748","TA1307000127","Clark St & Grace St",41.95078,-87.659172,914,865,344,326,524,516,1779,1040,670
"749","TA1307000128","Dearborn Pkwy & Delaware Pl",41.898969,-87.629912,1340,1344,528,513,782,800,2684,1582,1041
"750","TA1307000129","State St & 35th St",41.8310363140161,-87.6267975568771,315,363,89,93,217,265,678,482,182
"751","TA1307000130","Morgan St & Polk St",41.871737,-87.65103,889,897,272,265,598,615,1786,1213,537
"752","TA1307000131","Wabash Ave & Wacker Pl",41.886875,-87.62603,754,738,253,233,404,426,1492,830,486
"753","TA1307000134","Wilton Ave & Belmont Ave",41.9401226666667,-87.6530011666667,1689,1636,734,711,915,883,3325,1798,1445
"754","TA1307000136","Clark St & Wellington Ave",41.936525,-87.647622,1071,1063,383,372,666,671,2134,1337,755
"755","TA1307000138","Lincoln Ave & Roscoe St",41.9437911500595,-87.671257853508,505,511,209,204,284,295,1016,579,413
"756","TA1307000139","MLK Jr Dr & 29th St",41.8419943333333,-87.6169475,393,300,113,94,268,201,693,469,207
"757","TA1307000140","Western Ave & Leland Ave",41.966462374,-87.688664556,478,521,274,273,192,226,999,418,547
"758","TA1307000142","Clark St & Drummond Pl",41.931248,-87.644336,1259,1302,450,450,773,810,2561,1583,900
"759","TA1307000143","Sedgwick St & Schiller St",41.907626,-87.638566,312,279,120,117,190,158,591,348,237
"760","TA1307000144","Wolcott (Ravenswood) Ave & Montrose Ave",41.961406,-87.676169,353,335,169,158,169,172,688,341,327
"761","TA1307000149","Ravenswood Ave & Irving Park Rd",41.9546956666667,-87.6738896666667,306,373,129,143,164,223,679,387,272
"762","TA1307000150","Pine Grove Ave & Waveland Ave",41.9494727408833,-87.6464527845383,1004,1029,343,339,627,658,2033,1285,682
"763","TA1307000151","Wells St & Hubbard St",41.889906,-87.634266,1739,1718,751,735,950,951,3457,1901,1486
"764","TA1307000153","Emerald Ave & 28th St",41.84358,-87.645368,180,167,50,52,124,109,347,233,102
"765","TA1307000156","Lincoln Ave & Sunnyside Ave",41.9630045,-87.68494,310,338,144,148,159,183,648,342,292
"766","TA1307000158","Damen Ave & Leland Ave",41.9670851666667,-87.679096,363,327,157,163,194,155,690,349,320
"767","TA1307000159","Paulina St & 18th St",41.857901,-87.668745,303,310,126,128,170,174,613,344,254
"768","TA1307000160","Prairie Ave & Garfield Blvd",41.794853,-87.618691,129,90,23,20,98,62,219,160,43
"769","TA1307000161","Halsted St & 37th St",41.827059,-87.64572,38,48,18,21,18,27,86,45,39
"770","TA1307000163","Clifton Ave & Armitage Ave",41.9181961666667,-87.6570876666667,732,740,291,291,427,433,1472,860,582
"771","TA1307000164","Woodlawn Ave & 55th St",41.795264,-87.596471,704,563,134,115,561,442,1267,1003,249
"772","TA1307000166","Halsted St & Willow St",41.913865,-87.648755,755,719,321,314,430,398,1474,828,635
"773","TA1308000001","Theater on the Lake",41.926277,-87.630834,1481,1465,253,229,1051,1063,2946,2114,482
"774","TA1308000002","Greenwood Ave & 47th St",41.809835,-87.599383,104,99,47,45,52,52,203,104,92
"775","TA1308000005","Leavitt St & North Ave",41.910143,-87.6824293333333,423,424,191,192,221,218,847,439,383
"776","TA1308000006","Damen Ave & Grand Ave",41.8923944529627,-87.6768851280212,436,414,250,230,179,176,850,355,480
"777","TA1308000007","MLK Jr Dr & 47th St",41.809851,-87.616279,35,35,9,6,21,25,70,46,15
"778","TA1308000009","Shore Dr & 55th St",41.795212,-87.580715,761,750,191,188,523,515,1511,1038,379
"779","TA1308000012","Montrose Harbor",41.963982,-87.638181,735,718,198,191,433,433,1453,866,389
"780","TA1308000013","Halsted St & Archer Ave",41.847203,-87.646795,146,146,44,42,95,96,292,191,86
"781","TA1308000014","Normal Ave & Archer Ave",41.849527,-87.640591,111,86,39,34,72,50,197,122,73
"782","TA1308000019","Racine Ave & Belmont Ave",41.9397171666667,-87.6588886666667,779,832,343,348,424,469,1611,893,691
"783","TA1308000021","Winthrop Ave & Lawrence Ave",41.968812,-87.657659,402,418,192,192,210,211,820,421,384
"784","TA1308000022","Pine Grove Ave & Irving Park Rd",41.9545495,-87.648137,823,817,292,291,514,501,1640,1015,583
"785","TA1308000023","Cottage Grove Ave & 43rd St",41.816499,-87.606582,78,71,43,41,33,28,149,61,84
"786","TA1308000026","Wentworth Ave & 24th St (Temp)",41.8500836934758,-87.6321405172348,144,184,30,37,98,128,328,226,67
"787","TA1308000029","Stetson Ave & South Water St",41.88662,-87.6221903333333,1025,773,368,341,607,389,1798,996,709
"788","TA1308000031","Logan Blvd & Elston Ave",41.929469228,-87.684216499,431,475,254,263,165,204,906,369,517
"789","TA1308000035","Lake Park Ave & 47th St",41.809443,-87.591875,120,125,41,40,68,79,245,147,81
"790","TA1308000036","Indiana Ave & 31st St",41.838842,-87.621857,228,208,55,55,164,145,436,309,110
"791","TA1308000038","Cottage Grove Ave & Oakwood Blvd",41.822985,-87.6071,82,88,33,31,44,53,170,97,64
"792","TA1308000043","Halsted St & 35th St",41.830661,-87.647172,154,155,70,70,77,73,309,150,140
"793","TA1308000045","Wallace St & 35th St",41.8307070514409,-87.6412553340197,88,89,17,19,70,70,177,140,36
"794","TA1308000046","Morgan St & 31st St",41.8378,-87.65114,298,309,140,141,154,162,607,316,281
"795","TA1308000047","Southport Ave & Clark St",41.9571383333333,-87.6641838333333,210,188,61,56,138,121,398,259,117
"796","TA1308000049","Wells St & Evergreen Ave",41.9067473333333,-87.6351511666667,1331,1281,563,537,752,719,2612,1471,1100
"797","TA1308000050","Wells St & Concord Ln",41.9119766666667,-87.6349036666667,2268,2291,917,908,1307,1333,4559,2640,1825
"798","TA1309000001","Halsted St & Maxwell St",41.8649088333333,-87.6470541666667,603,597,276,264,305,317,1200,622,540
"799","TA1309000002","Michigan Ave & Jackson Blvd",41.87785,-87.62408,714,625,193,187,425,347,1339,772,380
"800","TA1309000003","Western Ave & 24th St",41.848404169,-87.685109854,79,94,43,45,36,48,173,84,88
"801","TA1309000004","LaSalle St & Jackson Blvd",41.878166,-87.631929,1063,1084,439,437,605,618,2147,1223,876
"802","TA1309000006","Larrabee St & Armitage Ave",41.918084,-87.643749,602,610,214,220,380,377,1212,757,434
"803","TA1309000007","Franklin St & Monroe St",41.879748,-87.634864,965,945,490,477,459,449,1910,908,967
"804","TA1309000008","Franklin St & Adams St (Temp)",41.879434,-87.635504,724,739,322,326,372,379,1463,751,648
"805","TA1309000010","Wabash Ave & 9th St",41.870769,-87.625734,1035,1047,439,435,549,567,2082,1116,874
"806","TA1309000011","Ellis Ave & 58th St",41.788746,-87.601334,706,772,64,65,633,706,1478,1339,129
"807","TA1309000012","Damen Ave & Sunnyside Ave",41.96325,-87.679258,241,232,93,97,140,133,473,273,190
"808","TA1309000014","Clark St & Leland Ave",41.967096,-87.667429,544,546,220,222,313,314,1090,627,442
"809","TA1309000015","Leavitt St & Lawrence Ave",41.968885,-87.684001,155,138,68,60,81,76,293,157,128
"810","TA1309000018","Ravenswood Ave & Berteau Ave",41.9578878333333,-87.6735378333333,325,333,145,152,178,180,658,358,297
"811","TA1309000019","Lakeview Ave & Fullerton Pkwy",41.925858,-87.638973,1293,1238,417,399,818,775,2531,1593,816
"812","TA1309000021","Paulina St & Montrose Ave",41.961519,-87.671379,270,245,105,101,159,138,515,297,206
"813","TA1309000023","Sheffield Ave & Wrightwood Ave",41.9286953333333,-87.6538643333333,999,962,359,339,620,612,1961,1232,698
"814","TA1309000024","Clark St & Schiller St",41.907993,-87.631501,1300,1244,407,398,863,819,2544,1682,805
"815","TA1309000025","Halsted St & Roscoe St",41.94367,-87.64895,1254,1285,598,595,628,659,2539,1287,1193
"816","TA1309000026","Lincoln Ave & Belle Plaine Ave",41.9560035507855,-87.6801614463329,342,378,164,166,170,207,720,377,330
"817","TA1309000027","Sheridan Rd & Buena Ave",41.958494,-87.654966,608,542,234,220,363,315,1150,678,454
"818","TA1309000029","Leavitt St & Armitage Ave",41.917786,-87.682329,310,318,167,165,137,147,628,284,332
"819","TA1309000030","Southport Ave & Clybourn Ave",41.920771,-87.663712,723,775,346,340,354,420,1498,774,686
"820","TA1309000032","Elston Ave & Wabansia Ave",41.9130135,-87.6641031666667,218,226,114,116,101,106,444,207,230
"821","TA1309000033","Sheffield Ave & Webster Ave",41.92154,-87.653818,993,1046,354,362,618,668,2039,1286,716
"822","TA1309000035","Clark St & Winnemac Ave",41.973347640473,-87.6678554713726,855,848,374,364,466,467,1703,933,738
"823","TA1309000036","Burling St & Diversey Pkwy",41.933102012,-87.647742748,846,861,311,312,518,535,1707,1053,623
"824","TA1309000037","Kimbark Ave & 53rd St",41.799568,-87.594747,933,905,221,205,699,683,1838,1382,426
"825","TA1309000039","DuSable Lake Shore Dr & Diversey Pkwy",41.932588,-87.636427,1042,1057,341,341,653,661,2099,1314,682
"826","TA1309000041","Sheridan Rd & Lawrence Ave",41.9695401666667,-87.6548486666667,402,394,169,170,219,215,796,434,339
"827","TA1309000042","Lincoln Ave & Belmont Ave",41.939310431,-87.668080807,652,659,312,307,326,340,1311,666,619
"828","TA1309000043","Southport Ave & Irving Park Rd",41.954177,-87.664358,550,524,214,209,323,307,1074,630,423
"829","TA1309000049","DuSable Lake Shore Dr & Belmont Ave",41.9407365,-87.6391458333333,1104,1120,366,364,662,709,2224,1371,730
"830","TA1309000050","Lincoln Ave & Addison St",41.946176,-87.673308,201,201,94,96,100,102,402,202,190
"831","TA1309000051","Commercial Ave & 83rd St",41.744615,-87.551208,12,12,3,3,7,7,24,14,6
"832","TA1309000053","Cottage Grove Ave & 47th St",41.809855,-87.606755,80,73,28,27,46,43,153,89,55
"833","TA1309000055","Emerald Ave & 31st St",41.838198,-87.645143,417,448,148,148,262,293,865,555,296
"834","TA1309000058","Lincoln Ave & Fullerton Ave",41.9241610290676,-87.6463803648949,1047,1062,403,394,626,647,2109,1273,797
"835","TA1309000059","Racine Ave & Wrightwood Ave",41.928887,-87.658971,521,492,170,159,345,330,1013,675,329
"836","TA1309000061","Halsted St & Wrightwood Ave",41.929143071,-87.64913559,1235,1220,453,445,761,759,2455,1520,898
"837","TA1309000063","Lake Park Ave & 56th St",41.7933165,-87.5878878333333,524,513,101,100,406,400,1037,806,201
"838","TA1309000064","Wolcott Ave & Polk St",41.871330023,-87.673677564,820,763,330,311,487,447,1583,934,641
"839","TA1309000066","Ravenswood Ave & Lawrence Ave",41.969087124,-87.67426312,949,921,506,502,429,410,1870,839,1008
"840","TA1309000067","Cottage Grove Ave & 51st St",41.803038,-87.606615,63,62,17,17,41,36,125,77,34
"841","WL-008","Clinton St & Roosevelt Rd",41.8670818333333,-87.6410476666667,462,518,246,257,200,248,980,448,503
"842","WL-011","Jefferson St & Monroe St",41.8803296336346,-87.6427459716797,509,494,180,177,322,299,1003,621,357
"843","WL-012","Clinton St & Washington Blvd",41.88338,-87.64117,1995,2039,876,884,1102,1135,4034,2237,1760
